	0	1	2	3	4	5	6	7	8	9	10	11	12	13	14	15	16	17	18	19	20	21	22	23	24	25	26	27	28	29	30	31	32	33	34	35	36	37	38	39	40	41	42	43	44	45	46	47	48	49	50	51	52	53	54	55	56	57	58	59	60	61	62	63	64	65	66	67	68	69	70	71	72	73	74	75	76	77	78	79	80	81	82	83	84	85	86	87	88	89	90	91	92	93	94	95	96	97	98	99	100	101	102	103	104	105	106	107	108	109	110	111	112	113	114	115	116	117	118	119	120	121	122	123	124	125	126	127	128	129	130	131	132	133	134	135	136	137	138	139	140	141	142	143	144	145	146	147	148	149
0	2	1	2	1	2	1	2	1	2	1	2	1	1	2	1	1	2	2	1	2	1	2	1	1	2	2	2	1	1	2	1	2	2	1	1	2	1	2	2	1	2	1	1	1	1	2	2	2	2	2	2	2	2	1	1	1	1	2	2	2	1	2	2	1	2	2	2	1	2	1	2	1	1	1	2	1	1	2	1	1	2	1	2	2	2	1	1	2	1	2	2	2	2	2	2	2	1	1	1	1	2	1	1	2	2	1	2	2	2	1	1	1	2	2	2	1	1	2	2	1	2	2	1	2	1	1	1	1	1	1	2	2	1	2	2	1	1	1	1	2	2	2	1	1	2	1	1	1	2	1
1	-1	0	2	2	2	1	0	2	1	2	0	1	0	0	2	0	2	1	0	0	2	1	2	1	1	2	1	2	1	2	1	0	1	1	0	1	2	2	0	1	1	0	1	2	2	0	1	2	1	1	2	1	0	1	0	0	2	0	2	2	2	1	1	1	2	1	1	1	2	1	1	2	1	0	0	1	1	1	2	1	1	2	2	0	1	1	2	0	1	0	0	1	0	2	2	2	1	2	1	0	2	1	1	1	0	2	0	1	1	1	0	2	0	2	2	1	0	0	0	1	0	2	2	1	1	0	2	0	0	1	1	0	2	1	1	0	0	0	0	1	2	2	0	0	2	2	2	2	2	0
2	-1	-1	2	1	1	1	1	0	0	1	2	0	2	2	0	2	0	1	2	1	1	1	0	2	2	2	2	1	0	2	0	1	2	2	1	2	0	2	1	0	1	2	0	1	0	1	0	2	1	1	2	0	0	2	2	2	0	1	1	1	2	0	2	2	1	2	0	2	0	0	0	1	2	2	1	1	1	1	1	0	0	0	0	0	2	2	0	2	0	1	2	1	1	0	1	1	2	0	1	2	2	1	0	0	0	0	2	2	2	0	2	0	2	2	0	1	2	0	1	1	0	1	1	0	1	2	1	1	1	0	0	0	2	2	1	1	1	0	1	0	1	0	2	1	2	2	0	1	1	2
3	-1	-1	-1	0	1	1	1	2	1	1	0	0	1	2	1	2	2	0	0	2	0	2	1	1	2	0	2	2	0	1	0	1	0	0	1	0	2	2	1	2	2	2	2	2	2	0	0	2	2	0	1	0	0	0	0	1	0	2	2	0	0	1	1	2	1	0	2	1	2	1	2	1	0	0	0	0	0	2	2	0	2	1	0	2	0	2	2	0	1	0	0	1	1	0	1	0	0	0	1	0	2	1	0	1	0	2	1	1	0	2	1	0	2	0	1	2	2	2	0	2	2	1	2	1	0	2	0	1	0	0	2	0	1	2	0	2	1	1	0	1	2	2	2	0	0	2	1	1	0	2
4	-1	-1	-1	-1	2	1	1	0	0	2	1	1	2	2	2	0	2	1	2	0	2	0	0	1	2	2	1	0	2	2	2	2	0	2	1	0	1	2	1	2	1	0	1	2	1	0	2	0	1	1	2	0	2	2	0	1	1	2	2	1	1	1	1	0	2	1	2	0	1	1	2	0	0	1	0	0	0	1	2	2	1	2	1	1	2	1	0	2	2	0	1	2	2	2	2	1	0	1	0	1	0	1	2	2	2	2	0	2	0	2	0	2	1	0	1	2	1	2	0	1	0	1	2	2	0	1	1	2	0	0	1	0	2	0	2	2	1	1	2	0	2	1	0	2	1	0	2	2	2	1
5	-1	-1	-1	-1	-1	0	2	2	2	1	0	1	2	1	1	2	1	1	0	2	2	2	0	2	1	1	2	1	2	0	0	0	0	0	1	2	2	2	1	2	2	2	0	0	2	0	0	0	2	1	1	2	2	1	1	0	0	2	1	2	2	2	2	1	0	1	1	0	2	1	1	1	1	2	1	1	1	1	2	2	1	0	0	2	1	0	0	2	1	2	1	0	0	1	0	0	0	0	2	2	2	0	1	1	1	0	0	0	2	1	2	2	1	0	1	1	1	0	0	0	0	2	2	1	2	0	2	1	1	0	1	0	1	1	1	0	1	1	2	1	0	2	1	0	0	2	2	0	1	1
6	-1	-1	-1	-1	-1	-1	0	1	2	1	0	1	0	0	2	1	2	1	0	1	0	0	2	2	2	2	0	1	1	0	0	0	1	0	1	0	1	1	1	2	0	2	1	0	1	1	0	0	0	1	2	0	2	0	2	0	2	0	1	0	1	2	2	0	0	0	2	0	0	2	1	2	2	1	0	2	2	2	1	0	2	0	2	1	2	2	2	2	0	0	1	2	1	0	2	1	0	1	0	0	2	2	0	2	2	2	0	2	0	0	2	1	1	0	0	0	2	0	1	0	2	1	2	1	0	1	1	0	2	1	1	0	1	1	1	0	1	1	1	2	1	0	0	0	2	2	0	0	0	1
7	-1	-1	-1	-1	-1	-1	-1	1	0	1	2	0	0	2	1	2	2	0	1	0	2	1	1	2	1	2	2	0	2	2	0	0	1	1	1	2	1	1	1	0	1	1	1	0	2	0	0	1	2	0	1	0	1	1	1	1	2	2	2	1	0	2	1	2	1	2	1	0	1	1	0	2	1	2	2	0	0	1	0	1	1	1	1	2	2	0	1	0	2	1	0	2	2	2	2	1	0	2	0	2	1	0	2	0	1	2	1	1	2	0	1	0	2	0	2	0	0	2	2	1	0	2	2	2	0	0	0	1	1	2	1	1	0	1	1	1	2	0	1	2	1	0	1	1	2	1	2	2	1	0
8	-1	-1	-1	-1	-1	-1	-1	-1	0	0	1	0	1	0	1	1	2	1	1	2	2	1	1	1	2	1	0	2	0	2	0	1	1	1	0	0	1	2	2	0	2	2	2	1	2	2	1	0	1	0	1	2	1	0	0	0	0	0	2	2	2	2	2	1	2	2	0	2	0	0	2	1	1	0	2	1	2	0	1	1	0	0	2	1	2	1	0	2	1	2	2	1	1	1	1	1	2	2	1	1	1	2	2	2	0	0	2	2	0	1	1	0	1	0	1	0	2	2	1	1	0	0	0	0	2	2	0	0	2	2	0	0	1	2	0	1	0	1	2	2	2	1	1	0	2	0	0	0	2	0
9	-1	-1	-1	-1	-1	-1	-1	-1	-1	1	2	0	0	1	0	2	0	0	2	1	1	2	2	1	2	0	0	1	2	0	2	1	1	0	2	1	2	2	1	2	0	0	2	1	1	2	2	2	1	0	1	1	0	0	0	1	2	0	1	0	0	2	2	1	0	0	1	1	2	2	0	2	0	1	2	2	0	2	0	1	0	2	1	2	0	2	1	2	0	1	0	1	2	0	1	0	0	2	2	1	2	2	2	0	0	0	0	0	2	0	1	0	2	1	1	2	1	2	1	2	0	2	0	1	1	1	0	0	1	2	0	2	2	2	0	1	0	1	0	2	1	0	2	2	1	0	1	0	0	2
10	-1	-1	-1	-1	-1	-1	-1	-1	-1	-1	2	1	0	0	0	2	1	2	2	2	1	0	2	2	2	1	1	1	2	1	1	1	1	1	1	2	2	0	1	2	1	1	0	0	1	2	2	1	2	0	1	0	2	2	0	2	0	1	1	2	0	1	1	0	2	1	2	2	1	0	1	0	0	0	1	0	2	2	0	0	2	1	2	0	2	2	2	2	1	0	2	0	1	2	0	1	1	0	0	2	1	1	0	1	1	2	2	1	0	1	2	2	0	0	1	2	0	0	1	1	1	2	2	1	1	1	2	1	2	2	0	2	2	1	1	2	0	1	0	1	0	0	0	2	1	1	1	0	2	1
11	-1	-1	-1	-1	-1	-1	-1	-1	-1	-1	-1	1	2	0	1	0	2	1	0	2	0	2	2	0	0	1	1	0	1	1	2	0	1	1	1	2	2	1	0	1	1	1	0	2	1	1	0	1	0	1	1	2	1	0	1	1	1	0	0	2	2	0	1	0	1	1	0	2	2	2	0	1	1	0	1	2	0	0	2	1	1	1	2	0	1	0	1	1	0	0	1	1	2	1	1	1	1	2	0	1	2	1	2	0	2	1	1	1	0	0	1	1	1	2	2	0	1	0	1	2	1	0	1	1	2	1	2	2	1	1	0	0	0	0	2	1	1	0	1	2	2	0	0	1	0	1	2	2	2	0
12	-1	-1	-1	-1	-1	-1	-1	-1	-1	-1	-1	-1	0	2	1	2	1	1	2	2	0	1	0	0	1	1	1	0	0	1	2	0	2	1	1	2	1	0	2	0	2	2	0	1	0	0	2	2	1	0	0	2	0	2	1	1	1	1	1	1	2	1	0	0	0	1	1	1	0	2	1	1	2	1	2	1	2	1	2	0	0	0	0	1	0	1	1	1	0	2	0	0	2	0	2	0	0	2	0	2	0	1	2	2	2	0	2	1	1	2	1	0	1	2	2	0	1	2	1	2	1	2	0	0	0	2	0	0	1	2	1	0	1	2	0	0	1	1	0	2	0	2	0	2	2	2	0	1	1	1
13	-1	-1	-1	-1	-1	-1	-1	-1	-1	-1	-1	-1	-1	2	0	0	0	0	1	2	2	0	2	2	1	2	2	1	2	1	2	1	1	1	1	1	2	2	1	2	0	1	1	1	1	0	0	2	0	1	2	2	2	0	1	2	2	2	2	0	2	1	2	1	2	0	1	0	0	0	2	2	1	2	0	2	0	2	2	2	0	2	1	1	2	2	0	0	0	2	2	2	2	1	0	1	0	2	1	2	2	1	1	2	1	0	0	0	2	1	0	0	1	1	2	2	2	1	1	0	0	1	0	1	2	2	0	1	0	2	1	2	1	0	0	1	1	1	2	2	1	0	1	2	2	0	2	2	1	0
14	-1	-1	-1	-1	-1	-1	-1	-1	-1	-1	-1	-1	-1	-1	1	1	2	2	0	0	2	2	2	1	0	1	0	2	0	2	0	2	1	2	1	2	2	2	2	1	2	0	0	2	1	1	1	0	1	0	1	0	1	0	0	2	0	1	0	0	0	0	2	2	0	1	2	0	0	1	1	2	2	1	2	2	2	2	0	1	1	0	1	1	1	2	0	2	0	0	0	0	0	0	0	1	2	2	2	0	2	0	1	2	2	0	0	0	1	0	0	1	1	2	0	1	1	1	2	2	1	2	0	0	2	0	0	2	2	2	0	0	0	2	2	1	2	1	0	1	0	1	2	2	2	1	1	0	0	0
15	-1	-1	-1	-1	-1	-1	-1	-1	-1	-1	-1	-1	-1	-1	-1	1	0	0	0	1	2	0	2	2	0	2	2	0	1	0	0	0	0	2	1	2	1	0	1	0	2	0	2	1	0	0	2	2	0	0	2	1	0	2	0	2	0	1	2	1	2	2	1	2	0	0	2	1	2	0	1	0	2	0	2	2	2	2	2	1	2	1	0	1	2	2	0	1	2	0	0	0	2	0	0	1	1	1	2	1	0	2	0	2	1	0	0	2	1	2	1	1	1	0	0	0	2	2	2	2	1	2	1	1	0	0	1	1	1	1	0	1	1	1	0	1	0	0	0	0	2	2	0	1	2	1	0	2	1	0
16	-1	-1	-1	-1	-1	-1	-1	-1	-1	-1	-1	-1	-1	-1	-1	-1	2	1	1	1	1	2	2	1	2	1	2	1	1	0	0	2	0	2	1	0	0	1	1	1	0	2	1	0	2	1	1	1	0	0	2	2	1	1	1	1	0	2	2	2	2	2	0	2	1	1	1	0	2	0	2	1	0	1	2	0	0	2	0	2	2	1	2	2	0	0	1	2	1	2	0	2	0	2	1	1	0	0	2	1	2	0	2	1	1	0	0	0	2	2	1	2	1	0	2	0	0	2	2	1	0	0	1	1	1	0	0	1	2	2	2	1	1	0	1	0	0	1	1	0	1	1	1	1	2	2	2	2	2	1
17	-1	-1	-1	-1	-1	-1	-1	-1	-1	-1	-1	-1	-1	-1	-1	-1	-1	0	1	2	2	0	2	2	1	0	1	2	0	2	2	2	2	2	2	0	2	2	0	2	2	0	1	0	1	2	1	2	2	1	2	2	0	0	2	0	2	1	1	0	1	1	2	1	1	1	0	2	2	1	1	2	0	2	2	0	1	0	0	1	0	1	2	2	2	2	1	2	1	0	2	1	2	2	0	0	1	0	1	1	1	0	1	2	2	1	1	1	0	1	2	2	1	1	1	1	1	0	2	2	2	2	0	2	2	1	1	2	2	2	0	2	0	1	0	2	2	2	0	1	2	1	0	0	1	2	2	1	2	0
18	-1	-1	-1	-1	-1	-1	-1	-1	-1	-1	-1	-1	-1	-1	-1	-1	-1	-1	2	0	2	0	0	0	2	0	1	1	2	0	1	0	1	1	0	2	2	1	0	0	1	1	2	2	0	2	1	2	2	0	2	1	2	1	1	1	1	1	1	1	2	0	2	0	2	2	1	2	1	1	1	0	0	0	2	1	1	2	1	0	1	2	0	1	1	0	2	2	1	2	1	0	1	2	2	2	0	0	2	0	1	2	0	1	0	2	1	2	0	0	0	1	1	1	1	2	2	1	0	0	2	1	2	2	0	0	1	2	1	2	2	2	2	2	1	0	2	2	1	0	1	2	2	1	1	2	2	2	2	1
19	-1	-1	-1	-1	-1	-1	-1	-1	-1	-1	-1	-1	-1	-1	-1	-1	-1	-1	-1	0	1	0	1	1	2	2	2	2	2	2	0	1	0	2	1	2	1	1	2	0	2	2	2	1	2	0	1	0	2	0	2	1	0	2	1	2	0	2	2	2	0	1	2	0	2	1	1	2	0	1	1	2	1	0	0	0	2	2	0	2	1	2	1	0	1	2	0	2	1	2	0	2	0	2	1	0	1	2	0	0	2	1	2	2	1	0	0	1	2	1	1	1	0	0	0	2	0	1	1	2	2	1	1	2	1	0	2	0	1	1	2	2	0	2	2	0	2	1	0	0	1	2	1	1	1	2	1	0	2	1
20	-1	-1	-1	-1	-1	-1	-1	-1	-1	-1	-1	-1	-1	-1	-1	-1	-1	-1	-1	-1	1	2	2	0	1	0	0	1	1	1	1	2	1	0	1	1	0	1	1	0	1	2	1	1	1	0	1	0	1	1	2	2	1	0	0	2	1	0	0	2	2	0	0	0	0	2	1	2	1	2	2	2	2	0	2	1	2	1	2	0	0	1	2	1	1	1	1	1	2	0	2	2	2	1	1	2	0	0	2	0	2	1	2	2	1	2	2	2	0	2	2	0	2	1	1	1	0	0	2	1	2	1	2	1	1	1	0	0	0	0	1	0	2	0	2	2	1	0	2	2	0	0	0	2	2	1	0	1	1	1
21	-1	-1	-1	-1	-1	-1	-1	-1	-1	-1	-1	-1	-1	-1	-1	-1	-1	-1	-1	-1	-1	0	1	0	2	2	0	2	2	1	1	2	1	2	1	0	2	0	2	1	1	2	1	0	0	0	2	2	0	2	0	1	0	0	2	0	1	0	0	1	2	2	0	2	2	0	1	2	0	0	0	0	2	0	2	2	0	1	2	2	2	0	0	1	1	0	0	0	2	2	2	1	1	2	2	2	1	0	0	2	1	2	1	0	0	2	1	2	0	0	1	1	2	0	0	0	0	2	1	0	0	2	2	2	1	2	2	1	2	0	2	0	0	2	2	0	0	0	1	2	0	2	1	0	0	1	1	2	0	1
22	-1	-1	-1	-1	-1	-1	-1	-1	-1	-1	-1	-1	-1	-1	-1	-1	-1	-1	-1	-1	-1	-1	0	1	2	0	2	0	0	0	2	0	2	2	1	1	1	2	2	1	2	1	1	1	0	1	1	0	0	1	1	0	0	0	1	1	1	2	2	1	0	0	2	0	2	0	0	2	0	2	1	1	0	2	0	0	2	2	0	0	0	0	1	1	0	2	1	0	2	1	1	0	2	1	1	1	0	2	2	2	2	1	1	0	0	0	1	0	2	0	1	0	1	2	0	0	0	0	1	1	0	2	2	2	0	2	0	2	2	1	1	0	0	0	1	1	0	2	0	2	1	0	1	2	2	1	2	2	2	0
23	-1	-1	-1	-1	-1	-1	-1	-1	-1	-1	-1	-1	-1	-1	-1	-1	-1	-1	-1	-1	-1	-1	-1	1	2	2	2	2	0	1	1	2	2	0	2	1	1	0	0	1	0	0	0	2	0	0	1	0	2	0	1	1	2	2	1	2	1	2	0	2	0	0	1	1	2	0	2	2	2	2	2	0	2	2	2	2	2	2	0	0	2	1	2	0	0	2	2	0	2	0	1	2	0	0	2	1	2	0	1	0	2	2	0	0	1	0	2	1	1	2	1	0	0	1	2	2	2	0	0	1	2	1	1	2	1	1	2	0	2	2	2	1	0	1	0	0	0	2	1	0	0	2	0	0	1	1	1	0	0	0
24	-1	-1	-1	-1	-1	-1	-1	-1	-1	-1	-1	-1	-1	-1	-1	-1	-1	-1	-1	-1	-1	-1	-1	-1	2	1	1	2	2	1	1	0	0	2	0	1	0	0	1	2	1	2	0	1	0	1	0	1	0	1	1	1	1	1	1	1	2	2	1	2	2	0	2	1	2	1	2	2	2	2	2	1	0	0	0	2	0	0	1	2	2	2	1	1	0	1	2	2	2	0	0	2	1	0	1	0	1	0	1	0	2	1	0	0	2	2	0	0	0	1	0	0	2	1	2	1	1	1	0	1	0	1	2	2	1	2	2	0	1	1	2	0	1	0	1	0	1	2	1	2	2	1	1	0	1	1	0	2	2	1
25	-1	-1	-1	-1	-1	-1	-1	-1	-1	-1	-1	-1	-1	-1	-1	-1	-1	-1	-1	-1	-1	-1	-1	-1	-1	2	1	2	0	2	0	2	2	0	1	1	0	1	0	1	2	1	1	2	0	1	0	0	1	2	2	1	1	1	0	2	1	0	1	2	0	0	0	2	0	0	0	1	2	1	0	2	2	2	2	2	1	1	2	0	0	1	1	2	2	0	2	2	1	0	2	2	2	0	1	1	0	2	0	1	2	2	1	0	2	1	2	0	1	0	2	1	2	1	1	2	2	2	1	2	0	1	2	1	1	1	1	1	2	1	0	2	0	2	0	2	0	0	0	0	1	0	2	1	1	1	0	0	1	1
26	-1	-1	-1	-1	-1	-1	-1	-1	-1	-1	-1	-1	-1	-1	-1	-1	-1	-1	-1	-1	-1	-1	-1	-1	-1	-1	2	2	0	2	2	1	1	2	0	2	2	1	1	0	0	2	1	1	0	1	0	2	0	1	1	2	2	2	2	1	0	0	0	0	1	1	0	0	2	2	2	2	2	1	2	0	2	1	1	1	2	0	1	1	1	2	2	2	2	1	2	0	2	2	0	0	2	0	0	2	2	1	1	0	0	0	0	0	2	2	1	0	1	0	0	2	2	2	2	1	1	1	1	1	2	0	2	1	0	0	2	0	0	0	0	0	0	2	1	2	2	2	1	1	2	1	2	2	0	2	0	1	1	2
27	-1	-1	-1	-1	-1	-1	-1	-1	-1	-1	-1	-1	-1	-1	-1	-1	-1	-1	-1	-1	-1	-1	-1	-1	-1	-1	-1	0	1	1	0	2	0	1	1	2	1	0	0	0	1	2	1	1	1	0	2	1	0	2	1	2	2	1	1	1	1	1	2	1	0	1	2	1	0	0	2	2	0	0	0	1	2	2	0	0	2	0	0	0	2	2	1	0	2	1	1	2	0	2	2	0	2	0	2	1	2	0	0	1	1	0	2	2	2	0	0	2	1	1	2	1	1	1	1	1	1	1	2	1	1	0	1	1	0	2	0	0	1	1	2	1	0	2	1	0	2	1	1	1	1	0	2	0	1	1	2	2	2	2
28	-1	-1	-1	-1	-1	-1	-1	-1	-1	-1	-1	-1	-1	-1	-1	-1	-1	-1	-1	-1	-1	-1	-1	-1	-1	-1	-1	-1	2	0	1	1	0	0	2	2	2	2	1	0	2	2	2	2	2	0	0	1	0	0	2	1	1	2	2	2	0	2	2	2	1	1	1	2	2	1	1	2	0	1	2	1	2	0	0	1	0	2	1	1	2	2	2	2	2	2	0	0	0	2	0	1	2	1	2	1	2	0	2	0	2	1	0	2	1	2	0	0	1	0	1	2	0	2	1	1	1	1	0	1	1	1	0	2	0	0	2	0	1	0	0	1	2	1	1	2	1	2	0	1	1	0	1	2	2	2	2	0	1	0
29	-1	-1	-1	-1	-1	-1	-1	-1	-1	-1	-1	-1	-1	-1	-1	-1	-1	-1	-1	-1	-1	-1	-1	-1	-1	-1	-1	-1	-1	0	2	0	2	2	1	2	1	0	2	0	0	1	2	0	0	1	1	0	2	0	1	2	0	0	0	2	0	2	1	1	2	1	2	1	2	0	1	0	2	1	1	0	0	0	0	2	0	0	1	0	1	1	2	2	0	0	2	1	0	2	2	1	1	0	1	1	1	2	2	1	0	1	0	0	1	1	1	0	2	0	1	2	0	0	0	1	2	1	1	1	0	2	0	1	0	1	2	2	1	0	2	2	0	1	1	2	2	2	0	2	1	0	1	1	2	2	2	2	1	1
30	-1	-1	-1	-1	-1	-1	-1	-1	-1	-1	-1	-1	-1	-1	-1	-1	-1	-1	-1	-1	-1	-1	-1	-1	-1	-1	-1	-1	-1	-1	2	1	0	0	1	0	2	2	2	1	0	1	2	2	0	1	0	0	2	2	0	1	0	1	0	1	0	1	1	0	1	1	2	0	1	1	0	1	1	0	0	2	1	2	2	1	2	0	0	0	2	2	2	2	0	0	0	2	1	1	0	0	1	2	2	1	2	2	2	1	1	0	0	0	0	0	2	2	2	2	0	1	1	2	1	2	0	1	1	2	0	0	1	1	1	0	0	2	2	1	1	2	2	0	0	0	0	1	0	1	0	0	1	1	2	1	0	2	2	1
31	-1	-1	-1	-1	-1	-1	-1	-1	-1	-1	-1	-1	-1	-1	-1	-1	-1	-1	-1	-1	-1	-1	-1	-1	-1	-1	-1	-1	-1	-1	-1	1	0	1	0	1	2	1	1	2	0	1	1	0	2	0	1	1	1	1	1	1	2	0	2	2	0	1	2	1	0	2	2	0	0	1	0	2	0	2	0	0	2	1	1	0	0	2	2	0	2	1	0	2	1	0	1	0	0	0	0	0	2	2	1	1	0	1	1	2	2	2	0	1	1	0	2	2	0	0	0	2	1	2	1	1	1	0	1	0	1	1	2	0	0	2	2	2	0	2	2	0	0	1	0	2	0	2	2	2	0	1	0	2	2	1	0	0	0	1
32	-1	-1	-1	-1	-1	-1	-1	-1	-1	-1	-1	-1	-1	-1	-1	-1	-1	-1	-1	-1	-1	-1	-1	-1	-1	-1	-1	-1	-1	-1	-1	-1	1	1	2	2	2	1	0	2	2	0	2	2	1	0	0	1	2	0	0	2	1	0	2	1	0	1	2	1	0	2	0	2	1	2	0	0	0	2	1	1	0	1	2	1	2	1	0	1	2	2	0	1	2	1	0	2	2	0	1	2	2	1	0	0	0	0	2	1	2	0	0	0	1	0	0	2	1	1	2	2	2	0	2	1	2	1	2	2	0	1	0	1	1	0	1	0	0	1	2	2	0	0	2	2	1	0	0	1	1	1	1	0	1	1	1	0	1	0
33	-1	-1	-1	-1	-1	-1	-1	-1	-1	-1	-1	-1	-1	-1	-1	-1	-1	-1	-1	-1	-1	-1	-1	-1	-1	-1	-1	-1	-1	-1	-1	-1	-1	1	1	1	2	0	2	0	2	1	2	1	1	0	2	2	1	1	1	0	2	0	2	0	1	0	2	1	1	1	2	1	0	1	0	1	0	1	2	1	1	1	0	0	2	1	2	2	0	2	1	2	0	2	0	1	1	1	0	1	0	2	2	0	1	2	1	0	1	2	1	2	0	1	2	2	2	1	2	1	2	1	2	2	1	2	1	2	2	1	1	1	2	0	2	0	2	2	0	0	2	1	1	0	0	1	0	2	0	2	2	1	0	1	1	1	0	1
34	-1	-1	-1	-1	-1	-1	-1	-1	-1	-1	-1	-1	-1	-1	-1	-1	-1	-1	-1	-1	-1	-1	-1	-1	-1	-1	-1	-1	-1	-1	-1	-1	-1	-1	0	2	0	0	1	2	1	1	1	1	2	1	2	1	1	0	0	0	0	0	2	2	2	1	0	1	1	1	2	0	1	2	2	0	1	0	1	1	0	2	0	0	2	2	1	2	0	1	2	1	1	1	1	1	2	2	2	2	1	1	1	2	1	1	2	1	1	2	2	1	2	0	1	2	0	0	0	2	2	0	0	0	1	1	0	0	2	1	0	1	1	0	2	1	1	0	1	2	2	1	1	2	2	2	2	2	2	2	2	1	2	2	2	1	2	0
35	-1	-1	-1	-1	-1	-1	-1	-1	-1	-1	-1	-1	-1	-1	-1	-1	-1	-1	-1	-1	-1	-1	-1	-1	-1	-1	-1	-1	-1	-1	-1	-1	-1	-1	-1	1	0	1	0	0	2	2	0	0	0	1	0	2	0	2	2	1	1	2	0	1	0	1	1	2	1	1	1	1	1	1	0	2	1	1	0	1	2	0	1	0	0	1	1	1	0	0	0	0	2	2	2	2	1	2	0	2	2	0	0	1	2	2	0	2	2	1	2	1	2	1	1	1	2	0	1	1	2	2	1	0	1	2	0	1	0	0	0	1	0	0	1	2	0	1	2	1	1	2	2	0	2	0	0	1	1	0	2	1	0	2	2	0	2	1
36	-1	-1	-1	-1	-1	-1	-1	-1	-1	-1	-1	-1	-1	-1	-1	-1	-1	-1	-1	-1	-1	-1	-1	-1	-1	-1	-1	-1	-1	-1	-1	-1	-1	-1	-1	-1	2	1	0	1	0	1	0	1	1	0	0	0	0	0	1	0	1	2	0	2	2	1	1	2	0	1	1	2	0	0	2	2	2	0	1	1	1	1	1	0	1	2	2	0	0	0	2	0	2	0	1	2	1	0	2	0	2	1	2	1	0	0	1	1	2	0	0	2	2	0	1	1	1	0	0	1	1	2	1	1	0	0	1	1	2	2	1	2	2	0	0	2	1	0	1	0	0	2	0	2	0	1	0	2	0	0	2	2	2	1	0	0	0	0
37	-1	-1	-1	-1	-1	-1	-1	-1	-1	-1	-1	-1	-1	-1	-1	-1	-1	-1	-1	-1	-1	-1	-1	-1	-1	-1	-1	-1	-1	-1	-1	-1	-1	-1	-1	-1	-1	2	1	0	2	1	2	0	1	0	1	2	0	0	1	2	0	2	0	1	1	1	2	0	0	1	1	0	2	2	0	1	2	2	2	0	1	0	0	1	0	0	1	2	1	2	0	0	1	2	2	2	1	0	1	1	2	0	2	1	0	0	0	2	2	0	2	0	0	1	0	0	2	2	1	0	1	2	0	2	0	1	0	0	0	1	0	0	1	1	2	2	2	2	1	1	2	2	2	1	1	2	2	2	2	0	0	2	2	1	1	1	1	2
38	-1	-1	-1	-1	-1	-1	-1	-1	-1	-1	-1	-1	-1	-1	-1	-1	-1	-1	-1	-1	-1	-1	-1	-1	-1	-1	-1	-1	-1	-1	-1	-1	-1	-1	-1	-1	-1	-1	0	1	0	1	2	2	0	1	1	1	1	2	1	2	2	2	0	0	1	1	2	2	1	1	2	2	2	0	0	1	2	0	2	0	2	2	2	0	0	0	0	2	1	1	1	2	1	0	0	2	0	2	2	0	2	0	1	2	2	1	2	0	2	2	0	2	0	0	0	1	2	1	1	1	2	1	1	0	2	1	1	1	2	0	1	0	1	1	0	0	0	0	0	2	2	1	1	1	2	1	2	0	0	2	2	1	0	0	2	0	2	0
39	-1	-1	-1	-1	-1	-1	-1	-1	-1	-1	-1	-1	-1	-1	-1	-1	-1	-1	-1	-1	-1	-1	-1	-1	-1	-1	-1	-1	-1	-1	-1	-1	-1	-1	-1	-1	-1	-1	-1	1	2	0	0	1	1	1	0	1	0	2	0	1	1	2	2	1	2	2	1	0	0	0	0	1	0	0	0	1	2	1	2	2	1	0	1	0	0	0	1	1	1	2	1	0	1	1	1	2	0	0	0	2	2	1	2	2	1	2	0	0	1	1	1	2	0	1	1	1	0	0	1	0	1	2	1	1	1	0	1	0	1	1	2	0	2	2	2	1	0	1	1	0	1	0	2	1	1	1	2	1	2	1	2	1	0	2	0	0	1	1
40	-1	-1	-1	-1	-1	-1	-1	-1	-1	-1	-1	-1	-1	-1	-1	-1	-1	-1	-1	-1	-1	-1	-1	-1	-1	-1	-1	-1	-1	-1	-1	-1	-1	-1	-1	-1	-1	-1	-1	-1	0	2	0	0	1	0	0	0	1	1	0	2	2	2	1	1	2	0	1	2	0	1	2	2	2	2	2	1	0	2	1	2	2	0	1	1	1	1	2	1	0	2	1	2	0	0	1	2	0	1	0	0	1	1	1	1	2	1	2	2	1	0	2	0	2	2	2	1	1	2	0	1	0	0	0	2	2	2	2	2	0	2	2	1	1	0	2	0	1	0	0	2	0	0	2	0	0	0	1	1	1	0	0	2	1	0	2	1	2	0
41	-1	-1	-1	-1	-1	-1	-1	-1	-1	-1	-1	-1	-1	-1	-1	-1	-1	-1	-1	-1	-1	-1	-1	-1	-1	-1	-1	-1	-1	-1	-1	-1	-1	-1	-1	-1	-1	-1	-1	-1	-1	2	1	1	1	2	2	0	0	2	2	0	0	1	1	1	0	1	1	1	1	2	1	0	1	0	0	1	2	1	1	2	1	2	1	0	0	2	2	2	1	1	2	1	2	1	2	1	1	1	1	2	0	1	2	0	0	0	2	1	0	2	2	2	1	1	1	2	0	1	1	2	2	2	0	1	2	1	0	0	0	1	2	2	1	2	0	0	2	2	1	1	0	1	2	0	0	2	2	1	1	0	2	1	1	2	0	2	0	1
42	-1	-1	-1	-1	-1	-1	-1	-1	-1	-1	-1	-1	-1	-1	-1	-1	-1	-1	-1	-1	-1	-1	-1	-1	-1	-1	-1	-1	-1	-1	-1	-1	-1	-1	-1	-1	-1	-1	-1	-1	-1	-1	2	1	2	1	0	2	1	2	1	2	1	0	2	2	1	0	0	2	0	2	1	2	2	1	2	0	2	0	1	2	0	2	0	2	2	1	1	1	0	2	1	0	2	0	1	2	0	2	2	1	2	0	0	1	1	0	1	1	0	1	1	1	2	1	0	2	2	2	1	2	1	2	0	1	0	2	2	1	0	2	0	2	0	2	0	0	2	0	2	0	1	2	0	1	2	1	1	2	1	1	0	1	1	0	2	0	2	1
43	-1	-1	-1	-1	-1	-1	-1	-1	-1	-1	-1	-1	-1	-1	-1	-1	-1	-1	-1	-1	-1	-1	-1	-1	-1	-1	-1	-1	-1	-1	-1	-1	-1	-1	-1	-1	-1	-1	-1	-1	-1	-1	-1	1	2	1	1	1	1	2	0	0	1	2	0	2	1	0	0	2	0	1	2	1	0	0	2	1	1	0	0	2	2	0	0	2	1	1	0	1	0	0	0	2	2	1	0	0	0	2	1	2	1	2	1	0	0	1	2	2	0	1	1	2	1	2	2	2	0	1	1	2	0	0	0	2	0	2	0	0	0	2	1	2	2	1	1	2	2	0	2	0	0	1	1	2	0	1	2	2	1	1	0	2	1	2	2	1	0	2
44	-1	-1	-1	-1	-1	-1	-1	-1	-1	-1	-1	-1	-1	-1	-1	-1	-1	-1	-1	-1	-1	-1	-1	-1	-1	-1	-1	-1	-1	-1	-1	-1	-1	-1	-1	-1	-1	-1	-1	-1	-1	-1	-1	-1	1	2	0	0	0	1	1	0	2	1	1	2	2	2	0	1	1	0	2	0	0	1	2	2	1	1	1	1	1	1	0	0	2	0	0	0	1	0	1	1	1	0	2	2	2	2	1	1	0	0	0	2	2	0	1	0	1	1	0	1	2	1	1	1	0	1	1	1	2	0	0	0	2	0	2	0	2	0	2	2	2	1	1	1	2	0	1	1	1	1	1	2	2	1	2	0	0	1	0	2	1	2	1	2	1	2
45	-1	-1	-1	-1	-1	-1	-1	-1	-1	-1	-1	-1	-1	-1	-1	-1	-1	-1	-1	-1	-1	-1	-1	-1	-1	-1	-1	-1	-1	-1	-1	-1	-1	-1	-1	-1	-1	-1	-1	-1	-1	-1	-1	-1	-1	1	2	1	1	0	1	1	0	1	2	2	2	0	1	2	2	1	1	2	0	1	0	1	0	1	2	1	0	1	2	0	0	2	0	1	0	0	2	2	0	2	0	2	1	1	2	1	0	1	0	2	1	1	2	1	0	0	2	2	2	1	2	0	2	1	0	0	1	1	1	0	0	2	2	2	2	0	0	0	1	2	2	2	2	0	0	1	0	0	2	1	0	1	1	2	1	0	0	2	2	1	1	0	0	2
46	-1	-1	-1	-1	-1	-1	-1	-1	-1	-1	-1	-1	-1	-1	-1	-1	-1	-1	-1	-1	-1	-1	-1	-1	-1	-1	-1	-1	-1	-1	-1	-1	-1	-1	-1	-1	-1	-1	-1	-1	-1	-1	-1	-1	-1	-1	0	1	2	2	1	1	0	0	2	1	0	0	0	1	0	1	0	0	2	0	1	1	0	0	2	1	2	2	2	1	2	1	0	2	0	2	0	1	1	2	2	2	1	2	0	0	1	1	2	0	1	1	0	1	2	1	1	0	0	1	1	2	0	0	2	1	1	1	1	1	2	0	2	0	0	1	1	2	2	2	1	0	0	2	1	0	0	1	1	2	0	2	1	1	0	0	0	1	1	2	2	2	1	2
47	-1	-1	-1	-1	-1	-1	-1	-1	-1	-1	-1	-1	-1	-1	-1	-1	-1	-1	-1	-1	-1	-1	-1	-1	-1	-1	-1	-1	-1	-1	-1	-1	-1	-1	-1	-1	-1	-1	-1	-1	-1	-1	-1	-1	-1	-1	-1	2	0	1	2	2	1	0	1	0	2	2	1	2	2	0	2	0	0	1	2	1	2	0	2	2	1	1	2	2	1	2	0	0	2	2	0	0	0	1	0	1	0	2	1	0	0	1	1	1	0	2	0	0	2	1	1	1	0	2	1	0	0	2	0	2	1	2	2	1	2	0	2	2	1	0	0	1	1	2	0	0	1	2	0	2	1	2	0	0	1	1	1	1	1	1	1	0	2	0	1	2	1	0
48	-1	-1	-1	-1	-1	-1	-1	-1	-1	-1	-1	-1	-1	-1	-1	-1	-1	-1	-1	-1	-1	-1	-1	-1	-1	-1	-1	-1	-1	-1	-1	-1	-1	-1	-1	-1	-1	-1	-1	-1	-1	-1	-1	-1	-1	-1	-1	-1	0	2	1	2	1	1	0	2	1	1	1	2	0	1	0	2	2	2	0	0	1	0	2	2	1	0	1	2	0	1	0	0	2	1	0	1	2	0	2	0	0	0	1	1	2	1	1	0	0	2	0	0	0	2	2	0	1	1	1	2	1	0	0	2	2	1	0	0	2	2	0	0	1	1	2	2	2	0	1	2	2	1	0	1	2	1	2	1	2	2	1	0	2	1	1	0	1	1	0	0	2	1
49	-1	-1	-1	-1	-1	-1	-1	-1	-1	-1	-1	-1	-1	-1	-1	-1	-1	-1	-1	-1	-1	-1	-1	-1	-1	-1	-1	-1	-1	-1	-1	-1	-1	-1	-1	-1	-1	-1	-1	-1	-1	-1	-1	-1	-1	-1	-1	-1	-1	2	0	2	1	0	1	0	2	1	1	0	2	2	0	2	1	2	1	2	0	1	1	1	2	2	2	2	0	0	0	2	0	0	1	0	2	1	2	0	1	0	0	2	2	0	1	1	2	1	1	2	0	1	1	0	2	2	2	0	1	0	2	2	1	1	0	1	0	0	1	2	0	1	2	1	2	0	1	0	0	2	2	1	2	1	2	1	2	2	2	2	2	1	1	0	0	1	1	2	1	2
50	-1	-1	-1	-1	-1	-1	-1	-1	-1	-1	-1	-1	-1	-1	-1	-1	-1	-1	-1	-1	-1	-1	-1	-1	-1	-1	-1	-1	-1	-1	-1	-1	-1	-1	-1	-1	-1	-1	-1	-1	-1	-1	-1	-1	-1	-1	-1	-1	-1	-1	1	0	2	0	2	1	1	1	1	0	1	2	2	2	2	2	2	2	0	0	2	0	2	2	0	0	0	1	2	1	0	1	2	0	1	2	1	2	2	1	1	1	2	2	1	2	2	2	1	0	0	2	0	1	0	2	2	0	2	0	2	1	0	2	1	1	1	0	0	2	1	2	0	0	0	0	0	0	0	2	2	1	0	1	0	0	1	0	1	0	2	1	1	2	1	2	1	2	1	0
51	-1	-1	-1	-1	-1	-1	-1	-1	-1	-1	-1	-1	-1	-1	-1	-1	-1	-1	-1	-1	-1	-1	-1	-1	-1	-1	-1	-1	-1	-1	-1	-1	-1	-1	-1	-1	-1	-1	-1	-1	-1	-1	-1	-1	-1	-1	-1	-1	-1	-1	-1	1	1	2	0	1	1	2	1	2	1	1	0	2	1	1	2	2	2	0	0	0	2	2	0	0	0	2	0	0	2	1	1	0	0	2	1	0	0	0	1	1	0	0	0	0	1	2	1	2	2	0	2	0	2	0	1	1	2	2	0	1	0	2	1	0	1	1	2	1	0	1	0	2	0	1	2	2	0	0	0	2	2	1	1	1	1	0	2	1	1	0	1	0	0	0	0	0	0	1
52	-1	-1	-1	-1	-1	-1	-1	-1	-1	-1	-1	-1	-1	-1	-1	-1	-1	-1	-1	-1	-1	-1	-1	-1	-1	-1	-1	-1	-1	-1	-1	-1	-1	-1	-1	-1	-1	-1	-1	-1	-1	-1	-1	-1	-1	-1	-1	-1	-1	-1	-1	-1	0	0	2	2	2	2	1	1	1	1	1	1	0	2	1	2	1	1	2	0	0	1	1	1	2	0	0	2	1	2	2	1	0	0	0	2	1	0	0	0	1	2	1	1	1	1	0	1	0	2	2	2	2	2	2	2	1	0	1	1	2	1	0	0	1	2	2	1	1	1	0	0	2	1	2	0	2	2	1	0	1	1	2	2	2	0	2	0	1	1	1	2	2	0	2	0	2	2
53	-1	-1	-1	-1	-1	-1	-1	-1	-1	-1	-1	-1	-1	-1	-1	-1	-1	-1	-1	-1	-1	-1	-1	-1	-1	-1	-1	-1	-1	-1	-1	-1	-1	-1	-1	-1	-1	-1	-1	-1	-1	-1	-1	-1	-1	-1	-1	-1	-1	-1	-1	-1	-1	2	0	0	2	1	2	0	2	0	2	0	1	2	0	2	0	2	2	1	0	2	0	0	1	0	1	0	0	2	2	1	2	1	1	2	2	0	2	0	1	2	2	1	1	1	2	0	2	2	2	2	0	1	1	0	0	2	2	2	2	1	0	1	1	1	1	2	1	0	1	0	2	2	2	1	0	1	2	0	2	2	1	0	2	0	1	1	1	2	0	2	2	1	2	1	1	0
54	-1	-1	-1	-1	-1	-1	-1	-1	-1	-1	-1	-1	-1	-1	-1	-1	-1	-1	-1	-1	-1	-1	-1	-1	-1	-1	-1	-1	-1	-1	-1	-1	-1	-1	-1	-1	-1	-1	-1	-1	-1	-1	-1	-1	-1	-1	-1	-1	-1	-1	-1	-1	-1	-1	1	1	2	0	1	1	0	0	0	0	2	1	1	2	2	1	1	2	0	1	1	2	1	0	1	2	0	2	2	1	2	1	0	1	1	2	2	1	2	1	1	2	1	0	2	1	0	2	1	1	0	2	2	1	2	0	0	0	0	2	2	0	1	2	2	1	0	0	0	1	0	0	1	0	2	0	2	0	2	0	1	1	1	2	2	0	0	0	1	0	1	0	0	2	1	2
55	-1	-1	-1	-1	-1	-1	-1	-1	-1	-1	-1	-1	-1	-1	-1	-1	-1	-1	-1	-1	-1	-1	-1	-1	-1	-1	-1	-1	-1	-1	-1	-1	-1	-1	-1	-1	-1	-1	-1	-1	-1	-1	-1	-1	-1	-1	-1	-1	-1	-1	-1	-1	-1	-1	-1	2	0	2	2	2	0	0	0	1	1	0	1	0	1	0	2	1	0	1	1	2	1	2	2	0	1	1	0	2	0	2	1	2	0	0	0	1	2	2	2	0	2	2	2	2	0	2	0	1	0	0	1	0	1	0	0	2	2	0	2	1	1	2	0	2	0	2	0	0	0	1	0	0	1	0	1	0	0	2	2	0	1	2	0	2	1	0	0	2	0	1	2	1	2	1
56	-1	-1	-1	-1	-1	-1	-1	-1	-1	-1	-1	-1	-1	-1	-1	-1	-1	-1	-1	-1	-1	-1	-1	-1	-1	-1	-1	-1	-1	-1	-1	-1	-1	-1	-1	-1	-1	-1	-1	-1	-1	-1	-1	-1	-1	-1	-1	-1	-1	-1	-1	-1	-1	-1	-1	-1	2	2	0	0	0	2	1	2	2	2	0	0	2	1	2	1	0	0	2	2	2	2	1	1	0	2	1	1	0	2	0	0	2	0	0	0	0	1	2	2	1	1	1	1	0	2	0	0	1	2	2	0	0	2	0	0	0	0	0	2	1	1	0	2	1	1	1	0	2	2	1	2	2	2	0	1	1	1	0	0	0	0	0	1	0	2	0	0	2	0	0	1	2	2
57	-1	-1	-1	-1	-1	-1	-1	-1	-1	-1	-1	-1	-1	-1	-1	-1	-1	-1	-1	-1	-1	-1	-1	-1	-1	-1	-1	-1	-1	-1	-1	-1	-1	-1	-1	-1	-1	-1	-1	-1	-1	-1	-1	-1	-1	-1	-1	-1	-1	-1	-1	-1	-1	-1	-1	-1	-1	2	2	2	2	1	2	2	2	1	2	2	1	1	0	1	1	2	1	2	2	1	2	1	1	2	1	1	0	0	1	1	1	0	2	0	1	2	2	1	0	2	1	2	1	1	2	1	2	0	1	2	2	0	2	2	1	2	1	0	1	2	1	1	0	2	1	0	0	0	2	2	1	1	0	1	1	0	2	1	1	2	0	0	2	2	1	2	0	0	2	1	0	2
58	-1	-1	-1	-1	-1	-1	-1	-1	-1	-1	-1	-1	-1	-1	-1	-1	-1	-1	-1	-1	-1	-1	-1	-1	-1	-1	-1	-1	-1	-1	-1	-1	-1	-1	-1	-1	-1	-1	-1	-1	-1	-1	-1	-1	-1	-1	-1	-1	-1	-1	-1	-1	-1	-1	-1	-1	-1	-1	0	2	2	0	2	2	0	1	1	2	2	0	2	0	0	2	1	2	1	2	1	1	0	1	0	2	1	0	1	2	2	0	0	2	0	2	1	0	2	1	2	0	2	2	2	1	0	1	2	1	1	1	0	1	0	2	1	2	1	0	0	1	1	1	0	2	0	0	0	0	2	2	2	0	1	2	1	2	1	2	2	2	0	1	0	1	1	1	2	1	2	1
59	-1	-1	-1	-1	-1	-1	-1	-1	-1	-1	-1	-1	-1	-1	-1	-1	-1	-1	-1	-1	-1	-1	-1	-1	-1	-1	-1	-1	-1	-1	-1	-1	-1	-1	-1	-1	-1	-1	-1	-1	-1	-1	-1	-1	-1	-1	-1	-1	-1	-1	-1	-1	-1	-1	-1	-1	-1	-1	-1	1	2	2	2	0	1	2	1	0	2	1	2	1	0	1	1	1	0	2	2	2	2	0	2	1	2	1	1	1	1	0	2	2	1	2	1	2	0	0	1	0	0	2	2	2	2	2	0	1	1	1	1	0	2	0	0	1	1	0	0	2	1	0	0	1	0	0	2	0	1	0	2	0	2	1	0	1	0	2	1	1	0	0	1	2	0	2	1	1	0	0
60	-1	-1	-1	-1	-1	-1	-1	-1	-1	-1	-1	-1	-1	-1	-1	-1	-1	-1	-1	-1	-1	-1	-1	-1	-1	-1	-1	-1	-1	-1	-1	-1	-1	-1	-1	-1	-1	-1	-1	-1	-1	-1	-1	-1	-1	-1	-1	-1	-1	-1	-1	-1	-1	-1	-1	-1	-1	-1	-1	-1	0	0	2	0	2	0	0	1	0	0	2	1	0	2	2	2	0	1	2	0	0	0	2	2	1	0	0	2	2	2	0	0	2	0	2	0	0	0	2	0	0	2	0	1	2	2	1	0	0	1	0	1	1	1	1	0	2	0	0	2	0	1	1	0	1	0	1	2	0	0	2	0	1	2	0	0	0	2	2	1	2	1	0	1	0	2	2	0	1	1
61	-1	-1	-1	-1	-1	-1	-1	-1	-1	-1	-1	-1	-1	-1	-1	-1	-1	-1	-1	-1	-1	-1	-1	-1	-1	-1	-1	-1	-1	-1	-1	-1	-1	-1	-1	-1	-1	-1	-1	-1	-1	-1	-1	-1	-1	-1	-1	-1	-1	-1	-1	-1	-1	-1	-1	-1	-1	-1	-1	-1	-1	0	1	0	0	1	0	1	2	0	0	1	2	1	2	1	2	1	0	2	1	2	2	1	2	2	1	0	0	2	2	1	0	0	1	1	1	0	2	0	1	2	1	1	2	2	0	0	2	2	1	1	0	1	2	1	2	2	2	0	1	1	1	2	0	1	0	1	2	2	0	1	0	2	0	1	0	0	2	2	0	2	1	2	0	0	0	1	1	2
62	-1	-1	-1	-1	-1	-1	-1	-1	-1	-1	-1	-1	-1	-1	-1	-1	-1	-1	-1	-1	-1	-1	-1	-1	-1	-1	-1	-1	-1	-1	-1	-1	-1	-1	-1	-1	-1	-1	-1	-1	-1	-1	-1	-1	-1	-1	-1	-1	-1	-1	-1	-1	-1	-1	-1	-1	-1	-1	-1	-1	-1	-1	0	1	1	2	0	2	0	2	0	1	0	1	1	1	1	2	1	1	2	0	1	1	1	1	1	0	2	1	2	0	0	2	1	0	2	2	0	2	1	2	2	1	0	2	2	2	1	2	2	0	2	0	2	2	1	2	0	1	1	1	0	2	2	2	2	1	2	1	0	2	1	1	2	1	0	2	2	1	0	2	2	1	0	1	1	2	0	2
63	-1	-1	-1	-1	-1	-1	-1	-1	-1	-1	-1	-1	-1	-1	-1	-1	-1	-1	-1	-1	-1	-1	-1	-1	-1	-1	-1	-1	-1	-1	-1	-1	-1	-1	-1	-1	-1	-1	-1	-1	-1	-1	-1	-1	-1	-1	-1	-1	-1	-1	-1	-1	-1	-1	-1	-1	-1	-1	-1	-1	-1	-1	-1	0	0	1	1	2	0	0	1	2	2	0	2	2	1	2	0	2	2	1	2	0	0	1	1	1	1	0	1	0	0	0	2	1	0	2	1	2	0	0	0	2	1	0	0	1	1	0	0	1	0	2	1	1	0	0	1	1	1	0	2	0	0	1	2	1	2	1	1	0	0	1	0	0	0	0	1	0	0	0	2	2	1	0	1	2	0	2
64	-1	-1	-1	-1	-1	-1	-1	-1	-1	-1	-1	-1	-1	-1	-1	-1	-1	-1	-1	-1	-1	-1	-1	-1	-1	-1	-1	-1	-1	-1	-1	-1	-1	-1	-1	-1	-1	-1	-1	-1	-1	-1	-1	-1	-1	-1	-1	-1	-1	-1	-1	-1	-1	-1	-1	-1	-1	-1	-1	-1	-1	-1	-1	-1	0	0	1	1	1	0	2	0	1	1	0	1	2	0	0	2	1	2	1	1	0	2	2	2	2	0	0	1	2	2	1	2	1	2	0	1	0	0	2	2	1	2	2	1	2	2	0	1	1	2	0	2	2	2	2	1	0	2	0	2	0	1	1	1	0	0	2	2	2	0	1	1	0	1	1	2	1	1	0	0	0	0	2	1	0	0
65	-1	-1	-1	-1	-1	-1	-1	-1	-1	-1	-1	-1	-1	-1	-1	-1	-1	-1	-1	-1	-1	-1	-1	-1	-1	-1	-1	-1	-1	-1	-1	-1	-1	-1	-1	-1	-1	-1	-1	-1	-1	-1	-1	-1	-1	-1	-1	-1	-1	-1	-1	-1	-1	-1	-1	-1	-1	-1	-1	-1	-1	-1	-1	-1	-1	0	2	2	2	1	2	2	0	2	0	2	1	2	1	1	1	0	1	2	1	1	2	1	1	2	0	1	0	0	0	0	0	1	1	0	0	1	1	1	1	0	2	2	1	0	2	1	2	2	0	0	1	1	0	0	1	2	2	1	0	1	1	0	2	0	2	1	2	0	0	1	2	1	1	1	0	1	0	1	1	1	2	1	0	2
66	-1	-1	-1	-1	-1	-1	-1	-1	-1	-1	-1	-1	-1	-1	-1	-1	-1	-1	-1	-1	-1	-1	-1	-1	-1	-1	-1	-1	-1	-1	-1	-1	-1	-1	-1	-1	-1	-1	-1	-1	-1	-1	-1	-1	-1	-1	-1	-1	-1	-1	-1	-1	-1	-1	-1	-1	-1	-1	-1	-1	-1	-1	-1	-1	-1	-1	0	1	0	0	1	0	1	1	1	1	1	1	1	2	2	1	1	0	0	1	1	1	1	2	1	1	1	1	2	0	0	0	2	0	0	2	0	0	2	0	2	0	0	2	1	0	0	2	1	0	0	1	0	2	1	2	0	0	1	1	1	2	0	1	0	1	1	1	1	2	1	0	2	0	0	2	1	2	0	1	1	1	0	1
67	-1	-1	-1	-1	-1	-1	-1	-1	-1	-1	-1	-1	-1	-1	-1	-1	-1	-1	-1	-1	-1	-1	-1	-1	-1	-1	-1	-1	-1	-1	-1	-1	-1	-1	-1	-1	-1	-1	-1	-1	-1	-1	-1	-1	-1	-1	-1	-1	-1	-1	-1	-1	-1	-1	-1	-1	-1	-1	-1	-1	-1	-1	-1	-1	-1	-1	-1	0	1	0	0	0	0	0	2	2	2	0	2	2	2	2	1	1	1	1	2	2	2	0	0	1	2	0	1	2	1	1	0	1	0	2	1	2	0	0	0	1	2	0	1	0	0	2	2	2	1	2	0	1	1	0	1	1	0	2	1	2	0	2	0	0	0	1	1	1	0	1	1	1	2	1	2	1	0	0	1	1	1	1
68	-1	-1	-1	-1	-1	-1	-1	-1	-1	-1	-1	-1	-1	-1	-1	-1	-1	-1	-1	-1	-1	-1	-1	-1	-1	-1	-1	-1	-1	-1	-1	-1	-1	-1	-1	-1	-1	-1	-1	-1	-1	-1	-1	-1	-1	-1	-1	-1	-1	-1	-1	-1	-1	-1	-1	-1	-1	-1	-1	-1	-1	-1	-1	-1	-1	-1	-1	-1	1	1	2	2	1	1	1	0	1	1	2	1	1	0	2	1	0	2	2	0	1	1	1	0	1	1	2	2	0	2	0	0	2	0	2	0	2	1	0	0	0	1	0	0	1	1	2	0	2	0	1	1	0	2	1	2	2	1	2	2	1	1	2	0	0	1	2	0	2	2	1	0	2	2	2	1	0	0	2	2	0	0
69	-1	-1	-1	-1	-1	-1	-1	-1	-1	-1	-1	-1	-1	-1	-1	-1	-1	-1	-1	-1	-1	-1	-1	-1	-1	-1	-1	-1	-1	-1	-1	-1	-1	-1	-1	-1	-1	-1	-1	-1	-1	-1	-1	-1	-1	-1	-1	-1	-1	-1	-1	-1	-1	-1	-1	-1	-1	-1	-1	-1	-1	-1	-1	-1	-1	-1	-1	-1	-1	1	0	0	1	0	0	1	1	0	2	1	1	1	1	1	2	2	0	2	2	2	2	2	1	1	0	1	1	2	0	1	2	1	1	0	1	0	0	2	0	2	1	0	2	0	2	2	2	0	0	2	2	2	0	1	2	0	0	1	1	0	0	0	2	2	2	2	2	2	2	2	2	1	1	1	2	2	1	1	0	1
70	-1	-1	-1	-1	-1	-1	-1	-1	-1	-1	-1	-1	-1	-1	-1	-1	-1	-1	-1	-1	-1	-1	-1	-1	-1	-1	-1	-1	-1	-1	-1	-1	-1	-1	-1	-1	-1	-1	-1	-1	-1	-1	-1	-1	-1	-1	-1	-1	-1	-1	-1	-1	-1	-1	-1	-1	-1	-1	-1	-1	-1	-1	-1	-1	-1	-1	-1	-1	-1	-1	0	1	2	0	0	1	0	0	1	1	1	0	2	2	0	2	2	0	1	2	2	1	1	0	0	2	0	1	1	2	0	1	0	1	0	1	1	2	2	1	1	1	0	0	1	1	0	2	1	2	2	2	1	0	1	0	0	0	1	1	0	2	0	1	0	1	1	0	1	0	0	2	1	0	1	1	2	2	1	0
71	-1	-1	-1	-1	-1	-1	-1	-1	-1	-1	-1	-1	-1	-1	-1	-1	-1	-1	-1	-1	-1	-1	-1	-1	-1	-1	-1	-1	-1	-1	-1	-1	-1	-1	-1	-1	-1	-1	-1	-1	-1	-1	-1	-1	-1	-1	-1	-1	-1	-1	-1	-1	-1	-1	-1	-1	-1	-1	-1	-1	-1	-1	-1	-1	-1	-1	-1	-1	-1	-1	-1	0	1	1	0	0	1	2	0	2	0	0	0	0	1	1	1	2	2	1	2	2	1	1	0	1	2	0	1	1	1	1	0	1	1	2	2	1	2	2	2	1	1	1	1	2	2	1	2	2	2	0	0	1	2	1	1	1	0	1	2	0	2	0	0	2	0	0	0	0	2	2	1	2	2	1	0	1	1	1
72	-1	-1	-1	-1	-1	-1	-1	-1	-1	-1	-1	-1	-1	-1	-1	-1	-1	-1	-1	-1	-1	-1	-1	-1	-1	-1	-1	-1	-1	-1	-1	-1	-1	-1	-1	-1	-1	-1	-1	-1	-1	-1	-1	-1	-1	-1	-1	-1	-1	-1	-1	-1	-1	-1	-1	-1	-1	-1	-1	-1	-1	-1	-1	-1	-1	-1	-1	-1	-1	-1	-1	-1	2	0	1	2	2	2	2	2	1	1	2	2	0	2	0	0	2	1	2	1	1	1	0	1	1	1	1	1	2	2	2	0	0	1	1	1	1	1	1	1	1	1	0	2	2	2	0	0	1	2	1	0	2	0	0	2	1	2	1	1	1	0	2	1	0	2	2	2	2	0	1	2	2	1	1	2	1	2
73	-1	-1	-1	-1	-1	-1	-1	-1	-1	-1	-1	-1	-1	-1	-1	-1	-1	-1	-1	-1	-1	-1	-1	-1	-1	-1	-1	-1	-1	-1	-1	-1	-1	-1	-1	-1	-1	-1	-1	-1	-1	-1	-1	-1	-1	-1	-1	-1	-1	-1	-1	-1	-1	-1	-1	-1	-1	-1	-1	-1	-1	-1	-1	-1	-1	-1	-1	-1	-1	-1	-1	-1	-1	1	2	0	0	2	1	2	1	1	2	1	1	2	1	0	1	0	0	1	2	1	0	2	0	1	1	1	2	0	2	1	0	1	0	0	1	0	0	2	0	2	2	1	1	2	2	0	2	1	2	0	0	0	2	0	1	0	2	0	1	1	0	1	1	2	1	1	1	2	0	0	1	2	1	2	1	1
74	-1	-1	-1	-1	-1	-1	-1	-1	-1	-1	-1	-1	-1	-1	-1	-1	-1	-1	-1	-1	-1	-1	-1	-1	-1	-1	-1	-1	-1	-1	-1	-1	-1	-1	-1	-1	-1	-1	-1	-1	-1	-1	-1	-1	-1	-1	-1	-1	-1	-1	-1	-1	-1	-1	-1	-1	-1	-1	-1	-1	-1	-1	-1	-1	-1	-1	-1	-1	-1	-1	-1	-1	-1	-1	1	0	1	2	1	2	2	2	2	2	1	2	0	1	2	1	2	0	2	0	2	1	2	2	1	1	1	2	1	1	0	1	0	0	1	2	2	1	1	1	1	0	2	2	0	2	2	0	1	1	1	0	2	2	2	1	1	0	1	2	0	0	1	1	1	2	0	1	0	2	2	0	0	2	1	0
75	-1	-1	-1	-1	-1	-1	-1	-1	-1	-1	-1	-1	-1	-1	-1	-1	-1	-1	-1	-1	-1	-1	-1	-1	-1	-1	-1	-1	-1	-1	-1	-1	-1	-1	-1	-1	-1	-1	-1	-1	-1	-1	-1	-1	-1	-1	-1	-1	-1	-1	-1	-1	-1	-1	-1	-1	-1	-1	-1	-1	-1	-1	-1	-1	-1	-1	-1	-1	-1	-1	-1	-1	-1	-1	-1	1	2	0	1	1	2	0	0	1	2	1	2	2	0	0	0	0	1	0	1	2	1	2	1	0	1	0	2	0	0	1	2	2	1	1	0	1	0	1	2	2	1	2	1	2	1	1	0	1	0	0	1	1	1	0	2	2	0	1	2	0	1	1	0	2	0	2	1	0	2	0	0	2	2	0
76	-1	-1	-1	-1	-1	-1	-1	-1	-1	-1	-1	-1	-1	-1	-1	-1	-1	-1	-1	-1	-1	-1	-1	-1	-1	-1	-1	-1	-1	-1	-1	-1	-1	-1	-1	-1	-1	-1	-1	-1	-1	-1	-1	-1	-1	-1	-1	-1	-1	-1	-1	-1	-1	-1	-1	-1	-1	-1	-1	-1	-1	-1	-1	-1	-1	-1	-1	-1	-1	-1	-1	-1	-1	-1	-1	-1	2	2	2	1	2	2	0	1	2	2	1	1	1	0	1	1	1	0	1	1	0	1	2	2	2	2	2	2	1	1	1	2	2	0	0	1	2	2	2	2	0	2	1	0	2	0	0	0	0	1	0	0	2	2	2	1	2	1	1	1	1	1	1	2	1	1	0	0	0	0	0	1	0	2
77	-1	-1	-1	-1	-1	-1	-1	-1	-1	-1	-1	-1	-1	-1	-1	-1	-1	-1	-1	-1	-1	-1	-1	-1	-1	-1	-1	-1	-1	-1	-1	-1	-1	-1	-1	-1	-1	-1	-1	-1	-1	-1	-1	-1	-1	-1	-1	-1	-1	-1	-1	-1	-1	-1	-1	-1	-1	-1	-1	-1	-1	-1	-1	-1	-1	-1	-1	-1	-1	-1	-1	-1	-1	-1	-1	-1	-1	2	1	2	1	2	2	2	1	1	2	2	1	1	2	0	1	1	0	1	0	1	1	1	0	1	1	2	1	2	1	1	2	1	2	1	0	0	1	2	0	2	1	1	2	1	2	1	1	2	2	0	0	2	1	1	1	1	2	0	0	0	1	1	2	2	0	1	0	0	1	0	2	1
78	-1	-1	-1	-1	-1	-1	-1	-1	-1	-1	-1	-1	-1	-1	-1	-1	-1	-1	-1	-1	-1	-1	-1	-1	-1	-1	-1	-1	-1	-1	-1	-1	-1	-1	-1	-1	-1	-1	-1	-1	-1	-1	-1	-1	-1	-1	-1	-1	-1	-1	-1	-1	-1	-1	-1	-1	-1	-1	-1	-1	-1	-1	-1	-1	-1	-1	-1	-1	-1	-1	-1	-1	-1	-1	-1	-1	-1	-1	2	1	2	2	2	1	1	2	0	0	0	0	0	0	0	1	2	1	1	0	1	2	1	0	0	1	0	1	2	0	1	0	0	0	2	1	0	1	1	1	2	1	2	1	2	0	1	1	0	2	2	1	2	2	2	0	1	1	2	1	1	0	2	2	1	0	2	2	1	0	1	2
79	-1	-1	-1	-1	-1	-1	-1	-1	-1	-1	-1	-1	-1	-1	-1	-1	-1	-1	-1	-1	-1	-1	-1	-1	-1	-1	-1	-1	-1	-1	-1	-1	-1	-1	-1	-1	-1	-1	-1	-1	-1	-1	-1	-1	-1	-1	-1	-1	-1	-1	-1	-1	-1	-1	-1	-1	-1	-1	-1	-1	-1	-1	-1	-1	-1	-1	-1	-1	-1	-1	-1	-1	-1	-1	-1	-1	-1	-1	-1	2	0	0	0	2	2	1	1	1	2	1	1	2	2	1	1	1	0	1	0	0	0	2	2	1	1	1	2	0	2	2	0	2	2	0	2	0	2	2	1	2	0	0	0	0	1	1	0	1	2	1	2	0	0	0	2	2	1	0	0	0	2	2	0	2	0	2	2	1	2	1
80	-1	-1	-1	-1	-1	-1	-1	-1	-1	-1	-1	-1	-1	-1	-1	-1	-1	-1	-1	-1	-1	-1	-1	-1	-1	-1	-1	-1	-1	-1	-1	-1	-1	-1	-1	-1	-1	-1	-1	-1	-1	-1	-1	-1	-1	-1	-1	-1	-1	-1	-1	-1	-1	-1	-1	-1	-1	-1	-1	-1	-1	-1	-1	-1	-1	-1	-1	-1	-1	-1	-1	-1	-1	-1	-1	-1	-1	-1	-1	-1	1	1	1	2	2	2	2	1	0	1	2	2	1	2	0	2	1	2	1	0	2	0	0	2	2	1	2	2	1	2	2	1	1	2	2	1	1	1	2	2	0	0	1	2	1	0	0	0	2	0	0	0	0	0	1	1	2	0	1	0	1	2	1	2	0	2	1	2	1	1
81	-1	-1	-1	-1	-1	-1	-1	-1	-1	-1	-1	-1	-1	-1	-1	-1	-1	-1	-1	-1	-1	-1	-1	-1	-1	-1	-1	-1	-1	-1	-1	-1	-1	-1	-1	-1	-1	-1	-1	-1	-1	-1	-1	-1	-1	-1	-1	-1	-1	-1	-1	-1	-1	-1	-1	-1	-1	-1	-1	-1	-1	-1	-1	-1	-1	-1	-1	-1	-1	-1	-1	-1	-1	-1	-1	-1	-1	-1	-1	-1	-1	0	2	2	1	1	2	1	0	1	0	1	0	0	1	0	0	0	2	0	0	1	2	1	1	0	1	2	0	0	0	0	1	1	0	2	0	0	1	1	1	1	2	1	1	1	1	2	1	2	0	1	2	1	0	1	0	1	0	1	1	1	2	0	2	0	2	1	1	0
82	-1	-1	-1	-1	-1	-1	-1	-1	-1	-1	-1	-1	-1	-1	-1	-1	-1	-1	-1	-1	-1	-1	-1	-1	-1	-1	-1	-1	-1	-1	-1	-1	-1	-1	-1	-1	-1	-1	-1	-1	-1	-1	-1	-1	-1	-1	-1	-1	-1	-1	-1	-1	-1	-1	-1	-1	-1	-1	-1	-1	-1	-1	-1	-1	-1	-1	-1	-1	-1	-1	-1	-1	-1	-1	-1	-1	-1	-1	-1	-1	-1	-1	1	1	1	0	0	1	1	1	1	2	2	1	0	2	0	1	0	0	1	2	1	0	2	1	0	1	0	0	0	2	2	1	2	1	1	0	2	0	1	1	0	2	0	2	1	1	1	0	2	0	0	0	1	1	1	0	0	1	2	2	1	0	2	2	2	2	0	1
83	-1	-1	-1	-1	-1	-1	-1	-1	-1	-1	-1	-1	-1	-1	-1	-1	-1	-1	-1	-1	-1	-1	-1	-1	-1	-1	-1	-1	-1	-1	-1	-1	-1	-1	-1	-1	-1	-1	-1	-1	-1	-1	-1	-1	-1	-1	-1	-1	-1	-1	-1	-1	-1	-1	-1	-1	-1	-1	-1	-1	-1	-1	-1	-1	-1	-1	-1	-1	-1	-1	-1	-1	-1	-1	-1	-1	-1	-1	-1	-1	-1	-1	-1	0	0	0	2	1	1	0	2	0	1	2	1	0	0	0	2	1	1	0	1	0	0	1	2	0	2	1	2	0	1	2	1	0	2	1	1	0	1	2	2	2	2	1	2	1	2	0	2	1	2	2	1	1	1	2	1	0	1	0	2	0	2	1	2	0	1	1
84	-1	-1	-1	-1	-1	-1	-1	-1	-1	-1	-1	-1	-1	-1	-1	-1	-1	-1	-1	-1	-1	-1	-1	-1	-1	-1	-1	-1	-1	-1	-1	-1	-1	-1	-1	-1	-1	-1	-1	-1	-1	-1	-1	-1	-1	-1	-1	-1	-1	-1	-1	-1	-1	-1	-1	-1	-1	-1	-1	-1	-1	-1	-1	-1	-1	-1	-1	-1	-1	-1	-1	-1	-1	-1	-1	-1	-1	-1	-1	-1	-1	-1	-1	-1	1	1	2	2	2	0	0	2	2	1	2	0	1	2	2	2	2	1	2	1	2	1	0	1	0	2	2	1	2	1	1	2	2	1	2	1	2	1	0	1	1	0	1	1	2	2	0	1	2	0	1	2	1	1	1	2	0	2	2	0	0	1	0	1	2	1
85	-1	-1	-1	-1	-1	-1	-1	-1	-1	-1	-1	-1	-1	-1	-1	-1	-1	-1	-1	-1	-1	-1	-1	-1	-1	-1	-1	-1	-1	-1	-1	-1	-1	-1	-1	-1	-1	-1	-1	-1	-1	-1	-1	-1	-1	-1	-1	-1	-1	-1	-1	-1	-1	-1	-1	-1	-1	-1	-1	-1	-1	-1	-1	-1	-1	-1	-1	-1	-1	-1	-1	-1	-1	-1	-1	-1	-1	-1	-1	-1	-1	-1	-1	-1	-1	2	2	0	1	1	2	2	1	1	2	2	0	1	0	1	0	2	2	2	2	0	1	1	1	0	2	1	2	2	0	1	2	1	1	2	2	0	0	1	1	1	0	1	0	2	1	2	1	2	1	2	2	2	0	0	2	0	2	0	0	2	1	2	0	1
86	-1	-1	-1	-1	-1	-1	-1	-1	-1	-1	-1	-1	-1	-1	-1	-1	-1	-1	-1	-1	-1	-1	-1	-1	-1	-1	-1	-1	-1	-1	-1	-1	-1	-1	-1	-1	-1	-1	-1	-1	-1	-1	-1	-1	-1	-1	-1	-1	-1	-1	-1	-1	-1	-1	-1	-1	-1	-1	-1	-1	-1	-1	-1	-1	-1	-1	-1	-1	-1	-1	-1	-1	-1	-1	-1	-1	-1	-1	-1	-1	-1	-1	-1	-1	-1	-1	2	1	0	0	2	0	2	0	1	0	1	1	2	0	0	2	1	1	2	0	1	0	2	0	0	1	0	1	0	1	1	1	0	2	2	1	2	0	0	0	2	1	0	0	1	0	2	0	1	1	1	0	1	0	1	0	0	0	2	2	2	2	2	1
87	-1	-1	-1	-1	-1	-1	-1	-1	-1	-1	-1	-1	-1	-1	-1	-1	-1	-1	-1	-1	-1	-1	-1	-1	-1	-1	-1	-1	-1	-1	-1	-1	-1	-1	-1	-1	-1	-1	-1	-1	-1	-1	-1	-1	-1	-1	-1	-1	-1	-1	-1	-1	-1	-1	-1	-1	-1	-1	-1	-1	-1	-1	-1	-1	-1	-1	-1	-1	-1	-1	-1	-1	-1	-1	-1	-1	-1	-1	-1	-1	-1	-1	-1	-1	-1	-1	-1	0	2	0	2	0	2	1	0	1	1	1	1	2	1	0	1	0	2	0	2	2	1	0	0	2	1	2	2	0	0	1	2	1	1	2	2	2	0	1	0	2	0	0	2	0	2	0	0	1	0	2	1	1	1	1	0	0	1	2	0	0	0	1
88	-1	-1	-1	-1	-1	-1	-1	-1	-1	-1	-1	-1	-1	-1	-1	-1	-1	-1	-1	-1	-1	-1	-1	-1	-1	-1	-1	-1	-1	-1	-1	-1	-1	-1	-1	-1	-1	-1	-1	-1	-1	-1	-1	-1	-1	-1	-1	-1	-1	-1	-1	-1	-1	-1	-1	-1	-1	-1	-1	-1	-1	-1	-1	-1	-1	-1	-1	-1	-1	-1	-1	-1	-1	-1	-1	-1	-1	-1	-1	-1	-1	-1	-1	-1	-1	-1	-1	-1	0	2	1	2	0	0	0	1	0	1	1	1	1	1	2	1	1	0	0	1	0	2	1	1	1	2	1	0	1	1	1	1	2	1	2	1	0	1	1	0	1	0	2	1	2	1	0	0	1	0	1	1	1	1	1	0	0	1	1	1	1	0
89	-1	-1	-1	-1	-1	-1	-1	-1	-1	-1	-1	-1	-1	-1	-1	-1	-1	-1	-1	-1	-1	-1	-1	-1	-1	-1	-1	-1	-1	-1	-1	-1	-1	-1	-1	-1	-1	-1	-1	-1	-1	-1	-1	-1	-1	-1	-1	-1	-1	-1	-1	-1	-1	-1	-1	-1	-1	-1	-1	-1	-1	-1	-1	-1	-1	-1	-1	-1	-1	-1	-1	-1	-1	-1	-1	-1	-1	-1	-1	-1	-1	-1	-1	-1	-1	-1	-1	-1	-1	2	1	1	2	1	2	0	1	1	1	2	2	1	0	2	2	2	0	1	2	1	1	0	2	2	2	1	0	2	2	1	0	0	2	2	0	0	1	1	0	1	1	0	0	2	0	1	2	2	0	2	1	2	2	0	2	2	2	0	0	2
90	-1	-1	-1	-1	-1	-1	-1	-1	-1	-1	-1	-1	-1	-1	-1	-1	-1	-1	-1	-1	-1	-1	-1	-1	-1	-1	-1	-1	-1	-1	-1	-1	-1	-1	-1	-1	-1	-1	-1	-1	-1	-1	-1	-1	-1	-1	-1	-1	-1	-1	-1	-1	-1	-1	-1	-1	-1	-1	-1	-1	-1	-1	-1	-1	-1	-1	-1	-1	-1	-1	-1	-1	-1	-1	-1	-1	-1	-1	-1	-1	-1	-1	-1	-1	-1	-1	-1	-1	-1	-1	0	0	2	0	0	0	0	0	2	2	2	2	0	2	1	1	1	1	0	2	0	2	2	0	2	0	2	1	1	1	0	2	1	1	1	2	0	1	2	1	1	2	2	0	2	0	0	1	2	1	1	2	2	2	1	1	1	2	0	2
91	-1	-1	-1	-1	-1	-1	-1	-1	-1	-1	-1	-1	-1	-1	-1	-1	-1	-1	-1	-1	-1	-1	-1	-1	-1	-1	-1	-1	-1	-1	-1	-1	-1	-1	-1	-1	-1	-1	-1	-1	-1	-1	-1	-1	-1	-1	-1	-1	-1	-1	-1	-1	-1	-1	-1	-1	-1	-1	-1	-1	-1	-1	-1	-1	-1	-1	-1	-1	-1	-1	-1	-1	-1	-1	-1	-1	-1	-1	-1	-1	-1	-1	-1	-1	-1	-1	-1	-1	-1	-1	-1	1	2	2	0	2	2	2	2	0	2	2	2	0	1	0	2	0	0	2	1	2	1	0	2	1	2	1	1	1	1	1	1	1	1	1	0	0	1	1	0	2	0	0	2	2	1	0	1	0	2	1	1	2	2	1	2	0	2	2
92	-1	-1	-1	-1	-1	-1	-1	-1	-1	-1	-1	-1	-1	-1	-1	-1	-1	-1	-1	-1	-1	-1	-1	-1	-1	-1	-1	-1	-1	-1	-1	-1	-1	-1	-1	-1	-1	-1	-1	-1	-1	-1	-1	-1	-1	-1	-1	-1	-1	-1	-1	-1	-1	-1	-1	-1	-1	-1	-1	-1	-1	-1	-1	-1	-1	-1	-1	-1	-1	-1	-1	-1	-1	-1	-1	-1	-1	-1	-1	-1	-1	-1	-1	-1	-1	-1	-1	-1	-1	-1	-1	-1	0	0	1	2	2	0	2	1	0	1	2	1	1	2	0	1	0	0	1	1	0	0	1	1	1	0	0	2	0	0	1	1	2	0	2	1	2	2	0	0	2	2	0	2	2	1	2	2	2	0	0	1	2	2	0	1	1	1
93	-1	-1	-1	-1	-1	-1	-1	-1	-1	-1	-1	-1	-1	-1	-1	-1	-1	-1	-1	-1	-1	-1	-1	-1	-1	-1	-1	-1	-1	-1	-1	-1	-1	-1	-1	-1	-1	-1	-1	-1	-1	-1	-1	-1	-1	-1	-1	-1	-1	-1	-1	-1	-1	-1	-1	-1	-1	-1	-1	-1	-1	-1	-1	-1	-1	-1	-1	-1	-1	-1	-1	-1	-1	-1	-1	-1	-1	-1	-1	-1	-1	-1	-1	-1	-1	-1	-1	-1	-1	-1	-1	-1	-1	2	0	0	1	2	1	0	0	1	1	1	2	2	2	1	0	2	0	0	2	2	2	0	0	2	2	1	1	1	0	2	2	0	1	2	1	1	1	2	2	0	1	0	2	1	0	0	0	0	2	1	1	0	1	1	1	1
94	-1	-1	-1	-1	-1	-1	-1	-1	-1	-1	-1	-1	-1	-1	-1	-1	-1	-1	-1	-1	-1	-1	-1	-1	-1	-1	-1	-1	-1	-1	-1	-1	-1	-1	-1	-1	-1	-1	-1	-1	-1	-1	-1	-1	-1	-1	-1	-1	-1	-1	-1	-1	-1	-1	-1	-1	-1	-1	-1	-1	-1	-1	-1	-1	-1	-1	-1	-1	-1	-1	-1	-1	-1	-1	-1	-1	-1	-1	-1	-1	-1	-1	-1	-1	-1	-1	-1	-1	-1	-1	-1	-1	-1	-1	0	2	0	2	2	1	1	1	1	0	1	1	1	0	1	1	2	0	0	0	0	1	2	2	1	0	0	2	1	0	1	2	0	2	2	2	2	2	0	0	0	0	1	0	1	1	1	0	1	1	2	0	2	1	2	2
95	-1	-1	-1	-1	-1	-1	-1	-1	-1	-1	-1	-1	-1	-1	-1	-1	-1	-1	-1	-1	-1	-1	-1	-1	-1	-1	-1	-1	-1	-1	-1	-1	-1	-1	-1	-1	-1	-1	-1	-1	-1	-1	-1	-1	-1	-1	-1	-1	-1	-1	-1	-1	-1	-1	-1	-1	-1	-1	-1	-1	-1	-1	-1	-1	-1	-1	-1	-1	-1	-1	-1	-1	-1	-1	-1	-1	-1	-1	-1	-1	-1	-1	-1	-1	-1	-1	-1	-1	-1	-1	-1	-1	-1	-1	-1	0	1	0	0	0	0	2	0	1	0	0	0	2	0	0	1	1	0	1	2	2	0	0	1	1	2	1	0	1	0	2	2	1	2	1	1	1	0	0	0	1	2	1	0	1	0	1	2	1	2	0	1	2	2	1
96	-1	-1	-1	-1	-1	-1	-1	-1	-1	-1	-1	-1	-1	-1	-1	-1	-1	-1	-1	-1	-1	-1	-1	-1	-1	-1	-1	-1	-1	-1	-1	-1	-1	-1	-1	-1	-1	-1	-1	-1	-1	-1	-1	-1	-1	-1	-1	-1	-1	-1	-1	-1	-1	-1	-1	-1	-1	-1	-1	-1	-1	-1	-1	-1	-1	-1	-1	-1	-1	-1	-1	-1	-1	-1	-1	-1	-1	-1	-1	-1	-1	-1	-1	-1	-1	-1	-1	-1	-1	-1	-1	-1	-1	-1	-1	-1	2	2	1	2	1	1	2	1	2	0	0	1	1	2	2	0	2	0	0	2	2	1	2	1	1	2	1	2	1	0	2	0	0	1	1	0	1	2	0	2	2	0	2	2	2	2	1	0	0	2	0	2	2	1
97	-1	-1	-1	-1	-1	-1	-1	-1	-1	-1	-1	-1	-1	-1	-1	-1	-1	-1	-1	-1	-1	-1	-1	-1	-1	-1	-1	-1	-1	-1	-1	-1	-1	-1	-1	-1	-1	-1	-1	-1	-1	-1	-1	-1	-1	-1	-1	-1	-1	-1	-1	-1	-1	-1	-1	-1	-1	-1	-1	-1	-1	-1	-1	-1	-1	-1	-1	-1	-1	-1	-1	-1	-1	-1	-1	-1	-1	-1	-1	-1	-1	-1	-1	-1	-1	-1	-1	-1	-1	-1	-1	-1	-1	-1	-1	-1	-1	2	0	0	0	0	0	2	0	1	1	0	1	0	1	2	0	1	1	2	0	2	0	2	1	0	1	0	1	1	1	0	0	0	0	2	1	0	2	1	0	1	1	1	1	2	2	2	2	2	0	1	0	1
98	-1	-1	-1	-1	-1	-1	-1	-1	-1	-1	-1	-1	-1	-1	-1	-1	-1	-1	-1	-1	-1	-1	-1	-1	-1	-1	-1	-1	-1	-1	-1	-1	-1	-1	-1	-1	-1	-1	-1	-1	-1	-1	-1	-1	-1	-1	-1	-1	-1	-1	-1	-1	-1	-1	-1	-1	-1	-1	-1	-1	-1	-1	-1	-1	-1	-1	-1	-1	-1	-1	-1	-1	-1	-1	-1	-1	-1	-1	-1	-1	-1	-1	-1	-1	-1	-1	-1	-1	-1	-1	-1	-1	-1	-1	-1	-1	-1	-1	1	2	0	2	1	2	2	0	0	2	0	2	2	2	2	1	2	0	1	0	1	2	2	0	2	2	2	0	1	2	0	0	2	0	2	1	2	0	2	0	0	1	2	2	2	2	1	0	0	1	0	2
99	-1	-1	-1	-1	-1	-1	-1	-1	-1	-1	-1	-1	-1	-1	-1	-1	-1	-1	-1	-1	-1	-1	-1	-1	-1	-1	-1	-1	-1	-1	-1	-1	-1	-1	-1	-1	-1	-1	-1	-1	-1	-1	-1	-1	-1	-1	-1	-1	-1	-1	-1	-1	-1	-1	-1	-1	-1	-1	-1	-1	-1	-1	-1	-1	-1	-1	-1	-1	-1	-1	-1	-1	-1	-1	-1	-1	-1	-1	-1	-1	-1	-1	-1	-1	-1	-1	-1	-1	-1	-1	-1	-1	-1	-1	-1	-1	-1	-1	-1	2	2	1	2	1	0	2	1	0	0	2	0	1	0	1	2	2	0	2	0	0	1	1	0	2	0	2	0	1	1	0	2	1	1	2	2	1	2	0	2	2	0	2	1	2	0	0	2	2	0	0
100	-1	-1	-1	-1	-1	-1	-1	-1	-1	-1	-1	-1	-1	-1	-1	-1	-1	-1	-1	-1	-1	-1	-1	-1	-1	-1	-1	-1	-1	-1	-1	-1	-1	-1	-1	-1	-1	-1	-1	-1	-1	-1	-1	-1	-1	-1	-1	-1	-1	-1	-1	-1	-1	-1	-1	-1	-1	-1	-1	-1	-1	-1	-1	-1	-1	-1	-1	-1	-1	-1	-1	-1	-1	-1	-1	-1	-1	-1	-1	-1	-1	-1	-1	-1	-1	-1	-1	-1	-1	-1	-1	-1	-1	-1	-1	-1	-1	-1	-1	-1	1	0	0	2	2	1	1	2	2	1	1	1	0	0	1	1	0	0	0	0	0	0	2	1	0	2	2	1	0	1	2	0	1	2	0	1	0	2	0	1	1	0	0	2	2	2	1	2	0	0
101	-1	-1	-1	-1	-1	-1	-1	-1	-1	-1	-1	-1	-1	-1	-1	-1	-1	-1	-1	-1	-1	-1	-1	-1	-1	-1	-1	-1	-1	-1	-1	-1	-1	-1	-1	-1	-1	-1	-1	-1	-1	-1	-1	-1	-1	-1	-1	-1	-1	-1	-1	-1	-1	-1	-1	-1	-1	-1	-1	-1	-1	-1	-1	-1	-1	-1	-1	-1	-1	-1	-1	-1	-1	-1	-1	-1	-1	-1	-1	-1	-1	-1	-1	-1	-1	-1	-1	-1	-1	-1	-1	-1	-1	-1	-1	-1	-1	-1	-1	-1	-1	1	1	0	2	0	2	1	2	1	2	2	0	1	2	2	1	2	0	0	2	2	2	1	1	1	1	1	0	0	1	0	1	1	0	0	2	2	2	0	1	2	1	0	0	2	0	0	1	1
102	-1	-1	-1	-1	-1	-1	-1	-1	-1	-1	-1	-1	-1	-1	-1	-1	-1	-1	-1	-1	-1	-1	-1	-1	-1	-1	-1	-1	-1	-1	-1	-1	-1	-1	-1	-1	-1	-1	-1	-1	-1	-1	-1	-1	-1	-1	-1	-1	-1	-1	-1	-1	-1	-1	-1	-1	-1	-1	-1	-1	-1	-1	-1	-1	-1	-1	-1	-1	-1	-1	-1	-1	-1	-1	-1	-1	-1	-1	-1	-1	-1	-1	-1	-1	-1	-1	-1	-1	-1	-1	-1	-1	-1	-1	-1	-1	-1	-1	-1	-1	-1	-1	0	1	2	0	0	1	0	1	2	1	2	1	0	2	1	0	2	2	2	0	1	1	0	1	1	1	2	0	1	0	2	0	2	2	2	2	0	2	2	2	1	2	1	0	2	1	0	1
103	-1	-1	-1	-1	-1	-1	-1	-1	-1	-1	-1	-1	-1	-1	-1	-1	-1	-1	-1	-1	-1	-1	-1	-1	-1	-1	-1	-1	-1	-1	-1	-1	-1	-1	-1	-1	-1	-1	-1	-1	-1	-1	-1	-1	-1	-1	-1	-1	-1	-1	-1	-1	-1	-1	-1	-1	-1	-1	-1	-1	-1	-1	-1	-1	-1	-1	-1	-1	-1	-1	-1	-1	-1	-1	-1	-1	-1	-1	-1	-1	-1	-1	-1	-1	-1	-1	-1	-1	-1	-1	-1	-1	-1	-1	-1	-1	-1	-1	-1	-1	-1	-1	-1	1	1	0	1	0	0	1	0	1	2	2	0	1	2	1	1	2	2	0	0	2	0	2	0	1	0	1	1	2	1	2	0	0	2	1	2	0	0	1	0	2	0	0	2	2	2	2
104	-1	-1	-1	-1	-1	-1	-1	-1	-1	-1	-1	-1	-1	-1	-1	-1	-1	-1	-1	-1	-1	-1	-1	-1	-1	-1	-1	-1	-1	-1	-1	-1	-1	-1	-1	-1	-1	-1	-1	-1	-1	-1	-1	-1	-1	-1	-1	-1	-1	-1	-1	-1	-1	-1	-1	-1	-1	-1	-1	-1	-1	-1	-1	-1	-1	-1	-1	-1	-1	-1	-1	-1	-1	-1	-1	-1	-1	-1	-1	-1	-1	-1	-1	-1	-1	-1	-1	-1	-1	-1	-1	-1	-1	-1	-1	-1	-1	-1	-1	-1	-1	-1	-1	-1	1	1	2	2	0	1	1	0	2	2	0	1	0	1	1	2	0	1	1	0	1	2	2	1	1	1	2	0	0	1	0	0	2	2	2	0	0	0	1	2	1	2	1	1	2	1
105	-1	-1	-1	-1	-1	-1	-1	-1	-1	-1	-1	-1	-1	-1	-1	-1	-1	-1	-1	-1	-1	-1	-1	-1	-1	-1	-1	-1	-1	-1	-1	-1	-1	-1	-1	-1	-1	-1	-1	-1	-1	-1	-1	-1	-1	-1	-1	-1	-1	-1	-1	-1	-1	-1	-1	-1	-1	-1	-1	-1	-1	-1	-1	-1	-1	-1	-1	-1	-1	-1	-1	-1	-1	-1	-1	-1	-1	-1	-1	-1	-1	-1	-1	-1	-1	-1	-1	-1	-1	-1	-1	-1	-1	-1	-1	-1	-1	-1	-1	-1	-1	-1	-1	-1	-1	1	2	2	0	1	0	2	0	0	2	1	1	0	2	1	1	0	1	1	1	2	2	1	1	2	1	2	2	1	1	2	2	0	0	0	2	2	1	1	1	0	2	1	2	1
106	-1	-1	-1	-1	-1	-1	-1	-1	-1	-1	-1	-1	-1	-1	-1	-1	-1	-1	-1	-1	-1	-1	-1	-1	-1	-1	-1	-1	-1	-1	-1	-1	-1	-1	-1	-1	-1	-1	-1	-1	-1	-1	-1	-1	-1	-1	-1	-1	-1	-1	-1	-1	-1	-1	-1	-1	-1	-1	-1	-1	-1	-1	-1	-1	-1	-1	-1	-1	-1	-1	-1	-1	-1	-1	-1	-1	-1	-1	-1	-1	-1	-1	-1	-1	-1	-1	-1	-1	-1	-1	-1	-1	-1	-1	-1	-1	-1	-1	-1	-1	-1	-1	-1	-1	-1	-1	0	0	1	1	0	1	0	2	1	0	0	2	1	0	2	0	2	1	0	2	2	0	2	0	1	0	1	0	2	2	0	1	0	2	0	2	0	0	1	2	0	0	1	2
107	-1	-1	-1	-1	-1	-1	-1	-1	-1	-1	-1	-1	-1	-1	-1	-1	-1	-1	-1	-1	-1	-1	-1	-1	-1	-1	-1	-1	-1	-1	-1	-1	-1	-1	-1	-1	-1	-1	-1	-1	-1	-1	-1	-1	-1	-1	-1	-1	-1	-1	-1	-1	-1	-1	-1	-1	-1	-1	-1	-1	-1	-1	-1	-1	-1	-1	-1	-1	-1	-1	-1	-1	-1	-1	-1	-1	-1	-1	-1	-1	-1	-1	-1	-1	-1	-1	-1	-1	-1	-1	-1	-1	-1	-1	-1	-1	-1	-1	-1	-1	-1	-1	-1	-1	-1	-1	-1	0	2	1	1	0	0	1	1	0	0	2	1	2	1	1	2	1	2	2	1	1	2	2	1	1	1	0	0	1	2	1	0	0	2	1	0	1	2	2	2	0	2	0
108	-1	-1	-1	-1	-1	-1	-1	-1	-1	-1	-1	-1	-1	-1	-1	-1	-1	-1	-1	-1	-1	-1	-1	-1	-1	-1	-1	-1	-1	-1	-1	-1	-1	-1	-1	-1	-1	-1	-1	-1	-1	-1	-1	-1	-1	-1	-1	-1	-1	-1	-1	-1	-1	-1	-1	-1	-1	-1	-1	-1	-1	-1	-1	-1	-1	-1	-1	-1	-1	-1	-1	-1	-1	-1	-1	-1	-1	-1	-1	-1	-1	-1	-1	-1	-1	-1	-1	-1	-1	-1	-1	-1	-1	-1	-1	-1	-1	-1	-1	-1	-1	-1	-1	-1	-1	-1	-1	-1	1	2	2	0	2	2	1	0	1	0	1	2	0	0	2	1	1	0	2	0	2	0	2	1	1	1	1	2	0	1	2	2	0	1	1	0	2	0	0	2	2	2
109	-1	-1	-1	-1	-1	-1	-1	-1	-1	-1	-1	-1	-1	-1	-1	-1	-1	-1	-1	-1	-1	-1	-1	-1	-1	-1	-1	-1	-1	-1	-1	-1	-1	-1	-1	-1	-1	-1	-1	-1	-1	-1	-1	-1	-1	-1	-1	-1	-1	-1	-1	-1	-1	-1	-1	-1	-1	-1	-1	-1	-1	-1	-1	-1	-1	-1	-1	-1	-1	-1	-1	-1	-1	-1	-1	-1	-1	-1	-1	-1	-1	-1	-1	-1	-1	-1	-1	-1	-1	-1	-1	-1	-1	-1	-1	-1	-1	-1	-1	-1	-1	-1	-1	-1	-1	-1	-1	-1	-1	1	2	2	0	2	2	1	2	0	1	2	1	2	0	2	2	2	2	2	0	2	0	2	2	1	1	2	1	2	1	2	0	1	2	1	2	1	1	2	2	0
110	-1	-1	-1	-1	-1	-1	-1	-1	-1	-1	-1	-1	-1	-1	-1	-1	-1	-1	-1	-1	-1	-1	-1	-1	-1	-1	-1	-1	-1	-1	-1	-1	-1	-1	-1	-1	-1	-1	-1	-1	-1	-1	-1	-1	-1	-1	-1	-1	-1	-1	-1	-1	-1	-1	-1	-1	-1	-1	-1	-1	-1	-1	-1	-1	-1	-1	-1	-1	-1	-1	-1	-1	-1	-1	-1	-1	-1	-1	-1	-1	-1	-1	-1	-1	-1	-1	-1	-1	-1	-1	-1	-1	-1	-1	-1	-1	-1	-1	-1	-1	-1	-1	-1	-1	-1	-1	-1	-1	-1	-1	1	2	2	1	1	0	1	2	2	0	1	2	2	0	0	1	1	1	0	2	0	1	1	0	2	0	0	0	1	0	2	1	0	0	2	0	0	2	0	1
111	-1	-1	-1	-1	-1	-1	-1	-1	-1	-1	-1	-1	-1	-1	-1	-1	-1	-1	-1	-1	-1	-1	-1	-1	-1	-1	-1	-1	-1	-1	-1	-1	-1	-1	-1	-1	-1	-1	-1	-1	-1	-1	-1	-1	-1	-1	-1	-1	-1	-1	-1	-1	-1	-1	-1	-1	-1	-1	-1	-1	-1	-1	-1	-1	-1	-1	-1	-1	-1	-1	-1	-1	-1	-1	-1	-1	-1	-1	-1	-1	-1	-1	-1	-1	-1	-1	-1	-1	-1	-1	-1	-1	-1	-1	-1	-1	-1	-1	-1	-1	-1	-1	-1	-1	-1	-1	-1	-1	-1	-1	-1	2	2	2	1	1	0	1	2	0	1	1	1	2	0	2	1	0	0	1	1	0	0	1	2	1	2	2	2	0	1	2	2	0	0	0	1	0	1	2
112	-1	-1	-1	-1	-1	-1	-1	-1	-1	-1	-1	-1	-1	-1	-1	-1	-1	-1	-1	-1	-1	-1	-1	-1	-1	-1	-1	-1	-1	-1	-1	-1	-1	-1	-1	-1	-1	-1	-1	-1	-1	-1	-1	-1	-1	-1	-1	-1	-1	-1	-1	-1	-1	-1	-1	-1	-1	-1	-1	-1	-1	-1	-1	-1	-1	-1	-1	-1	-1	-1	-1	-1	-1	-1	-1	-1	-1	-1	-1	-1	-1	-1	-1	-1	-1	-1	-1	-1	-1	-1	-1	-1	-1	-1	-1	-1	-1	-1	-1	-1	-1	-1	-1	-1	-1	-1	-1	-1	-1	-1	-1	-1	2	2	1	1	1	1	2	1	0	0	2	2	1	0	2	1	1	1	0	2	0	0	0	1	1	1	2	0	0	2	2	0	1	0	1	2	2	0
113	-1	-1	-1	-1	-1	-1	-1	-1	-1	-1	-1	-1	-1	-1	-1	-1	-1	-1	-1	-1	-1	-1	-1	-1	-1	-1	-1	-1	-1	-1	-1	-1	-1	-1	-1	-1	-1	-1	-1	-1	-1	-1	-1	-1	-1	-1	-1	-1	-1	-1	-1	-1	-1	-1	-1	-1	-1	-1	-1	-1	-1	-1	-1	-1	-1	-1	-1	-1	-1	-1	-1	-1	-1	-1	-1	-1	-1	-1	-1	-1	-1	-1	-1	-1	-1	-1	-1	-1	-1	-1	-1	-1	-1	-1	-1	-1	-1	-1	-1	-1	-1	-1	-1	-1	-1	-1	-1	-1	-1	-1	-1	-1	-1	0	2	1	1	2	2	0	1	1	0	2	2	1	0	1	1	2	2	1	2	2	2	0	2	1	2	0	1	0	2	2	1	0	1	0	0	1
114	-1	-1	-1	-1	-1	-1	-1	-1	-1	-1	-1	-1	-1	-1	-1	-1	-1	-1	-1	-1	-1	-1	-1	-1	-1	-1	-1	-1	-1	-1	-1	-1	-1	-1	-1	-1	-1	-1	-1	-1	-1	-1	-1	-1	-1	-1	-1	-1	-1	-1	-1	-1	-1	-1	-1	-1	-1	-1	-1	-1	-1	-1	-1	-1	-1	-1	-1	-1	-1	-1	-1	-1	-1	-1	-1	-1	-1	-1	-1	-1	-1	-1	-1	-1	-1	-1	-1	-1	-1	-1	-1	-1	-1	-1	-1	-1	-1	-1	-1	-1	-1	-1	-1	-1	-1	-1	-1	-1	-1	-1	-1	-1	-1	-1	1	1	0	0	1	1	2	2	1	1	1	2	2	1	2	0	2	1	2	0	1	1	1	2	1	0	0	1	1	2	1	2	1	0	1	1
115	-1	-1	-1	-1	-1	-1	-1	-1	-1	-1	-1	-1	-1	-1	-1	-1	-1	-1	-1	-1	-1	-1	-1	-1	-1	-1	-1	-1	-1	-1	-1	-1	-1	-1	-1	-1	-1	-1	-1	-1	-1	-1	-1	-1	-1	-1	-1	-1	-1	-1	-1	-1	-1	-1	-1	-1	-1	-1	-1	-1	-1	-1	-1	-1	-1	-1	-1	-1	-1	-1	-1	-1	-1	-1	-1	-1	-1	-1	-1	-1	-1	-1	-1	-1	-1	-1	-1	-1	-1	-1	-1	-1	-1	-1	-1	-1	-1	-1	-1	-1	-1	-1	-1	-1	-1	-1	-1	-1	-1	-1	-1	-1	-1	-1	-1	2	1	1	0	2	1	0	2	1	2	2	2	0	2	0	2	1	2	1	1	2	0	2	2	2	2	1	2	2	0	2	2	1	1	2
116	-1	-1	-1	-1	-1	-1	-1	-1	-1	-1	-1	-1	-1	-1	-1	-1	-1	-1	-1	-1	-1	-1	-1	-1	-1	-1	-1	-1	-1	-1	-1	-1	-1	-1	-1	-1	-1	-1	-1	-1	-1	-1	-1	-1	-1	-1	-1	-1	-1	-1	-1	-1	-1	-1	-1	-1	-1	-1	-1	-1	-1	-1	-1	-1	-1	-1	-1	-1	-1	-1	-1	-1	-1	-1	-1	-1	-1	-1	-1	-1	-1	-1	-1	-1	-1	-1	-1	-1	-1	-1	-1	-1	-1	-1	-1	-1	-1	-1	-1	-1	-1	-1	-1	-1	-1	-1	-1	-1	-1	-1	-1	-1	-1	-1	-1	-1	2	1	0	0	2	0	0	0	2	1	0	2	2	2	1	1	1	2	1	0	2	2	2	1	2	2	0	2	0	2	1	0	1	2
117	-1	-1	-1	-1	-1	-1	-1	-1	-1	-1	-1	-1	-1	-1	-1	-1	-1	-1	-1	-1	-1	-1	-1	-1	-1	-1	-1	-1	-1	-1	-1	-1	-1	-1	-1	-1	-1	-1	-1	-1	-1	-1	-1	-1	-1	-1	-1	-1	-1	-1	-1	-1	-1	-1	-1	-1	-1	-1	-1	-1	-1	-1	-1	-1	-1	-1	-1	-1	-1	-1	-1	-1	-1	-1	-1	-1	-1	-1	-1	-1	-1	-1	-1	-1	-1	-1	-1	-1	-1	-1	-1	-1	-1	-1	-1	-1	-1	-1	-1	-1	-1	-1	-1	-1	-1	-1	-1	-1	-1	-1	-1	-1	-1	-1	-1	-1	-1	1	1	2	2	2	0	2	2	0	0	0	2	1	0	2	1	1	1	1	1	0	2	0	1	1	2	1	2	2	2	2	0	1
118	-1	-1	-1	-1	-1	-1	-1	-1	-1	-1	-1	-1	-1	-1	-1	-1	-1	-1	-1	-1	-1	-1	-1	-1	-1	-1	-1	-1	-1	-1	-1	-1	-1	-1	-1	-1	-1	-1	-1	-1	-1	-1	-1	-1	-1	-1	-1	-1	-1	-1	-1	-1	-1	-1	-1	-1	-1	-1	-1	-1	-1	-1	-1	-1	-1	-1	-1	-1	-1	-1	-1	-1	-1	-1	-1	-1	-1	-1	-1	-1	-1	-1	-1	-1	-1	-1	-1	-1	-1	-1	-1	-1	-1	-1	-1	-1	-1	-1	-1	-1	-1	-1	-1	-1	-1	-1	-1	-1	-1	-1	-1	-1	-1	-1	-1	-1	-1	-1	2	1	0	0	2	0	0	1	0	0	2	0	0	0	0	0	1	0	2	1	1	2	0	0	2	1	1	1	1	1	1	1
119	-1	-1	-1	-1	-1	-1	-1	-1	-1	-1	-1	-1	-1	-1	-1	-1	-1	-1	-1	-1	-1	-1	-1	-1	-1	-1	-1	-1	-1	-1	-1	-1	-1	-1	-1	-1	-1	-1	-1	-1	-1	-1	-1	-1	-1	-1	-1	-1	-1	-1	-1	-1	-1	-1	-1	-1	-1	-1	-1	-1	-1	-1	-1	-1	-1	-1	-1	-1	-1	-1	-1	-1	-1	-1	-1	-1	-1	-1	-1	-1	-1	-1	-1	-1	-1	-1	-1	-1	-1	-1	-1	-1	-1	-1	-1	-1	-1	-1	-1	-1	-1	-1	-1	-1	-1	-1	-1	-1	-1	-1	-1	-1	-1	-1	-1	-1	-1	-1	-1	2	2	1	0	0	0	2	1	2	2	2	0	1	0	2	0	2	0	0	1	0	0	2	2	1	1	1	2	0	0	1
120	-1	-1	-1	-1	-1	-1	-1	-1	-1	-1	-1	-1	-1	-1	-1	-1	-1	-1	-1	-1	-1	-1	-1	-1	-1	-1	-1	-1	-1	-1	-1	-1	-1	-1	-1	-1	-1	-1	-1	-1	-1	-1	-1	-1	-1	-1	-1	-1	-1	-1	-1	-1	-1	-1	-1	-1	-1	-1	-1	-1	-1	-1	-1	-1	-1	-1	-1	-1	-1	-1	-1	-1	-1	-1	-1	-1	-1	-1	-1	-1	-1	-1	-1	-1	-1	-1	-1	-1	-1	-1	-1	-1	-1	-1	-1	-1	-1	-1	-1	-1	-1	-1	-1	-1	-1	-1	-1	-1	-1	-1	-1	-1	-1	-1	-1	-1	-1	-1	-1	-1	1	2	2	1	1	0	1	2	1	1	1	0	0	0	0	2	2	0	1	0	1	1	2	2	1	2	2	2	2	1
121	-1	-1	-1	-1	-1	-1	-1	-1	-1	-1	-1	-1	-1	-1	-1	-1	-1	-1	-1	-1	-1	-1	-1	-1	-1	-1	-1	-1	-1	-1	-1	-1	-1	-1	-1	-1	-1	-1	-1	-1	-1	-1	-1	-1	-1	-1	-1	-1	-1	-1	-1	-1	-1	-1	-1	-1	-1	-1	-1	-1	-1	-1	-1	-1	-1	-1	-1	-1	-1	-1	-1	-1	-1	-1	-1	-1	-1	-1	-1	-1	-1	-1	-1	-1	-1	-1	-1	-1	-1	-1	-1	-1	-1	-1	-1	-1	-1	-1	-1	-1	-1	-1	-1	-1	-1	-1	-1	-1	-1	-1	-1	-1	-1	-1	-1	-1	-1	-1	-1	-1	-1	2	1	0	0	1	0	0	2	1	1	2	2	2	0	2	1	2	1	2	1	0	0	1	2	0	1	1	2	1
122	-1	-1	-1	-1	-1	-1	-1	-1	-1	-1	-1	-1	-1	-1	-1	-1	-1	-1	-1	-1	-1	-1	-1	-1	-1	-1	-1	-1	-1	-1	-1	-1	-1	-1	-1	-1	-1	-1	-1	-1	-1	-1	-1	-1	-1	-1	-1	-1	-1	-1	-1	-1	-1	-1	-1	-1	-1	-1	-1	-1	-1	-1	-1	-1	-1	-1	-1	-1	-1	-1	-1	-1	-1	-1	-1	-1	-1	-1	-1	-1	-1	-1	-1	-1	-1	-1	-1	-1	-1	-1	-1	-1	-1	-1	-1	-1	-1	-1	-1	-1	-1	-1	-1	-1	-1	-1	-1	-1	-1	-1	-1	-1	-1	-1	-1	-1	-1	-1	-1	-1	-1	-1	2	0	0	1	1	2	1	2	1	0	0	2	1	0	2	2	1	2	1	1	1	1	1	1	2	1	0	1
123	-1	-1	-1	-1	-1	-1	-1	-1	-1	-1	-1	-1	-1	-1	-1	-1	-1	-1	-1	-1	-1	-1	-1	-1	-1	-1	-1	-1	-1	-1	-1	-1	-1	-1	-1	-1	-1	-1	-1	-1	-1	-1	-1	-1	-1	-1	-1	-1	-1	-1	-1	-1	-1	-1	-1	-1	-1	-1	-1	-1	-1	-1	-1	-1	-1	-1	-1	-1	-1	-1	-1	-1	-1	-1	-1	-1	-1	-1	-1	-1	-1	-1	-1	-1	-1	-1	-1	-1	-1	-1	-1	-1	-1	-1	-1	-1	-1	-1	-1	-1	-1	-1	-1	-1	-1	-1	-1	-1	-1	-1	-1	-1	-1	-1	-1	-1	-1	-1	-1	-1	-1	-1	-1	2	2	2	0	1	2	2	2	2	1	2	2	2	0	0	1	0	2	2	1	2	2	2	2	1	2	0
124	-1	-1	-1	-1	-1	-1	-1	-1	-1	-1	-1	-1	-1	-1	-1	-1	-1	-1	-1	-1	-1	-1	-1	-1	-1	-1	-1	-1	-1	-1	-1	-1	-1	-1	-1	-1	-1	-1	-1	-1	-1	-1	-1	-1	-1	-1	-1	-1	-1	-1	-1	-1	-1	-1	-1	-1	-1	-1	-1	-1	-1	-1	-1	-1	-1	-1	-1	-1	-1	-1	-1	-1	-1	-1	-1	-1	-1	-1	-1	-1	-1	-1	-1	-1	-1	-1	-1	-1	-1	-1	-1	-1	-1	-1	-1	-1	-1	-1	-1	-1	-1	-1	-1	-1	-1	-1	-1	-1	-1	-1	-1	-1	-1	-1	-1	-1	-1	-1	-1	-1	-1	-1	-1	-1	2	1	0	1	2	2	0	1	0	2	1	1	0	2	1	2	2	2	1	1	1	1	0	0	2	2
125	-1	-1	-1	-1	-1	-1	-1	-1	-1	-1	-1	-1	-1	-1	-1	-1	-1	-1	-1	-1	-1	-1	-1	-1	-1	-1	-1	-1	-1	-1	-1	-1	-1	-1	-1	-1	-1	-1	-1	-1	-1	-1	-1	-1	-1	-1	-1	-1	-1	-1	-1	-1	-1	-1	-1	-1	-1	-1	-1	-1	-1	-1	-1	-1	-1	-1	-1	-1	-1	-1	-1	-1	-1	-1	-1	-1	-1	-1	-1	-1	-1	-1	-1	-1	-1	-1	-1	-1	-1	-1	-1	-1	-1	-1	-1	-1	-1	-1	-1	-1	-1	-1	-1	-1	-1	-1	-1	-1	-1	-1	-1	-1	-1	-1	-1	-1	-1	-1	-1	-1	-1	-1	-1	-1	-1	2	2	1	2	2	1	0	0	2	0	2	0	0	0	0	1	1	1	2	1	1	1	0	1	0
126	-1	-1	-1	-1	-1	-1	-1	-1	-1	-1	-1	-1	-1	-1	-1	-1	-1	-1	-1	-1	-1	-1	-1	-1	-1	-1	-1	-1	-1	-1	-1	-1	-1	-1	-1	-1	-1	-1	-1	-1	-1	-1	-1	-1	-1	-1	-1	-1	-1	-1	-1	-1	-1	-1	-1	-1	-1	-1	-1	-1	-1	-1	-1	-1	-1	-1	-1	-1	-1	-1	-1	-1	-1	-1	-1	-1	-1	-1	-1	-1	-1	-1	-1	-1	-1	-1	-1	-1	-1	-1	-1	-1	-1	-1	-1	-1	-1	-1	-1	-1	-1	-1	-1	-1	-1	-1	-1	-1	-1	-1	-1	-1	-1	-1	-1	-1	-1	-1	-1	-1	-1	-1	-1	-1	-1	-1	1	2	1	1	0	2	2	2	1	0	0	2	2	2	0	2	2	2	0	0	2	0	0	2
127	-1	-1	-1	-1	-1	-1	-1	-1	-1	-1	-1	-1	-1	-1	-1	-1	-1	-1	-1	-1	-1	-1	-1	-1	-1	-1	-1	-1	-1	-1	-1	-1	-1	-1	-1	-1	-1	-1	-1	-1	-1	-1	-1	-1	-1	-1	-1	-1	-1	-1	-1	-1	-1	-1	-1	-1	-1	-1	-1	-1	-1	-1	-1	-1	-1	-1	-1	-1	-1	-1	-1	-1	-1	-1	-1	-1	-1	-1	-1	-1	-1	-1	-1	-1	-1	-1	-1	-1	-1	-1	-1	-1	-1	-1	-1	-1	-1	-1	-1	-1	-1	-1	-1	-1	-1	-1	-1	-1	-1	-1	-1	-1	-1	-1	-1	-1	-1	-1	-1	-1	-1	-1	-1	-1	-1	-1	-1	0	0	2	0	1	0	1	1	2	1	1	1	1	2	0	1	1	1	0	2	0	1	2
128	-1	-1	-1	-1	-1	-1	-1	-1	-1	-1	-1	-1	-1	-1	-1	-1	-1	-1	-1	-1	-1	-1	-1	-1	-1	-1	-1	-1	-1	-1	-1	-1	-1	-1	-1	-1	-1	-1	-1	-1	-1	-1	-1	-1	-1	-1	-1	-1	-1	-1	-1	-1	-1	-1	-1	-1	-1	-1	-1	-1	-1	-1	-1	-1	-1	-1	-1	-1	-1	-1	-1	-1	-1	-1	-1	-1	-1	-1	-1	-1	-1	-1	-1	-1	-1	-1	-1	-1	-1	-1	-1	-1	-1	-1	-1	-1	-1	-1	-1	-1	-1	-1	-1	-1	-1	-1	-1	-1	-1	-1	-1	-1	-1	-1	-1	-1	-1	-1	-1	-1	-1	-1	-1	-1	-1	-1	-1	-1	1	0	1	1	2	1	2	0	1	2	0	1	1	0	1	1	2	1	1	1	1	0
129	-1	-1	-1	-1	-1	-1	-1	-1	-1	-1	-1	-1	-1	-1	-1	-1	-1	-1	-1	-1	-1	-1	-1	-1	-1	-1	-1	-1	-1	-1	-1	-1	-1	-1	-1	-1	-1	-1	-1	-1	-1	-1	-1	-1	-1	-1	-1	-1	-1	-1	-1	-1	-1	-1	-1	-1	-1	-1	-1	-1	-1	-1	-1	-1	-1	-1	-1	-1	-1	-1	-1	-1	-1	-1	-1	-1	-1	-1	-1	-1	-1	-1	-1	-1	-1	-1	-1	-1	-1	-1	-1	-1	-1	-1	-1	-1	-1	-1	-1	-1	-1	-1	-1	-1	-1	-1	-1	-1	-1	-1	-1	-1	-1	-1	-1	-1	-1	-1	-1	-1	-1	-1	-1	-1	-1	-1	-1	-1	-1	2	1	2	0	1	0	0	2	0	0	1	1	1	1	0	2	2	0	0	0	0
130	-1	-1	-1	-1	-1	-1	-1	-1	-1	-1	-1	-1	-1	-1	-1	-1	-1	-1	-1	-1	-1	-1	-1	-1	-1	-1	-1	-1	-1	-1	-1	-1	-1	-1	-1	-1	-1	-1	-1	-1	-1	-1	-1	-1	-1	-1	-1	-1	-1	-1	-1	-1	-1	-1	-1	-1	-1	-1	-1	-1	-1	-1	-1	-1	-1	-1	-1	-1	-1	-1	-1	-1	-1	-1	-1	-1	-1	-1	-1	-1	-1	-1	-1	-1	-1	-1	-1	-1	-1	-1	-1	-1	-1	-1	-1	-1	-1	-1	-1	-1	-1	-1	-1	-1	-1	-1	-1	-1	-1	-1	-1	-1	-1	-1	-1	-1	-1	-1	-1	-1	-1	-1	-1	-1	-1	-1	-1	-1	-1	-1	0	0	2	1	1	2	1	2	1	1	1	1	1	1	2	1	2	0	1	2
131	-1	-1	-1	-1	-1	-1	-1	-1	-1	-1	-1	-1	-1	-1	-1	-1	-1	-1	-1	-1	-1	-1	-1	-1	-1	-1	-1	-1	-1	-1	-1	-1	-1	-1	-1	-1	-1	-1	-1	-1	-1	-1	-1	-1	-1	-1	-1	-1	-1	-1	-1	-1	-1	-1	-1	-1	-1	-1	-1	-1	-1	-1	-1	-1	-1	-1	-1	-1	-1	-1	-1	-1	-1	-1	-1	-1	-1	-1	-1	-1	-1	-1	-1	-1	-1	-1	-1	-1	-1	-1	-1	-1	-1	-1	-1	-1	-1	-1	-1	-1	-1	-1	-1	-1	-1	-1	-1	-1	-1	-1	-1	-1	-1	-1	-1	-1	-1	-1	-1	-1	-1	-1	-1	-1	-1	-1	-1	-1	-1	-1	-1	1	0	2	0	2	2	2	2	0	0	0	0	2	1	1	1	2	1	2
132	-1	-1	-1	-1	-1	-1	-1	-1	-1	-1	-1	-1	-1	-1	-1	-1	-1	-1	-1	-1	-1	-1	-1	-1	-1	-1	-1	-1	-1	-1	-1	-1	-1	-1	-1	-1	-1	-1	-1	-1	-1	-1	-1	-1	-1	-1	-1	-1	-1	-1	-1	-1	-1	-1	-1	-1	-1	-1	-1	-1	-1	-1	-1	-1	-1	-1	-1	-1	-1	-1	-1	-1	-1	-1	-1	-1	-1	-1	-1	-1	-1	-1	-1	-1	-1	-1	-1	-1	-1	-1	-1	-1	-1	-1	-1	-1	-1	-1	-1	-1	-1	-1	-1	-1	-1	-1	-1	-1	-1	-1	-1	-1	-1	-1	-1	-1	-1	-1	-1	-1	-1	-1	-1	-1	-1	-1	-1	-1	-1	-1	-1	-1	2	2	0	2	0	1	1	0	1	0	2	2	1	2	1	0	2	1
133	-1	-1	-1	-1	-1	-1	-1	-1	-1	-1	-1	-1	-1	-1	-1	-1	-1	-1	-1	-1	-1	-1	-1	-1	-1	-1	-1	-1	-1	-1	-1	-1	-1	-1	-1	-1	-1	-1	-1	-1	-1	-1	-1	-1	-1	-1	-1	-1	-1	-1	-1	-1	-1	-1	-1	-1	-1	-1	-1	-1	-1	-1	-1	-1	-1	-1	-1	-1	-1	-1	-1	-1	-1	-1	-1	-1	-1	-1	-1	-1	-1	-1	-1	-1	-1	-1	-1	-1	-1	-1	-1	-1	-1	-1	-1	-1	-1	-1	-1	-1	-1	-1	-1	-1	-1	-1	-1	-1	-1	-1	-1	-1	-1	-1	-1	-1	-1	-1	-1	-1	-1	-1	-1	-1	-1	-1	-1	-1	-1	-1	-1	-1	-1	1	2	1	0	0	0	2	1	2	2	2	0	0	1	2	1	2
134	-1	-1	-1	-1	-1	-1	-1	-1	-1	-1	-1	-1	-1	-1	-1	-1	-1	-1	-1	-1	-1	-1	-1	-1	-1	-1	-1	-1	-1	-1	-1	-1	-1	-1	-1	-1	-1	-1	-1	-1	-1	-1	-1	-1	-1	-1	-1	-1	-1	-1	-1	-1	-1	-1	-1	-1	-1	-1	-1	-1	-1	-1	-1	-1	-1	-1	-1	-1	-1	-1	-1	-1	-1	-1	-1	-1	-1	-1	-1	-1	-1	-1	-1	-1	-1	-1	-1	-1	-1	-1	-1	-1	-1	-1	-1	-1	-1	-1	-1	-1	-1	-1	-1	-1	-1	-1	-1	-1	-1	-1	-1	-1	-1	-1	-1	-1	-1	-1	-1	-1	-1	-1	-1	-1	-1	-1	-1	-1	-1	-1	-1	-1	-1	-1	2	2	1	1	0	0	1	0	2	1	1	2	0	2	0	1
135	-1	-1	-1	-1	-1	-1	-1	-1	-1	-1	-1	-1	-1	-1	-1	-1	-1	-1	-1	-1	-1	-1	-1	-1	-1	-1	-1	-1	-1	-1	-1	-1	-1	-1	-1	-1	-1	-1	-1	-1	-1	-1	-1	-1	-1	-1	-1	-1	-1	-1	-1	-1	-1	-1	-1	-1	-1	-1	-1	-1	-1	-1	-1	-1	-1	-1	-1	-1	-1	-1	-1	-1	-1	-1	-1	-1	-1	-1	-1	-1	-1	-1	-1	-1	-1	-1	-1	-1	-1	-1	-1	-1	-1	-1	-1	-1	-1	-1	-1	-1	-1	-1	-1	-1	-1	-1	-1	-1	-1	-1	-1	-1	-1	-1	-1	-1	-1	-1	-1	-1	-1	-1	-1	-1	-1	-1	-1	-1	-1	-1	-1	-1	-1	-1	-1	2	0	2	0	2	2	1	2	0	1	2	1	2	2	1
136	-1	-1	-1	-1	-1	-1	-1	-1	-1	-1	-1	-1	-1	-1	-1	-1	-1	-1	-1	-1	-1	-1	-1	-1	-1	-1	-1	-1	-1	-1	-1	-1	-1	-1	-1	-1	-1	-1	-1	-1	-1	-1	-1	-1	-1	-1	-1	-1	-1	-1	-1	-1	-1	-1	-1	-1	-1	-1	-1	-1	-1	-1	-1	-1	-1	-1	-1	-1	-1	-1	-1	-1	-1	-1	-1	-1	-1	-1	-1	-1	-1	-1	-1	-1	-1	-1	-1	-1	-1	-1	-1	-1	-1	-1	-1	-1	-1	-1	-1	-1	-1	-1	-1	-1	-1	-1	-1	-1	-1	-1	-1	-1	-1	-1	-1	-1	-1	-1	-1	-1	-1	-1	-1	-1	-1	-1	-1	-1	-1	-1	-1	-1	-1	-1	-1	-1	0	0	2	1	2	0	0	1	2	0	1	1	0	1
137	-1	-1	-1	-1	-1	-1	-1	-1	-1	-1	-1	-1	-1	-1	-1	-1	-1	-1	-1	-1	-1	-1	-1	-1	-1	-1	-1	-1	-1	-1	-1	-1	-1	-1	-1	-1	-1	-1	-1	-1	-1	-1	-1	-1	-1	-1	-1	-1	-1	-1	-1	-1	-1	-1	-1	-1	-1	-1	-1	-1	-1	-1	-1	-1	-1	-1	-1	-1	-1	-1	-1	-1	-1	-1	-1	-1	-1	-1	-1	-1	-1	-1	-1	-1	-1	-1	-1	-1	-1	-1	-1	-1	-1	-1	-1	-1	-1	-1	-1	-1	-1	-1	-1	-1	-1	-1	-1	-1	-1	-1	-1	-1	-1	-1	-1	-1	-1	-1	-1	-1	-1	-1	-1	-1	-1	-1	-1	-1	-1	-1	-1	-1	-1	-1	-1	-1	-1	0	2	2	0	2	0	2	1	2	0	0	1	1
138	-1	-1	-1	-1	-1	-1	-1	-1	-1	-1	-1	-1	-1	-1	-1	-1	-1	-1	-1	-1	-1	-1	-1	-1	-1	-1	-1	-1	-1	-1	-1	-1	-1	-1	-1	-1	-1	-1	-1	-1	-1	-1	-1	-1	-1	-1	-1	-1	-1	-1	-1	-1	-1	-1	-1	-1	-1	-1	-1	-1	-1	-1	-1	-1	-1	-1	-1	-1	-1	-1	-1	-1	-1	-1	-1	-1	-1	-1	-1	-1	-1	-1	-1	-1	-1	-1	-1	-1	-1	-1	-1	-1	-1	-1	-1	-1	-1	-1	-1	-1	-1	-1	-1	-1	-1	-1	-1	-1	-1	-1	-1	-1	-1	-1	-1	-1	-1	-1	-1	-1	-1	-1	-1	-1	-1	-1	-1	-1	-1	-1	-1	-1	-1	-1	-1	-1	-1	-1	2	2	0	2	2	0	2	1	2	1	2	0
139	-1	-1	-1	-1	-1	-1	-1	-1	-1	-1	-1	-1	-1	-1	-1	-1	-1	-1	-1	-1	-1	-1	-1	-1	-1	-1	-1	-1	-1	-1	-1	-1	-1	-1	-1	-1	-1	-1	-1	-1	-1	-1	-1	-1	-1	-1	-1	-1	-1	-1	-1	-1	-1	-1	-1	-1	-1	-1	-1	-1	-1	-1	-1	-1	-1	-1	-1	-1	-1	-1	-1	-1	-1	-1	-1	-1	-1	-1	-1	-1	-1	-1	-1	-1	-1	-1	-1	-1	-1	-1	-1	-1	-1	-1	-1	-1	-1	-1	-1	-1	-1	-1	-1	-1	-1	-1	-1	-1	-1	-1	-1	-1	-1	-1	-1	-1	-1	-1	-1	-1	-1	-1	-1	-1	-1	-1	-1	-1	-1	-1	-1	-1	-1	-1	-1	-1	-1	-1	-1	0	2	2	0	1	2	1	1	1	1	0
140	-1	-1	-1	-1	-1	-1	-1	-1	-1	-1	-1	-1	-1	-1	-1	-1	-1	-1	-1	-1	-1	-1	-1	-1	-1	-1	-1	-1	-1	-1	-1	-1	-1	-1	-1	-1	-1	-1	-1	-1	-1	-1	-1	-1	-1	-1	-1	-1	-1	-1	-1	-1	-1	-1	-1	-1	-1	-1	-1	-1	-1	-1	-1	-1	-1	-1	-1	-1	-1	-1	-1	-1	-1	-1	-1	-1	-1	-1	-1	-1	-1	-1	-1	-1	-1	-1	-1	-1	-1	-1	-1	-1	-1	-1	-1	-1	-1	-1	-1	-1	-1	-1	-1	-1	-1	-1	-1	-1	-1	-1	-1	-1	-1	-1	-1	-1	-1	-1	-1	-1	-1	-1	-1	-1	-1	-1	-1	-1	-1	-1	-1	-1	-1	-1	-1	-1	-1	-1	-1	-1	1	2	1	1	2	1	0	0	0	0
141	-1	-1	-1	-1	-1	-1	-1	-1	-1	-1	-1	-1	-1	-1	-1	-1	-1	-1	-1	-1	-1	-1	-1	-1	-1	-1	-1	-1	-1	-1	-1	-1	-1	-1	-1	-1	-1	-1	-1	-1	-1	-1	-1	-1	-1	-1	-1	-1	-1	-1	-1	-1	-1	-1	-1	-1	-1	-1	-1	-1	-1	-1	-1	-1	-1	-1	-1	-1	-1	-1	-1	-1	-1	-1	-1	-1	-1	-1	-1	-1	-1	-1	-1	-1	-1	-1	-1	-1	-1	-1	-1	-1	-1	-1	-1	-1	-1	-1	-1	-1	-1	-1	-1	-1	-1	-1	-1	-1	-1	-1	-1	-1	-1	-1	-1	-1	-1	-1	-1	-1	-1	-1	-1	-1	-1	-1	-1	-1	-1	-1	-1	-1	-1	-1	-1	-1	-1	-1	-1	-1	-1	1	0	2	0	0	0	0	1	2
142	-1	-1	-1	-1	-1	-1	-1	-1	-1	-1	-1	-1	-1	-1	-1	-1	-1	-1	-1	-1	-1	-1	-1	-1	-1	-1	-1	-1	-1	-1	-1	-1	-1	-1	-1	-1	-1	-1	-1	-1	-1	-1	-1	-1	-1	-1	-1	-1	-1	-1	-1	-1	-1	-1	-1	-1	-1	-1	-1	-1	-1	-1	-1	-1	-1	-1	-1	-1	-1	-1	-1	-1	-1	-1	-1	-1	-1	-1	-1	-1	-1	-1	-1	-1	-1	-1	-1	-1	-1	-1	-1	-1	-1	-1	-1	-1	-1	-1	-1	-1	-1	-1	-1	-1	-1	-1	-1	-1	-1	-1	-1	-1	-1	-1	-1	-1	-1	-1	-1	-1	-1	-1	-1	-1	-1	-1	-1	-1	-1	-1	-1	-1	-1	-1	-1	-1	-1	-1	-1	-1	-1	-1	2	2	2	1	2	0	1	2
143	-1	-1	-1	-1	-1	-1	-1	-1	-1	-1	-1	-1	-1	-1	-1	-1	-1	-1	-1	-1	-1	-1	-1	-1	-1	-1	-1	-1	-1	-1	-1	-1	-1	-1	-1	-1	-1	-1	-1	-1	-1	-1	-1	-1	-1	-1	-1	-1	-1	-1	-1	-1	-1	-1	-1	-1	-1	-1	-1	-1	-1	-1	-1	-1	-1	-1	-1	-1	-1	-1	-1	-1	-1	-1	-1	-1	-1	-1	-1	-1	-1	-1	-1	-1	-1	-1	-1	-1	-1	-1	-1	-1	-1	-1	-1	-1	-1	-1	-1	-1	-1	-1	-1	-1	-1	-1	-1	-1	-1	-1	-1	-1	-1	-1	-1	-1	-1	-1	-1	-1	-1	-1	-1	-1	-1	-1	-1	-1	-1	-1	-1	-1	-1	-1	-1	-1	-1	-1	-1	-1	-1	-1	-1	2	2	2	0	1	0	0
144	-1	-1	-1	-1	-1	-1	-1	-1	-1	-1	-1	-1	-1	-1	-1	-1	-1	-1	-1	-1	-1	-1	-1	-1	-1	-1	-1	-1	-1	-1	-1	-1	-1	-1	-1	-1	-1	-1	-1	-1	-1	-1	-1	-1	-1	-1	-1	-1	-1	-1	-1	-1	-1	-1	-1	-1	-1	-1	-1	-1	-1	-1	-1	-1	-1	-1	-1	-1	-1	-1	-1	-1	-1	-1	-1	-1	-1	-1	-1	-1	-1	-1	-1	-1	-1	-1	-1	-1	-1	-1	-1	-1	-1	-1	-1	-1	-1	-1	-1	-1	-1	-1	-1	-1	-1	-1	-1	-1	-1	-1	-1	-1	-1	-1	-1	-1	-1	-1	-1	-1	-1	-1	-1	-1	-1	-1	-1	-1	-1	-1	-1	-1	-1	-1	-1	-1	-1	-1	-1	-1	-1	-1	-1	-1	0	2	1	2	1	2
145	-1	-1	-1	-1	-1	-1	-1	-1	-1	-1	-1	-1	-1	-1	-1	-1	-1	-1	-1	-1	-1	-1	-1	-1	-1	-1	-1	-1	-1	-1	-1	-1	-1	-1	-1	-1	-1	-1	-1	-1	-1	-1	-1	-1	-1	-1	-1	-1	-1	-1	-1	-1	-1	-1	-1	-1	-1	-1	-1	-1	-1	-1	-1	-1	-1	-1	-1	-1	-1	-1	-1	-1	-1	-1	-1	-1	-1	-1	-1	-1	-1	-1	-1	-1	-1	-1	-1	-1	-1	-1	-1	-1	-1	-1	-1	-1	-1	-1	-1	-1	-1	-1	-1	-1	-1	-1	-1	-1	-1	-1	-1	-1	-1	-1	-1	-1	-1	-1	-1	-1	-1	-1	-1	-1	-1	-1	-1	-1	-1	-1	-1	-1	-1	-1	-1	-1	-1	-1	-1	-1	-1	-1	-1	-1	-1	2	0	2	1	1
146	-1	-1	-1	-1	-1	-1	-1	-1	-1	-1	-1	-1	-1	-1	-1	-1	-1	-1	-1	-1	-1	-1	-1	-1	-1	-1	-1	-1	-1	-1	-1	-1	-1	-1	-1	-1	-1	-1	-1	-1	-1	-1	-1	-1	-1	-1	-1	-1	-1	-1	-1	-1	-1	-1	-1	-1	-1	-1	-1	-1	-1	-1	-1	-1	-1	-1	-1	-1	-1	-1	-1	-1	-1	-1	-1	-1	-1	-1	-1	-1	-1	-1	-1	-1	-1	-1	-1	-1	-1	-1	-1	-1	-1	-1	-1	-1	-1	-1	-1	-1	-1	-1	-1	-1	-1	-1	-1	-1	-1	-1	-1	-1	-1	-1	-1	-1	-1	-1	-1	-1	-1	-1	-1	-1	-1	-1	-1	-1	-1	-1	-1	-1	-1	-1	-1	-1	-1	-1	-1	-1	-1	-1	-1	-1	-1	-1	1	0	2	2
147	-1	-1	-1	-1	-1	-1	-1	-1	-1	-1	-1	-1	-1	-1	-1	-1	-1	-1	-1	-1	-1	-1	-1	-1	-1	-1	-1	-1	-1	-1	-1	-1	-1	-1	-1	-1	-1	-1	-1	-1	-1	-1	-1	-1	-1	-1	-1	-1	-1	-1	-1	-1	-1	-1	-1	-1	-1	-1	-1	-1	-1	-1	-1	-1	-1	-1	-1	-1	-1	-1	-1	-1	-1	-1	-1	-1	-1	-1	-1	-1	-1	-1	-1	-1	-1	-1	-1	-1	-1	-1	-1	-1	-1	-1	-1	-1	-1	-1	-1	-1	-1	-1	-1	-1	-1	-1	-1	-1	-1	-1	-1	-1	-1	-1	-1	-1	-1	-1	-1	-1	-1	-1	-1	-1	-1	-1	-1	-1	-1	-1	-1	-1	-1	-1	-1	-1	-1	-1	-1	-1	-1	-1	-1	-1	-1	-1	-1	0	2	0
148	-1	-1	-1	-1	-1	-1	-1	-1	-1	-1	-1	-1	-1	-1	-1	-1	-1	-1	-1	-1	-1	-1	-1	-1	-1	-1	-1	-1	-1	-1	-1	-1	-1	-1	-1	-1	-1	-1	-1	-1	-1	-1	-1	-1	-1	-1	-1	-1	-1	-1	-1	-1	-1	-1	-1	-1	-1	-1	-1	-1	-1	-1	-1	-1	-1	-1	-1	-1	-1	-1	-1	-1	-1	-1	-1	-1	-1	-1	-1	-1	-1	-1	-1	-1	-1	-1	-1	-1	-1	-1	-1	-1	-1	-1	-1	-1	-1	-1	-1	-1	-1	-1	-1	-1	-1	-1	-1	-1	-1	-1	-1	-1	-1	-1	-1	-1	-1	-1	-1	-1	-1	-1	-1	-1	-1	-1	-1	-1	-1	-1	-1	-1	-1	-1	-1	-1	-1	-1	-1	-1	-1	-1	-1	-1	-1	-1	-1	-1	1	1
149	-1	-1	-1	-1	-1	-1	-1	-1	-1	-1	-1	-1	-1	-1	-1	-1	-1	-1	-1	-1	-1	-1	-1	-1	-1	-1	-1	-1	-1	-1	-1	-1	-1	-1	-1	-1	-1	-1	-1	-1	-1	-1	-1	-1	-1	-1	-1	-1	-1	-1	-1	-1	-1	-1	-1	-1	-1	-1	-1	-1	-1	-1	-1	-1	-1	-1	-1	-1	-1	-1	-1	-1	-1	-1	-1	-1	-1	-1	-1	-1	-1	-1	-1	-1	-1	-1	-1	-1	-1	-1	-1	-1	-1	-1	-1	-1	-1	-1	-1	-1	-1	-1	-1	-1	-1	-1	-1	-1	-1	-1	-1	-1	-1	-1	-1	-1	-1	-1	-1	-1	-1	-1	-1	-1	-1	-1	-1	-1	-1	-1	-1	-1	-1	-1	-1	-1	-1	-1	-1	-1	-1	-1	-1	-1	-1	-1	-1	-1	-1	0