N	D	1	2	3	4	5	6	7	8	9	10
196	1	0	0	0	0	0	0	0	0	0	0
197	1	16	16	15	13	10	9	12	11	9	8
199	1	24	24	21	20	16	18	20	20	16	16
202	1	15	13	13	11	8	9	10	10	6	7
203	1	13	13	12	11	8	9	9	10	7	5
216	1	16	17	15	13	9	9	13	13	7	8
218	1	16	17	15	13	10	10	11	11	8	7
225	1	15	16	15	14	9	10	11	12	7	7
234	1	15	17	15	14	10	10	11	12	8	8
246	1	14	15	13	11	7	9	11	11	5	6
271	1	24	23	21	21	17	18	18	20	16	14
276	1	17	15	13	15	9	11	12	11	9	8
283	1	15	13	11	12	8	7	10	11	5	6
289	1	17	17	14	14	10	10	12	11	7	9
290	1	17	17	13	15	9	11	13	12	8	8
297	1	16	17	14	13	11	11	13	11	9	9
298	1	15	16	14	13	11	9	13	13	7	8
308	1	17	16	14	14	10	9	13	13	8	7
311	1	16	15	14	14	11	10	13	11	9	9
334	1	17	17	14	15	10	9	12	11	7	8
353	1	15	17	14	15	11	9	13	12	7	7
358	1	17	17	13	14	9	11	12	11	9	7
359	1	17	15	15	15	10	9	12	11	8	7
367	1	16	17	15	14	11	10	11	13	8	8
381	1	16	16	13	15	9	11	13	11	9	7
386	1	16	15	15	13	10	10	12	13	7	9
389	1	16	16	14	13	9	11	12	12	7	8
396	1	16	17	13	13	11	11	11	11	9	8
404	1	17	16	15	15	11	11	12	13	8	8
411	1	15	17	15	15	10	11	13	11	7	7
412	1	17	16	14	14	10	9	11	11	7	8
434	1	17	16	14	15	11	10	11	13	7	7
442	1	17	15	14	15	9	9	12	13	8	9
443	1	15	17	13	14	11	9	13	13	8	8
462	1	22	23	21	20	16	17	20	20	14	15
473	1	16	17	15	14	9	10	13	13	9	7
475	1	15	17	15	15	10	9	12	11	9	8
479	1	17	15	14	13	11	9	13	11	7	8
480	1	23	22	20	20	16	16	19	20	14	14
487	1	17	15	15	15	11	9	12	12	9	9
505	1	15	16	14	13	11	9	11	12	9	9
506	1	16	17	15	14	9	10	12	13	8	9
514	1	16	15	14	13	11	9	13	12	8	8
516	1	17	15	14	13	9	11	12	12	7	7
534	1	17	15	14	13	10	9	13	12	9	9
544	1	17	17	13	15	9	11	12	13	7	9
546	1	17	16	13	15	10	9	12	11	7	8
551	1	37	37	34	34	30	31	32	32	30	30
580	1	16	15	15	15	11	11	13	11	8	7
589	1	16	16	14	13	9	10	12	12	7	9
595	1	17	15	13	13	10	11	11	13	7	9
623	1	15	16	15	14	11	11	12	13	7	7
639	1	15	15	13	15	10	10	13	12	9	7
648	1	17	16	14	13	10	11	11	13	9	8
660	1	15	15	13	14	10	11	12	11	7	7
677	1	17	17	15	13	9	9	11	13	9	9
702	1	15	17	13	14	9	9	12	11	9	8
703	1	17	16	14	14	10	10	11	13	8	8
725	1	17	17	13	14	10	9	11	13	8	7
733	1	13	14	12	13	7	8	10	11	6	5
739	1	17	16	13	13	9	9	13	12	8	8
741	1	15	13	12	11	7	7	11	11	7	6
742	1	15	16	13	13	11	9	12	11	7	8
757	1	17	16	14	15	10	10	12	11	9	9
769	1	16	15	15	14	9	9	12	12	8	8
771	1	17	15	14	13	10	11	12	11	9	8
772	1	16	15	15	13	10	10	13	13	7	7
779	1	17	16	15	15	10	10	13	13	8	7
780	1	17	16	15	15	10	9	11	13	8	9
786	1	16	15	15	14	11	10	12	12	8	8
799	1	17	15	15	14	11	11	11	13	8	8
807	1	17	15	14	15	10	11	13	11	7	7
829	1	17	16	13	15	10	9	12	13	8	7
835	1	17	16	13	15	10	9	12	13	8	8
841	1	17	16	14	13	10	11	11	11	7	7
845	1	15	16	15	15	10	9	12	11	9	7
858	1	16	17	15	14	11	11	11	11	8	9
859	1	24	24	20	20	16	16	19	20	16	15
860	1	17	15	13	14	11	10	13	12	7	7
863	1	24	22	20	21	16	17	20	20	14	14
869	1	16	16	14	14	11	11	13	11	9	8
890	1	16	16	15	15	9	10	12	13	9	9
891	1	15	17	13	15	11	11	12	12	9	7
892	1	16	15	13	14	9	11	12	12	7	7
899	1	16	17	13	13	9	9	11	11	9	9
902	1	17	17	13	15	10	9	13	11	7	9
903	1	16	17	15	15	11	10	13	12	7	7
904	1	17	15	15	15	10	11	11	11	8	7
905	1	17	16	13	15	11	10	12	13	9	9
906	1	16	17	14	14	10	10	13	11	9	7
909	1	17	17	13	15	11	11	13	12	8	7
913	1	17	15	15	14	11	9	12	12	9	8
919	1	15	16	15	15	10	10	13	13	9	9
924	1	17	17	14	14	11	11	11	11	8	9
930	1	30	30	28	29	23	23	27	27	23	22
941	1	15	15	13	13	9	9	11	12	8	7
946	1	24	23	21	21	18	16	20	20	14	15
960	1	15	15	13	14	9	11	13	12	8	9
962	1	16	17	13	14	11	9	13	12	8	9
968	1	15	17	15	15	11	9	12	12	9	7
978	1	17	17	15	13	10	9	13	11	8	7
987	1	15	17	15	15	10	10	12	12	8	7
1008	1	23	24	21	21	18	16	19	18	14	16
1011	1	17	17	13	14	9	10	11	12	7	7
1018	1	17	15	13	15	9	11	12	13	7	7
1031	1	17	15	15	15	11	10	11	12	9	9
1040	1	15	17	13	15	10	10	13	12	9	7
1043	1	15	17	13	15	9	10	13	12	8	8
1050	1	17	15	14	14	10	11	13	11	7	8
1062	1	16	15	15	14	9	11	12	12	8	7
1088	1	17	17	15	14	10	10	11	13	8	9
1094	1	17	15	14	14	9	9	12	11	7	7
1131	1	24	22	20	22	17	17	20	20	15	14
1140	1	17	15	14	14	10	11	13	11	8	8
1152	1	22	22	20	22	16	16	20	19	15	14
1157	1	31	31	27	27	23	23	27	25	23	21
1168	1	15	15	13	15	10	9	13	13	9	9
1172	1	15	17	15	13	9	10	12	13	8	9
1185	1	16	17	15	13	9	10	13	12	8	7
1186	1	17	15	15	14	10	10	13	12	9	8
1196	1	17	15	14	15	11	9	12	11	9	8
1206	1	17	15	14	15	10	11	13	13	9	8
1220	1	17	16	13	15	11	11	12	11	7	9
1252	1	15	16	15	15	10	9	13	11	9	7
1313	1	16	15	13	14	11	11	13	12	9	9
1315	1	17	16	14	14	10	10	13	12	7	8
1334	1	15	17	15	13	11	10	13	12	8	9
1341	1	17	17	14	13	9	9	11	11	7	8
1363	1	17	16	15	14	11	11	13	13	8	8
1388	1	16	17	15	13	9	11	13	11	7	9
1393	1	36	36	35	36	32	30	33	32	30	30
1407	1	16	17	13	13	11	9	11	11	7	7
1419	1	15	16	13	14	9	11	11	12	8	9
1443	1	16	17	15	13	11	9	11	12	8	8
1457	1	16	16	13	15	11	10	13	11	7	8
1464	1	16	17	14	13	9	10	12	13	8	8
1465	1	17	17	14	15	9	9	11	11	8	7
1471	1	17	15	14	14	10	9	12	11	8	9
1472	1	15	15	13	13	10	9	12	11	9	9
1474	1	16	15	14	13	9	11	12	12	8	9
1485	1	17	16	14	13	10	11	13	13	7	7
1489	1	15	15	13	14	9	10	12	12	9	7
1502	1	17	16	15	14	9	9	13	13	7	9
1503	1	16	17	13	14	11	10	12	13	8	8
1506	1	16	17	15	13	9	11	11	11	7	8
1510	1	15	15	14	14	9	10	12	13	8	9
1524	1	17	15	13	14	10	9	11	13	8	8
1534	1	17	16	15	14	11	10	11	11	8	9
1548	1	16	15	13	13	9	11	13	12	8	7
1552	1	15	17	13	14	9	11	11	12	7	9
1557	1	17	16	13	14	11	11	11	12	9	7
1562	1	17	15	14	13	11	9	12	11	9	7
1566	1	17	16	13	13	11	11	11	13	8	7
1567	1	17	16	13	14	10	11	12	11	8	9
1579	1	17	16	15	15	11	9	11	11	8	7
1586	1	17	16	14	15	9	10	13	11	7	8
1613	1	16	17	14	14	11	9	13	11	9	7
1638	1	17	17	13	15	9	11	11	12	7	9
1639	1	17	16	14	14	11	10	11	13	7	7
1643	1	16	15	13	13	10	11	11	12	9	7
1652	1	17	16	14	15	11	10	13	13	8	8
1655	1	16	16	14	14	11	10	13	11	7	9
1661	1	17	15	15	15	10	10	11	11	7	8
1679	1	16	15	13	13	11	10	13	11	7	9
1705	1	16	15	15	14	9	11	12	11	8	7
1735	1	15	17	14	13	10	11	12	11	7	9
1761	1	14	15	13	12	9	7	9	9	6	5
1768	1	15	16	13	13	11	10	11	11	8	9
1776	1	15	17	15	15	11	10	13	11	9	8
1781	1	24	23	21	22	17	18	19	19	14	14
1784	1	17	15	15	14	10	10	12	13	8	8
1786	1	16	15	15	15	9	9	11	11	7	7
1791	1	17	15	15	14	9	9	12	11	9	9
1807	1	16	16	14	14	11	11	13	13	8	7
1816	1	15	15	13	13	10	9	11	12	9	9
1831	1	15	15	15	13	9	11	13	12	8	9
1833	1	17	17	13	15	9	10	11	13	9	7
196	2	15.5	15.5	14.5	12.5	9.5	8.5	11.5	10.5	8.5	7.5
197	2	15.5	15.5	14.5	12.5	9.5	8.5	11.5	10.5	8.5	7.5
199	2	23.5	23.5	20.5	19.5	15.5	17.5	19.5	19.5	15.5	15.5
202	2	14.5	12.5	12.5	10.5	7.5	8.5	9.5	9.5	5.5	6.5
203	2	12.5	12.5	11.5	10.5	7.5	8.5	8.5	9.5	6.5	4.5
216	2	15.5	16.5	14.5	12.5	8.5	8.5	12.5	12.5	6.5	7.5
218	2	15.5	16.5	14.5	12.5	9.5	9.5	10.5	10.5	7.5	6.5
225	2	14.5	15.5	14.5	13.5	8.5	9.5	10.5	11.5	6.5	6.5
234	2	14.5	16.5	14.5	13.5	9.5	9.5	10.5	11.5	7.5	7.5
246	2	13.5	14.5	12.5	10.5	6.5	8.5	10.5	10.5	4.5	5.5
271	2	23.5	22.5	20.5	20.5	16.5	17.5	17.5	19.5	15.5	13.5
276	2	16.5	14.5	12.5	14.5	8.5	10.5	11.5	10.5	8.5	7.5
283	2	14.5	12.5	10.5	11.5	7.5	6.5	9.5	10.5	4.5	5.5
289	2	16.5	16.5	13.5	13.5	9.5	9.5	11.5	10.5	6.5	8.5
290	2	16.5	16.5	12.5	14.5	8.5	10.5	12.5	11.5	7.5	7.5
297	2	15.5	16.5	13.5	12.5	10.5	10.5	12.5	10.5	8.5	8.5
298	2	14.5	15.5	13.5	12.5	10.5	8.5	12.5	12.5	6.5	7.5
308	2	16.5	15.5	13.5	13.5	9.5	8.5	12.5	12.5	7.5	6.5
311	2	15.5	14.5	13.5	13.5	10.5	9.5	12.5	10.5	8.5	8.5
334	2	16.5	16.5	13.5	14.5	9.5	8.5	11.5	10.5	6.5	7.5
353	2	14.5	16.5	13.5	14.5	10.5	8.5	12.5	11.5	6.5	6.5
358	2	16.5	16.5	12.5	13.5	8.5	10.5	11.5	10.5	8.5	6.5
359	2	16.5	14.5	14.5	14.5	9.5	8.5	11.5	10.5	7.5	6.5
367	2	15.5	16.5	14.5	13.5	10.5	9.5	10.5	12.5	7.5	7.5
381	2	15.5	15.5	12.5	14.5	8.5	10.5	12.5	10.5	8.5	6.5
386	2	15.5	14.5	14.5	12.5	9.5	9.5	11.5	12.5	6.5	8.5
389	2	15.5	15.5	13.5	12.5	8.5	10.5	11.5	11.5	6.5	7.5
396	2	15.5	16.5	12.5	12.5	10.5	10.5	10.5	10.5	8.5	7.5
404	2	16.5	15.5	14.5	14.5	10.5	10.5	11.5	12.5	7.5	7.5
411	2	14.5	16.5	14.5	14.5	9.5	10.5	12.5	10.5	6.5	6.5
412	2	16.5	15.5	13.5	13.5	9.5	8.5	10.5	10.5	6.5	7.5
434	2	16.5	15.5	13.5	14.5	10.5	9.5	10.5	12.5	6.5	6.5
442	2	16.5	14.5	13.5	14.5	8.5	8.5	11.5	12.5	7.5	8.5
443	2	14.5	16.5	12.5	13.5	10.5	8.5	12.5	12.5	7.5	7.5
462	2	21.5	22.5	20.5	19.5	15.5	16.5	19.5	19.5	13.5	14.5
473	2	15.5	16.5	14.5	13.5	8.5	9.5	12.5	12.5	8.5	6.5
475	2	14.5	16.5	14.5	14.5	9.5	8.5	11.5	10.5	8.5	7.5
479	2	16.5	14.5	13.5	12.5	10.5	8.5	12.5	10.5	6.5	7.5
480	2	22.5	21.5	19.5	19.5	15.5	15.5	18.5	19.5	13.5	13.5
487	2	16.5	14.5	14.5	14.5	10.5	8.5	11.5	11.5	8.5	8.5
505	2	14.5	15.5	13.5	12.5	10.5	8.5	10.5	11.5	8.5	8.5
506	2	15.5	16.5	14.5	13.5	8.5	9.5	11.5	12.5	7.5	8.5
514	2	15.5	14.5	13.5	12.5	10.5	8.5	12.5	11.5	7.5	7.5
516	2	16.5	14.5	13.5	12.5	8.5	10.5	11.5	11.5	6.5	6.5
534	2	16.5	14.5	13.5	12.5	9.5	8.5	12.5	11.5	8.5	8.5
544	2	16.5	16.5	12.5	14.5	8.5	10.5	11.5	12.5	6.5	8.5
546	2	16.5	15.5	12.5	14.5	9.5	8.5	11.5	10.5	6.5	7.5
551	2	36.5	36.5	33.5	33.5	29.5	30.5	31.5	31.5	29.5	29.5
580	2	15.5	14.5	14.5	14.5	10.5	10.5	12.5	10.5	7.5	6.5
589	2	15.5	15.5	13.5	12.5	8.5	9.5	11.5	11.5	6.5	8.5
595	2	16.5	14.5	12.5	12.5	9.5	10.5	10.5	12.5	6.5	8.5
623	2	14.5	15.5	14.5	13.5	10.5	10.5	11.5	12.5	6.5	6.5
639	2	14.5	14.5	12.5	14.5	9.5	9.5	12.5	11.5	8.5	6.5
648	2	16.5	15.5	13.5	12.5	9.5	10.5	10.5	12.5	8.5	7.5
660	2	14.5	14.5	12.5	13.5	9.5	10.5	11.5	10.5	6.5	6.5
677	2	16.5	16.5	14.5	12.5	8.5	8.5	10.5	12.5	8.5	8.5
702	2	14.5	16.5	12.5	13.5	8.5	8.5	11.5	10.5	8.5	7.5
703	2	16.5	15.5	13.5	13.5	9.5	9.5	10.5	12.5	7.5	7.5
725	2	16.5	16.5	12.5	13.5	9.5	8.5	10.5	12.5	7.5	6.5
733	2	12.5	13.5	11.5	12.5	6.5	7.5	9.5	10.5	5.5	4.5
739	2	16.5	15.5	12.5	12.5	8.5	8.5	12.5	11.5	7.5	7.5
741	2	14.5	12.5	11.5	10.5	6.5	6.5	10.5	10.5	6.5	5.5
742	2	14.5	15.5	12.5	12.5	10.5	8.5	11.5	10.5	6.5	7.5
757	2	16.5	15.5	13.5	14.5	9.5	9.5	11.5	10.5	8.5	8.5
769	2	15.5	14.5	14.5	13.5	8.5	8.5	11.5	11.5	7.5	7.5
771	2	16.5	14.5	13.5	12.5	9.5	10.5	11.5	10.5	8.5	7.5
772	2	15.5	14.5	14.5	12.5	9.5	9.5	12.5	12.5	6.5	6.5
779	2	16.5	15.5	14.5	14.5	9.5	9.5	12.5	12.5	7.5	6.5
780	2	16.5	15.5	14.5	14.5	9.5	8.5	10.5	12.5	7.5	8.5
786	2	15.5	14.5	14.5	13.5	10.5	9.5	11.5	11.5	7.5	7.5
799	2	16.5	14.5	14.5	13.5	10.5	10.5	10.5	12.5	7.5	7.5
807	2	16.5	14.5	13.5	14.5	9.5	10.5	12.5	10.5	6.5	6.5
829	2	16.5	15.5	12.5	14.5	9.5	8.5	11.5	12.5	7.5	6.5
835	2	16.5	15.5	12.5	14.5	9.5	8.5	11.5	12.5	7.5	7.5
841	2	16.5	15.5	13.5	12.5	9.5	10.5	10.5	10.5	6.5	6.5
845	2	14.5	15.5	14.5	14.5	9.5	8.5	11.5	10.5	8.5	6.5
858	2	15.5	16.5	14.5	13.5	10.5	10.5	10.5	10.5	7.5	8.5
859	2	23.5	23.5	19.5	19.5	15.5	15.5	18.5	19.5	15.5	14.5
860	2	16.5	14.5	12.5	13.5	10.5	9.5	12.5	11.5	6.5	6.5
863	2	23.5	21.5	19.5	20.5	15.5	16.5	19.5	19.5	13.5	13.5
869	2	15.5	15.5	13.5	13.5	10.5	10.5	12.5	10.5	8.5	7.5
890	2	15.5	15.5	14.5	14.5	8.5	9.5	11.5	12.5	8.5	8.5
891	2	14.5	16.5	12.5	14.5	10.5	10.5	11.5	11.5	8.5	6.5
892	2	15.5	14.5	12.5	13.5	8.5	10.5	11.5	11.5	6.5	6.5
899	2	15.5	16.5	12.5	12.5	8.5	8.5	10.5	10.5	8.5	8.5
902	2	16.5	16.5	12.5	14.5	9.5	8.5	12.5	10.5	6.5	8.5
903	2	15.5	16.5	14.5	14.5	10.5	9.5	12.5	11.5	6.5	6.5
904	2	16.5	14.5	14.5	14.5	9.5	10.5	10.5	10.5	7.5	6.5
905	2	16.5	15.5	12.5	14.5	10.5	9.5	11.5	12.5	8.5	8.5
906	2	15.5	16.5	13.5	13.5	9.5	9.5	12.5	10.5	8.5	6.5
909	2	16.5	16.5	12.5	14.5	10.5	10.5	12.5	11.5	7.5	6.5
913	2	16.5	14.5	14.5	13.5	10.5	8.5	11.5	11.5	8.5	7.5
919	2	14.5	15.5	14.5	14.5	9.5	9.5	12.5	12.5	8.5	8.5
924	2	16.5	16.5	13.5	13.5	10.5	10.5	10.5	10.5	7.5	8.5
930	2	29.5	29.5	27.5	28.5	22.5	22.5	26.5	26.5	22.5	21.5
941	2	14.5	14.5	12.5	12.5	8.5	8.5	10.5	11.5	7.5	6.5
946	2	23.5	22.5	20.5	20.5	17.5	15.5	19.5	19.5	13.5	14.5
960	2	14.5	14.5	12.5	13.5	8.5	10.5	12.5	11.5	7.5	8.5
962	2	15.5	16.5	12.5	13.5	10.5	8.5	12.5	11.5	7.5	8.5
968	2	14.5	16.5	14.5	14.5	10.5	8.5	11.5	11.5	8.5	6.5
978	2	16.5	16.5	14.5	12.5	9.5	8.5	12.5	10.5	7.5	6.5
987	2	14.5	16.5	14.5	14.5	9.5	9.5	11.5	11.5	7.5	6.5
1008	2	22.5	23.5	20.5	20.5	17.5	15.5	18.5	17.5	13.5	15.5
1011	2	16.5	16.5	12.5	13.5	8.5	9.5	10.5	11.5	6.5	6.5
1018	2	16.5	14.5	12.5	14.5	8.5	10.5	11.5	12.5	6.5	6.5
1031	2	16.5	14.5	14.5	14.5	10.5	9.5	10.5	11.5	8.5	8.5
1040	2	14.5	16.5	12.5	14.5	9.5	9.5	12.5	11.5	8.5	6.5
1043	2	14.5	16.5	12.5	14.5	8.5	9.5	12.5	11.5	7.5	7.5
1050	2	16.5	14.5	13.5	13.5	9.5	10.5	12.5	10.5	6.5	7.5
1062	2	15.5	14.5	14.5	13.5	8.5	10.5	11.5	11.5	7.5	6.5
1088	2	16.5	16.5	14.5	13.5	9.5	9.5	10.5	12.5	7.5	8.5
1094	2	16.5	14.5	13.5	13.5	8.5	8.5	11.5	10.5	6.5	6.5
1131	2	23.5	21.5	19.5	21.5	16.5	16.5	19.5	19.5	14.5	13.5
1140	2	16.5	14.5	13.5	13.5	9.5	10.5	12.5	10.5	7.5	7.5
1152	2	21.5	21.5	19.5	21.5	15.5	15.5	19.5	18.5	14.5	13.5
1157	2	30.5	30.5	26.5	26.5	22.5	22.5	26.5	24.5	22.5	20.5
1168	2	14.5	14.5	12.5	14.5	9.5	8.5	12.5	12.5	8.5	8.5
1172	2	14.5	16.5	14.5	12.5	8.5	9.5	11.5	12.5	7.5	8.5
1185	2	15.5	16.5	14.5	12.5	8.5	9.5	12.5	11.5	7.5	6.5
1186	2	16.5	14.5	14.5	13.5	9.5	9.5	12.5	11.5	8.5	7.5
1196	2	16.5	14.5	13.5	14.5	10.5	8.5	11.5	10.5	8.5	7.5
1206	2	16.5	14.5	13.5	14.5	9.5	10.5	12.5	12.5	8.5	7.5
1220	2	16.5	15.5	12.5	14.5	10.5	10.5	11.5	10.5	6.5	8.5
1252	2	14.5	15.5	14.5	14.5	9.5	8.5	12.5	10.5	8.5	6.5
1313	2	15.5	14.5	12.5	13.5	10.5	10.5	12.5	11.5	8.5	8.5
1315	2	16.5	15.5	13.5	13.5	9.5	9.5	12.5	11.5	6.5	7.5
1334	2	14.5	16.5	14.5	12.5	10.5	9.5	12.5	11.5	7.5	8.5
1341	2	16.5	16.5	13.5	12.5	8.5	8.5	10.5	10.5	6.5	7.5
1363	2	16.5	15.5	14.5	13.5	10.5	10.5	12.5	12.5	7.5	7.5
1388	2	15.5	16.5	14.5	12.5	8.5	10.5	12.5	10.5	6.5	8.5
1393	2	35.5	35.5	34.5	35.5	31.5	29.5	32.5	31.5	29.5	29.5
1407	2	15.5	16.5	12.5	12.5	10.5	8.5	10.5	10.5	6.5	6.5
1419	2	14.5	15.5	12.5	13.5	8.5	10.5	10.5	11.5	7.5	8.5
1443	2	15.5	16.5	14.5	12.5	10.5	8.5	10.5	11.5	7.5	7.5
1457	2	15.5	15.5	12.5	14.5	10.5	9.5	12.5	10.5	6.5	7.5
1464	2	15.5	16.5	13.5	12.5	8.5	9.5	11.5	12.5	7.5	7.5
1465	2	16.5	16.5	13.5	14.5	8.5	8.5	10.5	10.5	7.5	6.5
1471	2	16.5	14.5	13.5	13.5	9.5	8.5	11.5	10.5	7.5	8.5
1472	2	14.5	14.5	12.5	12.5	9.5	8.5	11.5	10.5	8.5	8.5
1474	2	15.5	14.5	13.5	12.5	8.5	10.5	11.5	11.5	7.5	8.5
1485	2	16.5	15.5	13.5	12.5	9.5	10.5	12.5	12.5	6.5	6.5
1489	2	14.5	14.5	12.5	13.5	8.5	9.5	11.5	11.5	8.5	6.5
1502	2	16.5	15.5	14.5	13.5	8.5	8.5	12.5	12.5	6.5	8.5
1503	2	15.5	16.5	12.5	13.5	10.5	9.5	11.5	12.5	7.5	7.5
1506	2	15.5	16.5	14.5	12.5	8.5	10.5	10.5	10.5	6.5	7.5
1510	2	14.5	14.5	13.5	13.5	8.5	9.5	11.5	12.5	7.5	8.5
1524	2	16.5	14.5	12.5	13.5	9.5	8.5	10.5	12.5	7.5	7.5
1534	2	16.5	15.5	14.5	13.5	10.5	9.5	10.5	10.5	7.5	8.5
1548	2	15.5	14.5	12.5	12.5	8.5	10.5	12.5	11.5	7.5	6.5
1552	2	14.5	16.5	12.5	13.5	8.5	10.5	10.5	11.5	6.5	8.5
1557	2	16.5	15.5	12.5	13.5	10.5	10.5	10.5	11.5	8.5	6.5
1562	2	16.5	14.5	13.5	12.5	10.5	8.5	11.5	10.5	8.5	6.5
1566	2	16.5	15.5	12.5	12.5	10.5	10.5	10.5	12.5	7.5	6.5
1567	2	16.5	15.5	12.5	13.5	9.5	10.5	11.5	10.5	7.5	8.5
1579	2	16.5	15.5	14.5	14.5	10.5	8.5	10.5	10.5	7.5	6.5
1586	2	16.5	15.5	13.5	14.5	8.5	9.5	12.5	10.5	6.5	7.5
1613	2	15.5	16.5	13.5	13.5	10.5	8.5	12.5	10.5	8.5	6.5
1638	2	16.5	16.5	12.5	14.5	8.5	10.5	10.5	11.5	6.5	8.5
1639	2	16.5	15.5	13.5	13.5	10.5	9.5	10.5	12.5	6.5	6.5
1643	2	15.5	14.5	12.5	12.5	9.5	10.5	10.5	11.5	8.5	6.5
1652	2	16.5	15.5	13.5	14.5	10.5	9.5	12.5	12.5	7.5	7.5
1655	2	15.5	15.5	13.5	13.5	10.5	9.5	12.5	10.5	6.5	8.5
1661	2	16.5	14.5	14.5	14.5	9.5	9.5	10.5	10.5	6.5	7.5
1679	2	15.5	14.5	12.5	12.5	10.5	9.5	12.5	10.5	6.5	8.5
1705	2	15.5	14.5	14.5	13.5	8.5	10.5	11.5	10.5	7.5	6.5
1735	2	14.5	16.5	13.5	12.5	9.5	10.5	11.5	10.5	6.5	8.5
1761	2	13.5	14.5	12.5	11.5	8.5	6.5	8.5	8.5	5.5	4.5
1768	2	14.5	15.5	12.5	12.5	10.5	9.5	10.5	10.5	7.5	8.5
1776	2	14.5	16.5	14.5	14.5	10.5	9.5	12.5	10.5	8.5	7.5
1781	2	23.5	22.5	20.5	21.5	16.5	17.5	18.5	18.5	13.5	13.5
1784	2	16.5	14.5	14.5	13.5	9.5	9.5	11.5	12.5	7.5	7.5
1786	2	15.5	14.5	14.5	14.5	8.5	8.5	10.5	10.5	6.5	6.5
1791	2	16.5	14.5	14.5	13.5	8.5	8.5	11.5	10.5	8.5	8.5
1807	2	15.5	15.5	13.5	13.5	10.5	10.5	12.5	12.5	7.5	6.5
1816	2	14.5	14.5	12.5	12.5	9.5	8.5	10.5	11.5	8.5	8.5
1831	2	14.5	14.5	14.5	12.5	8.5	10.5	12.5	11.5	7.5	8.5
1833	2	16.5	16.5	12.5	14.5	8.5	9.5	10.5	12.5	8.5	6.5
196	3	15	15	14	12	9	8	11	10	8	7
197	3	15	15	14	12	9	8	11	10	8	7
199	3	23	23	20	19	15	17	19	19	15	15
202	3	14	12	12	10	7	8	9	9	5	6
203	3	12	12	11	10	7	8	8	9	6	4
216	3	15	16	14	12	8	8	12	12	6	7
218	3	15	16	14	12	9	9	10	10	7	6
225	3	14	15	14	13	8	9	10	11	6	6
234	3	14	16	14	13	9	9	10	11	7	7
246	3	13	14	12	10	6	8	10	10	4	5
271	3	23	22	20	20	16	17	17	19	15	13
276	3	16	14	12	14	8	10	11	10	8	7
283	3	14	12	10	11	7	6	9	10	4	5
289	3	16	16	13	13	9	9	11	10	6	8
290	3	16	16	12	14	8	10	12	11	7	7
297	3	15	16	13	12	10	10	12	10	8	8
298	3	14	15	13	12	10	8	12	12	6	7
308	3	16	15	13	13	9	8	12	12	7	6
311	3	15	14	13	13	10	9	12	10	8	8
334	3	16	16	13	14	9	8	11	10	6	7
353	3	14	16	13	14	10	8	12	11	6	6
358	3	16	16	12	13	8	10	11	10	8	6
359	3	16	14	14	14	9	8	11	10	7	6
367	3	15	16	14	13	10	9	10	12	7	7
381	3	15	15	12	14	8	10	12	10	8	6
386	3	15	14	14	12	9	9	11	12	6	8
389	3	15	15	13	12	8	10	11	11	6	7
396	3	15	16	12	12	10	10	10	10	8	7
404	3	16	15	14	14	10	10	11	12	7	7
411	3	14	16	14	14	9	10	12	10	6	6
412	3	16	15	13	13	9	8	10	10	6	7
434	3	16	15	13	14	10	9	10	12	6	6
442	3	16	14	13	14	8	8	11	12	7	8
443	3	14	16	12	13	10	8	12	12	7	7
462	3	21	22	20	19	15	16	19	19	13	14
473	3	15	16	14	13	8	9	12	12	8	6
475	3	14	16	14	14	9	8	11	10	8	7
479	3	16	14	13	12	10	8	12	10	6	7
480	3	22	21	19	19	15	15	18	19	13	13
487	3	16	14	14	14	10	8	11	11	8	8
505	3	14	15	13	12	10	8	10	11	8	8
506	3	15	16	14	13	8	9	11	12	7	8
514	3	15	14	13	12	10	8	12	11	7	7
516	3	16	14	13	12	8	10	11	11	6	6
534	3	16	14	13	12	9	8	12	11	8	8
544	3	16	16	12	14	8	10	11	12	6	8
546	3	16	15	12	14	9	8	11	10	6	7
551	3	36	36	33	33	29	30	31	31	29	29
580	3	15	14	14	14	10	10	12	10	7	6
589	3	15	15	13	12	8	9	11	11	6	8
595	3	16	14	12	12	9	10	10	12	6	8
623	3	14	15	14	13	10	10	11	12	6	6
639	3	14	14	12	14	9	9	12	11	8	6
648	3	16	15	13	12	9	10	10	12	8	7
660	3	14	14	12	13	9	10	11	10	6	6
677	3	16	16	14	12	8	8	10	12	8	8
702	3	14	16	12	13	8	8	11	10	8	7
703	3	16	15	13	13	9	9	10	12	7	7
725	3	16	16	12	13	9	8	10	12	7	6
733	3	12	13	11	12	6	7	9	10	5	4
739	3	16	15	12	12	8	8	12	11	7	7
741	3	14	12	11	10	6	6	10	10	6	5
742	3	14	15	12	12	10	8	11	10	6	7
757	3	16	15	13	14	9	9	11	10	8	8
769	3	15	14	14	13	8	8	11	11	7	7
771	3	16	14	13	12	9	10	11	10	8	7
772	3	15	14	14	12	9	9	12	12	6	6
779	3	16	15	14	14	9	9	12	12	7	6
780	3	16	15	14	14	9	8	10	12	7	8
786	3	15	14	14	13	10	9	11	11	7	7
799	3	16	14	14	13	10	10	10	12	7	7
807	3	16	14	13	14	9	10	12	10	6	6
829	3	16	15	12	14	9	8	11	12	7	6
835	3	16	15	12	14	9	8	11	12	7	7
841	3	16	15	13	12	9	10	10	10	6	6
845	3	14	15	14	14	9	8	11	10	8	6
858	3	15	16	14	13	10	10	10	10	7	8
859	3	23	23	19	19	15	15	18	19	15	14
860	3	16	14	12	13	10	9	12	11	6	6
863	3	23	21	19	20	15	16	19	19	13	13
869	3	15	15	13	13	10	10	12	10	8	7
890	3	15	15	14	14	8	9	11	12	8	8
891	3	14	16	12	14	10	10	11	11	8	6
892	3	15	14	12	13	8	10	11	11	6	6
899	3	15	16	12	12	8	8	10	10	8	8
902	3	16	16	12	14	9	8	12	10	6	8
903	3	15	16	14	14	10	9	12	11	6	6
904	3	16	14	14	14	9	10	10	10	7	6
905	3	16	15	12	14	10	9	11	12	8	8
906	3	15	16	13	13	9	9	12	10	8	6
909	3	16	16	12	14	10	10	12	11	7	6
913	3	16	14	14	13	10	8	11	11	8	7
919	3	14	15	14	14	9	9	12	12	8	8
924	3	16	16	13	13	10	10	10	10	7	8
930	3	29	29	27	28	22	22	26	26	22	21
941	3	14	14	12	12	8	8	10	11	7	6
946	3	23	22	20	20	17	15	19	19	13	14
960	3	14	14	12	13	8	10	12	11	7	8
962	3	15	16	12	13	10	8	12	11	7	8
968	3	14	16	14	14	10	8	11	11	8	6
978	3	16	16	14	12	9	8	12	10	7	6
987	3	14	16	14	14	9	9	11	11	7	6
1008	3	22	23	20	20	17	15	18	17	13	15
1011	3	16	16	12	13	8	9	10	11	6	6
1018	3	16	14	12	14	8	10	11	12	6	6
1031	3	16	14	14	14	10	9	10	11	8	8
1040	3	14	16	12	14	9	9	12	11	8	6
1043	3	14	16	12	14	8	9	12	11	7	7
1050	3	16	14	13	13	9	10	12	10	6	7
1062	3	15	14	14	13	8	10	11	11	7	6
1088	3	16	16	14	13	9	9	10	12	7	8
1094	3	16	14	13	13	8	8	11	10	6	6
1131	3	23	21	19	21	16	16	19	19	14	13
1140	3	16	14	13	13	9	10	12	10	7	7
1152	3	21	21	19	21	15	15	19	18	14	13
1157	3	30	30	26	26	22	22	26	24	22	20
1168	3	14	14	12	14	9	8	12	12	8	8
1172	3	14	16	14	12	8	9	11	12	7	8
1185	3	15	16	14	12	8	9	12	11	7	6
1186	3	16	14	14	13	9	9	12	11	8	7
1196	3	16	14	13	14	10	8	11	10	8	7
1206	3	16	14	13	14	9	10	12	12	8	7
1220	3	16	15	12	14	10	10	11	10	6	8
1252	3	14	15	14	14	9	8	12	10	8	6
1313	3	15	14	12	13	10	10	12	11	8	8
1315	3	16	15	13	13	9	9	12	11	6	7
1334	3	14	16	14	12	10	9	12	11	7	8
1341	3	16	16	13	12	8	8	10	10	6	7
1363	3	16	15	14	13	10	10	12	12	7	7
1388	3	15	16	14	12	8	10	12	10	6	8
1393	3	35	35	34	35	31	29	32	31	29	29
1407	3	15	16	12	12	10	8	10	10	6	6
1419	3	14	15	12	13	8	10	10	11	7	8
1443	3	15	16	14	12	10	8	10	11	7	7
1457	3	15	15	12	14	10	9	12	10	6	7
1464	3	15	16	13	12	8	9	11	12	7	7
1465	3	16	16	13	14	8	8	10	10	7	6
1471	3	16	14	13	13	9	8	11	10	7	8
1472	3	14	14	12	12	9	8	11	10	8	8
1474	3	15	14	13	12	8	10	11	11	7	8
1485	3	16	15	13	12	9	10	12	12	6	6
1489	3	14	14	12	13	8	9	11	11	8	6
1502	3	16	15	14	13	8	8	12	12	6	8
1503	3	15	16	12	13	10	9	11	12	7	7
1506	3	15	16	14	12	8	10	10	10	6	7
1510	3	14	14	13	13	8	9	11	12	7	8
1524	3	16	14	12	13	9	8	10	12	7	7
1534	3	16	15	14	13	10	9	10	10	7	8
1548	3	15	14	12	12	8	10	12	11	7	6
1552	3	14	16	12	13	8	10	10	11	6	8
1557	3	16	15	12	13	10	10	10	11	8	6
1562	3	16	14	13	12	10	8	11	10	8	6
1566	3	16	15	12	12	10	10	10	12	7	6
1567	3	16	15	12	13	9	10	11	10	7	8
1579	3	16	15	14	14	10	8	10	10	7	6
1586	3	16	15	13	14	8	9	12	10	6	7
1613	3	15	16	13	13	10	8	12	10	8	6
1638	3	16	16	12	14	8	10	10	11	6	8
1639	3	16	15	13	13	10	9	10	12	6	6
1643	3	15	14	12	12	9	10	10	11	8	6
1652	3	16	15	13	14	10	9	12	12	7	7
1655	3	15	15	13	13	10	9	12	10	6	8
1661	3	16	14	14	14	9	9	10	10	6	7
1679	3	15	14	12	12	10	9	12	10	6	8
1705	3	15	14	14	13	8	10	11	10	7	6
1735	3	14	16	13	12	9	10	11	10	6	8
1761	3	13	14	12	11	8	6	8	8	5	4
1768	3	14	15	12	12	10	9	10	10	7	8
1776	3	14	16	14	14	10	9	12	10	8	7
1781	3	23	22	20	21	16	17	18	18	13	13
1784	3	16	14	14	13	9	9	11	12	7	7
1786	3	15	14	14	14	8	8	10	10	6	6
1791	3	16	14	14	13	8	8	11	10	8	8
1807	3	15	15	13	13	10	10	12	12	7	6
1816	3	14	14	12	12	9	8	10	11	8	8
1831	3	14	14	14	12	8	10	12	11	7	8
1833	3	16	16	12	14	8	9	10	12	8	6
196	4	14.5	14.5	13.5	11.5	8.5	7.5	10.5	9.5	7.5	6.5
197	4	14.5	14.5	13.5	11.5	8.5	7.5	10.5	9.5	7.5	6.5
199	4	22.5	22.5	19.5	18.5	14.5	16.5	18.5	18.5	14.5	14.5
202	4	13.5	11.5	11.5	9.5	6.5	7.5	8.5	8.5	4.5	5.5
203	4	11.5	11.5	10.5	9.5	6.5	7.5	7.5	8.5	5.5	3.5
216	4	14.5	15.5	13.5	11.5	7.5	7.5	11.5	11.5	5.5	6.5
218	4	14.5	15.5	13.5	11.5	8.5	8.5	9.5	9.5	6.5	5.5
225	4	13.5	14.5	13.5	12.5	7.5	8.5	9.5	10.5	5.5	5.5
234	4	13.5	15.5	13.5	12.5	8.5	8.5	9.5	10.5	6.5	6.5
246	4	12.5	13.5	11.5	9.5	5.5	7.5	9.5	9.5	3.5	4.5
271	4	22.5	21.5	19.5	19.5	15.5	16.5	16.5	18.5	14.5	12.5
276	4	15.5	13.5	11.5	13.5	7.5	9.5	10.5	9.5	7.5	6.5
283	4	13.5	11.5	9.5	10.5	6.5	5.5	8.5	9.5	3.5	4.5
289	4	15.5	15.5	12.5	12.5	8.5	8.5	10.5	9.5	5.5	7.5
290	4	15.5	15.5	11.5	13.5	7.5	9.5	11.5	10.5	6.5	6.5
297	4	14.5	15.5	12.5	11.5	9.5	9.5	11.5	9.5	7.5	7.5
298	4	13.5	14.5	12.5	11.5	9.5	7.5	11.5	11.5	5.5	6.5
308	4	15.5	14.5	12.5	12.5	8.5	7.5	11.5	11.5	6.5	5.5
311	4	14.5	13.5	12.5	12.5	9.5	8.5	11.5	9.5	7.5	7.5
334	4	15.5	15.5	12.5	13.5	8.5	7.5	10.5	9.5	5.5	6.5
353	4	13.5	15.5	12.5	13.5	9.5	7.5	11.5	10.5	5.5	5.5
358	4	15.5	15.5	11.5	12.5	7.5	9.5	10.5	9.5	7.5	5.5
359	4	15.5	13.5	13.5	13.5	8.5	7.5	10.5	9.5	6.5	5.5
367	4	14.5	15.5	13.5	12.5	9.5	8.5	9.5	11.5	6.5	6.5
381	4	14.5	14.5	11.5	13.5	7.5	9.5	11.5	9.5	7.5	5.5
386	4	14.5	13.5	13.5	11.5	8.5	8.5	10.5	11.5	5.5	7.5
389	4	14.5	14.5	12.5	11.5	7.5	9.5	10.5	10.5	5.5	6.5
396	4	14.5	15.5	11.5	11.5	9.5	9.5	9.5	9.5	7.5	6.5
404	4	15.5	14.5	13.5	13.5	9.5	9.5	10.5	11.5	6.5	6.5
411	4	13.5	15.5	13.5	13.5	8.5	9.5	11.5	9.5	5.5	5.5
412	4	15.5	14.5	12.5	12.5	8.5	7.5	9.5	9.5	5.5	6.5
434	4	15.5	14.5	12.5	13.5	9.5	8.5	9.5	11.5	5.5	5.5
442	4	15.5	13.5	12.5	13.5	7.5	7.5	10.5	11.5	6.5	7.5
443	4	13.5	15.5	11.5	12.5	9.5	7.5	11.5	11.5	6.5	6.5
462	4	20.5	21.5	19.5	18.5	14.5	15.5	18.5	18.5	12.5	13.5
473	4	14.5	15.5	13.5	12.5	7.5	8.5	11.5	11.5	7.5	5.5
475	4	13.5	15.5	13.5	13.5	8.5	7.5	10.5	9.5	7.5	6.5
479	4	15.5	13.5	12.5	11.5	9.5	7.5	11.5	9.5	5.5	6.5
480	4	21.5	20.5	18.5	18.5	14.5	14.5	17.5	18.5	12.5	12.5
487	4	15.5	13.5	13.5	13.5	9.5	7.5	10.5	10.5	7.5	7.5
505	4	13.5	14.5	12.5	11.5	9.5	7.5	9.5	10.5	7.5	7.5
506	4	14.5	15.5	13.5	12.5	7.5	8.5	10.5	11.5	6.5	7.5
514	4	14.5	13.5	12.5	11.5	9.5	7.5	11.5	10.5	6.5	6.5
516	4	15.5	13.5	12.5	11.5	7.5	9.5	10.5	10.5	5.5	5.5
534	4	15.5	13.5	12.5	11.5	8.5	7.5	11.5	10.5	7.5	7.5
544	4	15.5	15.5	11.5	13.5	7.5	9.5	10.5	11.5	5.5	7.5
546	4	15.5	14.5	11.5	13.5	8.5	7.5	10.5	9.5	5.5	6.5
551	4	35.5	35.5	32.5	32.5	28.5	29.5	30.5	30.5	28.5	28.5
580	4	14.5	13.5	13.5	13.5	9.5	9.5	11.5	9.5	6.5	5.5
589	4	14.5	14.5	12.5	11.5	7.5	8.5	10.5	10.5	5.5	7.5
595	4	15.5	13.5	11.5	11.5	8.5	9.5	9.5	11.5	5.5	7.5
623	4	13.5	14.5	13.5	12.5	9.5	9.5	10.5	11.5	5.5	5.5
639	4	13.5	13.5	11.5	13.5	8.5	8.5	11.5	10.5	7.5	5.5
648	4	15.5	14.5	12.5	11.5	8.5	9.5	9.5	11.5	7.5	6.5
660	4	13.5	13.5	11.5	12.5	8.5	9.5	10.5	9.5	5.5	5.5
677	4	15.5	15.5	13.5	11.5	7.5	7.5	9.5	11.5	7.5	7.5
702	4	13.5	15.5	11.5	12.5	7.5	7.5	10.5	9.5	7.5	6.5
703	4	15.5	14.5	12.5	12.5	8.5	8.5	9.5	11.5	6.5	6.5
725	4	15.5	15.5	11.5	12.5	8.5	7.5	9.5	11.5	6.5	5.5
733	4	11.5	12.5	10.5	11.5	5.5	6.5	8.5	9.5	4.5	3.5
739	4	15.5	14.5	11.5	11.5	7.5	7.5	11.5	10.5	6.5	6.5
741	4	13.5	11.5	10.5	9.5	5.5	5.5	9.5	9.5	5.5	4.5
742	4	13.5	14.5	11.5	11.5	9.5	7.5	10.5	9.5	5.5	6.5
757	4	15.5	14.5	12.5	13.5	8.5	8.5	10.5	9.5	7.5	7.5
769	4	14.5	13.5	13.5	12.5	7.5	7.5	10.5	10.5	6.5	6.5
771	4	15.5	13.5	12.5	11.5	8.5	9.5	10.5	9.5	7.5	6.5
772	4	14.5	13.5	13.5	11.5	8.5	8.5	11.5	11.5	5.5	5.5
779	4	15.5	14.5	13.5	13.5	8.5	8.5	11.5	11.5	6.5	5.5
780	4	15.5	14.5	13.5	13.5	8.5	7.5	9.5	11.5	6.5	7.5
786	4	14.5	13.5	13.5	12.5	9.5	8.5	10.5	10.5	6.5	6.5
799	4	15.5	13.5	13.5	12.5	9.5	9.5	9.5	11.5	6.5	6.5
807	4	15.5	13.5	12.5	13.5	8.5	9.5	11.5	9.5	5.5	5.5
829	4	15.5	14.5	11.5	13.5	8.5	7.5	10.5	11.5	6.5	5.5
835	4	15.5	14.5	11.5	13.5	8.5	7.5	10.5	11.5	6.5	6.5
841	4	15.5	14.5	12.5	11.5	8.5	9.5	9.5	9.5	5.5	5.5
845	4	13.5	14.5	13.5	13.5	8.5	7.5	10.5	9.5	7.5	5.5
858	4	14.5	15.5	13.5	12.5	9.5	9.5	9.5	9.5	6.5	7.5
859	4	22.5	22.5	18.5	18.5	14.5	14.5	17.5	18.5	14.5	13.5
860	4	15.5	13.5	11.5	12.5	9.5	8.5	11.5	10.5	5.5	5.5
863	4	22.5	20.5	18.5	19.5	14.5	15.5	18.5	18.5	12.5	12.5
869	4	14.5	14.5	12.5	12.5	9.5	9.5	11.5	9.5	7.5	6.5
890	4	14.5	14.5	13.5	13.5	7.5	8.5	10.5	11.5	7.5	7.5
891	4	13.5	15.5	11.5	13.5	9.5	9.5	10.5	10.5	7.5	5.5
892	4	14.5	13.5	11.5	12.5	7.5	9.5	10.5	10.5	5.5	5.5
899	4	14.5	15.5	11.5	11.5	7.5	7.5	9.5	9.5	7.5	7.5
902	4	15.5	15.5	11.5	13.5	8.5	7.5	11.5	9.5	5.5	7.5
903	4	14.5	15.5	13.5	13.5	9.5	8.5	11.5	10.5	5.5	5.5
904	4	15.5	13.5	13.5	13.5	8.5	9.5	9.5	9.5	6.5	5.5
905	4	15.5	14.5	11.5	13.5	9.5	8.5	10.5	11.5	7.5	7.5
906	4	14.5	15.5	12.5	12.5	8.5	8.5	11.5	9.5	7.5	5.5
909	4	15.5	15.5	11.5	13.5	9.5	9.5	11.5	10.5	6.5	5.5
913	4	15.5	13.5	13.5	12.5	9.5	7.5	10.5	10.5	7.5	6.5
919	4	13.5	14.5	13.5	13.5	8.5	8.5	11.5	11.5	7.5	7.5
924	4	15.5	15.5	12.5	12.5	9.5	9.5	9.5	9.5	6.5	7.5
930	4	28.5	28.5	26.5	27.5	21.5	21.5	25.5	25.5	21.5	20.5
941	4	13.5	13.5	11.5	11.5	7.5	7.5	9.5	10.5	6.5	5.5
946	4	22.5	21.5	19.5	19.5	16.5	14.5	18.5	18.5	12.5	13.5
960	4	13.5	13.5	11.5	12.5	7.5	9.5	11.5	10.5	6.5	7.5
962	4	14.5	15.5	11.5	12.5	9.5	7.5	11.5	10.5	6.5	7.5
968	4	13.5	15.5	13.5	13.5	9.5	7.5	10.5	10.5	7.5	5.5
978	4	15.5	15.5	13.5	11.5	8.5	7.5	11.5	9.5	6.5	5.5
987	4	13.5	15.5	13.5	13.5	8.5	8.5	10.5	10.5	6.5	5.5
1008	4	21.5	22.5	19.5	19.5	16.5	14.5	17.5	16.5	12.5	14.5
1011	4	15.5	15.5	11.5	12.5	7.5	8.5	9.5	10.5	5.5	5.5
1018	4	15.5	13.5	11.5	13.5	7.5	9.5	10.5	11.5	5.5	5.5
1031	4	15.5	13.5	13.5	13.5	9.5	8.5	9.5	10.5	7.5	7.5
1040	4	13.5	15.5	11.5	13.5	8.5	8.5	11.5	10.5	7.5	5.5
1043	4	13.5	15.5	11.5	13.5	7.5	8.5	11.5	10.5	6.5	6.5
1050	4	15.5	13.5	12.5	12.5	8.5	9.5	11.5	9.5	5.5	6.5
1062	4	14.5	13.5	13.5	12.5	7.5	9.5	10.5	10.5	6.5	5.5
1088	4	15.5	15.5	13.5	12.5	8.5	8.5	9.5	11.5	6.5	7.5
1094	4	15.5	13.5	12.5	12.5	7.5	7.5	10.5	9.5	5.5	5.5
1131	4	22.5	20.5	18.5	20.5	15.5	15.5	18.5	18.5	13.5	12.5
1140	4	15.5	13.5	12.5	12.5	8.5	9.5	11.5	9.5	6.5	6.5
1152	4	20.5	20.5	18.5	20.5	14.5	14.5	18.5	17.5	13.5	12.5
1157	4	29.5	29.5	25.5	25.5	21.5	21.5	25.5	23.5	21.5	19.5
1168	4	13.5	13.5	11.5	13.5	8.5	7.5	11.5	11.5	7.5	7.5
1172	4	13.5	15.5	13.5	11.5	7.5	8.5	10.5	11.5	6.5	7.5
1185	4	14.5	15.5	13.5	11.5	7.5	8.5	11.5	10.5	6.5	5.5
1186	4	15.5	13.5	13.5	12.5	8.5	8.5	11.5	10.5	7.5	6.5
1196	4	15.5	13.5	12.5	13.5	9.5	7.5	10.5	9.5	7.5	6.5
1206	4	15.5	13.5	12.5	13.5	8.5	9.5	11.5	11.5	7.5	6.5
1220	4	15.5	14.5	11.5	13.5	9.5	9.5	10.5	9.5	5.5	7.5
1252	4	13.5	14.5	13.5	13.5	8.5	7.5	11.5	9.5	7.5	5.5
1313	4	14.5	13.5	11.5	12.5	9.5	9.5	11.5	10.5	7.5	7.5
1315	4	15.5	14.5	12.5	12.5	8.5	8.5	11.5	10.5	5.5	6.5
1334	4	13.5	15.5	13.5	11.5	9.5	8.5	11.5	10.5	6.5	7.5
1341	4	15.5	15.5	12.5	11.5	7.5	7.5	9.5	9.5	5.5	6.5
1363	4	15.5	14.5	13.5	12.5	9.5	9.5	11.5	11.5	6.5	6.5
1388	4	14.5	15.5	13.5	11.5	7.5	9.5	11.5	9.5	5.5	7.5
1393	4	34.5	34.5	33.5	34.5	30.5	28.5	31.5	30.5	28.5	28.5
1407	4	14.5	15.5	11.5	11.5	9.5	7.5	9.5	9.5	5.5	5.5
1419	4	13.5	14.5	11.5	12.5	7.5	9.5	9.5	10.5	6.5	7.5
1443	4	14.5	15.5	13.5	11.5	9.5	7.5	9.5	10.5	6.5	6.5
1457	4	14.5	14.5	11.5	13.5	9.5	8.5	11.5	9.5	5.5	6.5
1464	4	14.5	15.5	12.5	11.5	7.5	8.5	10.5	11.5	6.5	6.5
1465	4	15.5	15.5	12.5	13.5	7.5	7.5	9.5	9.5	6.5	5.5
1471	4	15.5	13.5	12.5	12.5	8.5	7.5	10.5	9.5	6.5	7.5
1472	4	13.5	13.5	11.5	11.5	8.5	7.5	10.5	9.5	7.5	7.5
1474	4	14.5	13.5	12.5	11.5	7.5	9.5	10.5	10.5	6.5	7.5
1485	4	15.5	14.5	12.5	11.5	8.5	9.5	11.5	11.5	5.5	5.5
1489	4	13.5	13.5	11.5	12.5	7.5	8.5	10.5	10.5	7.5	5.5
1502	4	15.5	14.5	13.5	12.5	7.5	7.5	11.5	11.5	5.5	7.5
1503	4	14.5	15.5	11.5	12.5	9.5	8.5	10.5	11.5	6.5	6.5
1506	4	14.5	15.5	13.5	11.5	7.5	9.5	9.5	9.5	5.5	6.5
1510	4	13.5	13.5	12.5	12.5	7.5	8.5	10.5	11.5	6.5	7.5
1524	4	15.5	13.5	11.5	12.5	8.5	7.5	9.5	11.5	6.5	6.5
1534	4	15.5	14.5	13.5	12.5	9.5	8.5	9.5	9.5	6.5	7.5
1548	4	14.5	13.5	11.5	11.5	7.5	9.5	11.5	10.5	6.5	5.5
1552	4	13.5	15.5	11.5	12.5	7.5	9.5	9.5	10.5	5.5	7.5
1557	4	15.5	14.5	11.5	12.5	9.5	9.5	9.5	10.5	7.5	5.5
1562	4	15.5	13.5	12.5	11.5	9.5	7.5	10.5	9.5	7.5	5.5
1566	4	15.5	14.5	11.5	11.5	9.5	9.5	9.5	11.5	6.5	5.5
1567	4	15.5	14.5	11.5	12.5	8.5	9.5	10.5	9.5	6.5	7.5
1579	4	15.5	14.5	13.5	13.5	9.5	7.5	9.5	9.5	6.5	5.5
1586	4	15.5	14.5	12.5	13.5	7.5	8.5	11.5	9.5	5.5	6.5
1613	4	14.5	15.5	12.5	12.5	9.5	7.5	11.5	9.5	7.5	5.5
1638	4	15.5	15.5	11.5	13.5	7.5	9.5	9.5	10.5	5.5	7.5
1639	4	15.5	14.5	12.5	12.5	9.5	8.5	9.5	11.5	5.5	5.5
1643	4	14.5	13.5	11.5	11.5	8.5	9.5	9.5	10.5	7.5	5.5
1652	4	15.5	14.5	12.5	13.5	9.5	8.5	11.5	11.5	6.5	6.5
1655	4	14.5	14.5	12.5	12.5	9.5	8.5	11.5	9.5	5.5	7.5
1661	4	15.5	13.5	13.5	13.5	8.5	8.5	9.5	9.5	5.5	6.5
1679	4	14.5	13.5	11.5	11.5	9.5	8.5	11.5	9.5	5.5	7.5
1705	4	14.5	13.5	13.5	12.5	7.5	9.5	10.5	9.5	6.5	5.5
1735	4	13.5	15.5	12.5	11.5	8.5	9.5	10.5	9.5	5.5	7.5
1761	4	12.5	13.5	11.5	10.5	7.5	5.5	7.5	7.5	4.5	3.5
1768	4	13.5	14.5	11.5	11.5	9.5	8.5	9.5	9.5	6.5	7.5
1776	4	13.5	15.5	13.5	13.5	9.5	8.5	11.5	9.5	7.5	6.5
1781	4	22.5	21.5	19.5	20.5	15.5	16.5	17.5	17.5	12.5	12.5
1784	4	15.5	13.5	13.5	12.5	8.5	8.5	10.5	11.5	6.5	6.5
1786	4	14.5	13.5	13.5	13.5	7.5	7.5	9.5	9.5	5.5	5.5
1791	4	15.5	13.5	13.5	12.5	7.5	7.5	10.5	9.5	7.5	7.5
1807	4	14.5	14.5	12.5	12.5	9.5	9.5	11.5	11.5	6.5	5.5
1816	4	13.5	13.5	11.5	11.5	8.5	7.5	9.5	10.5	7.5	7.5
1831	4	13.5	13.5	13.5	11.5	7.5	9.5	11.5	10.5	6.5	7.5
1833	4	15.5	15.5	11.5	13.5	7.5	8.5	9.5	11.5	7.5	5.5
196	5	18	19	16	18	14	13	16	15	10	11
197	5	18	19	16	18	14	13	16	15	10	11
199	5	30	30	26	28	22	23	26	26	21	22
202	5	18	17	14	16	11	12	12	12	8	8
203	5	17	16	16	15	12	10	13	13	9	8
216	5	19	18	16	16	13	13	14	15	12	10
218	5	20	18	16	18	12	13	14	14	10	10
225	5	20	19	18	17	13	12	15	14	10	10
234	5	19	20	16	17	12	12	15	16	10	12
246	5	18	17	15	14	12	11	12	12	10	8
271	5	28	29	27	26	24	24	24	26	22	22
276	5	20	18	16	16	14	13	16	16	10	11
283	5	18	18	16	14	11	10	14	13	9	9
289	5	19	19	16	16	12	14	16	16	12	12
290	5	19	19	18	18	12	14	15	14	12	10
297	5	18	18	16	16	13	12	16	14	12	11
298	5	19	18	16	18	13	12	15	15	12	11
308	5	20	19	16	17	14	13	15	14	12	10
311	5	18	20	16	18	14	13	14	15	10	12
334	5	19	18	16	17	14	14	14	14	11	10
353	5	20	18	18	18	12	13	14	14	10	12
358	5	19	18	16	18	13	12	14	15	10	10
359	5	18	20	16	18	12	14	15	14	12	10
367	5	19	19	17	18	13	14	16	16	10	12
381	5	18	18	16	16	13	12	14	14	10	10
386	5	19	18	17	18	12	12	15	16	12	10
389	5	20	20	16	17	12	14	14	16	10	10
396	5	18	18	18	16	14	14	14	15	11	12
404	5	19	18	16	17	12	14	14	15	12	12
411	5	18	19	17	18	14	14	14	14	12	11
412	5	20	19	17	18	13	12	14	14	11	11
434	5	18	19	16	16	12	12	14	15	12	10
442	5	19	20	18	17	12	14	15	15	12	12
443	5	18	18	16	17	14	13	14	15	10	11
462	5	30	28	26	28	24	24	25	25	21	22
473	5	20	19	18	17	12	13	15	15	11	12
475	5	20	19	16	16	13	12	14	16	10	10
479	5	19	19	18	18	14	13	15	15	11	11
480	5	29	29	28	27	24	22	25	26	20	21
487	5	19	19	18	18	12	12	16	16	11	11
505	5	19	18	16	17	14	12	15	14	10	11
506	5	19	19	18	16	13	13	15	16	12	10
514	5	19	19	18	18	13	14	16	15	10	12
516	5	18	18	18	16	14	14	14	14	11	11
534	5	20	18	18	18	12	14	15	14	12	12
544	5	19	18	16	18	13	14	15	16	11	11
546	5	18	19	17	16	14	13	14	16	11	10
551	5	50	50	46	46	43	43	45	44	41	41
580	5	20	18	18	18	14	13	16	16	12	11
589	5	18	20	18	18	13	14	15	15	11	12
595	5	20	18	16	17	14	12	15	16	12	11
623	5	19	19	16	17	14	13	16	15	12	11
639	5	19	20	17	17	14	14	15	16	10	10
648	5	18	20	17	16	12	13	15	14	11	11
660	5	18	19	18	18	12	14	16	15	11	12
677	5	20	18	17	16	12	13	16	14	12	10
702	5	19	19	18	18	14	13	16	16	12	12
703	5	19	19	18	17	12	14	14	15	11	11
725	5	20	19	18	16	13	14	15	14	11	12
733	5	17	16	14	15	12	10	13	13	8	8
739	5	19	20	16	18	12	13	16	16	12	11
741	5	16	17	16	15	12	11	13	13	9	8
742	5	19	20	18	16	13	13	16	15	12	10
757	5	19	18	18	16	14	13	16	14	11	11
769	5	20	20	16	17	13	12	14	14	10	11
771	5	20	19	16	16	12	13	15	16	12	12
772	5	18	18	17	16	14	12	15	15	10	12
779	5	20	20	16	17	13	12	14	15	11	12
780	5	18	19	17	16	12	13	14	14	11	10
786	5	18	19	18	16	12	12	16	16	10	11
799	5	18	18	16	18	14	13	16	14	11	12
807	5	20	18	17	17	14	14	14	16	12	10
829	5	19	20	16	17	14	14	15	14	10	11
835	5	20	19	17	16	13	13	15	14	11	12
841	5	18	19	16	16	14	13	15	15	12	10
845	5	20	19	16	17	13	14	16	14	10	11
858	5	19	19	16	16	12	14	16	14	11	11
859	5	29	30	27	27	23	23	26	24	22	20
860	5	20	20	18	16	13	13	14	16	11	12
863	5	30	28	26	28	23	22	24	26	21	22
869	5	19	20	16	18	14	13	14	15	10	10
890	5	20	18	17	16	12	12	15	15	12	11
891	5	19	19	17	16	14	14	14	16	10	10
892	5	18	20	18	16	13	12	16	14	10	12
899	5	19	20	16	16	12	13	16	16	11	12
902	5	20	19	18	17	13	13	15	15	10	11
903	5	18	18	16	17	12	13	16	16	11	10
904	5	20	18	16	18	14	14	16	16	12	11
905	5	18	18	16	16	12	14	14	15	10	10
906	5	20	18	16	18	13	12	15	15	11	12
909	5	19	19	16	18	12	14	15	16	11	11
913	5	19	20	18	18	12	12	14	15	11	11
919	5	20	20	16	16	14	13	15	16	10	10
924	5	20	19	18	17	14	12	16	14	11	11
930	5	38	40	36	38	33	32	35	36	31	30
941	5	20	20	16	17	13	14	16	15	12	11
946	5	29	29	28	26	24	24	25	26	22	21
960	5	19	18	16	16	13	14	16	15	11	11
962	5	20	18	16	18	14	13	16	15	10	10
968	5	20	18	17	16	14	13	15	14	10	12
978	5	20	20	18	16	13	13	16	15	12	11
987	5	18	19	16	16	13	14	16	15	10	10
1008	5	30	28	26	27	22	23	24	25	22	21
1011	5	19	20	17	16	14	14	16	15	12	11
1018	5	20	20	16	18	13	13	14	15	11	10
1031	5	20	19	16	18	12	12	15	14	10	10
1040	5	18	20	18	17	13	14	16	15	10	11
1043	5	19	19	17	17	14	14	15	14	12	11
1050	5	18	19	16	16	12	14	16	15	10	11
1062	5	18	18	17	18	14	13	15	16	12	10
1088	5	20	18	16	16	14	12	16	14	11	11
1094	5	20	19	18	17	13	13	15	15	10	11
1131	5	29	29	27	26	22	24	25	25	22	22
1140	5	19	19	18	17	14	13	16	15	10	11
1152	5	29	30	26	27	24	22	26	25	20	20
1157	5	39	39	38	37	32	32	35	35	30	30
1168	5	19	18	18	17	14	13	15	16	10	10
1172	5	20	18	18	17	14	13	15	14	12	12
1185	5	18	18	18	17	14	14	14	15	11	11
1186	5	20	18	18	16	12	14	15	16	10	12
1196	5	20	20	18	16	12	12	14	15	12	10
1206	5	19	19	18	16	12	14	14	14	10	11
1220	5	20	19	16	18	14	12	14	15	12	11
1252	5	20	19	18	16	12	12	15	14	11	10
1313	5	19	19	17	18	14	14	16	14	12	10
1315	5	18	18	18	16	13	14	15	16	11	10
1334	5	19	18	17	16	12	13	15	14	12	10
1341	5	20	18	18	18	12	14	16	15	10	12
1363	5	20	19	18	16	14	12	14	16	11	12
1388	5	20	18	18	18	12	14	16	16	11	11
1393	5	50	49	48	47	43	44	45	45	42	42
1407	5	18	18	18	17	13	12	14	16	11	12
1419	5	18	20	17	16	12	13	15	15	11	11
1443	5	19	20	18	17	12	13	15	15	10	11
1457	5	20	19	16	18	12	12	15	16	12	10
1464	5	19	18	16	18	12	13	14	14	12	12
1465	5	18	18	16	16	14	12	16	14	11	11
1471	5	19	19	17	18	13	12	14	14	10	12
1472	5	18	20	18	18	13	14	16	15	11	11
1474	5	18	19	18	16	12	13	16	16	12	12
1485	5	20	19	17	16	13	14	14	16	10	12
1489	5	19	20	16	16	14	14	16	16	12	12
1502	5	20	18	18	18	12	12	15	16	11	11
1503	5	20	18	18	18	12	14	16	15	10	11
1506	5	19	20	18	16	14	12	15	15	12	10
1510	5	18	18	18	17	13	14	16	16	12	10
1524	5	20	19	16	18	14	14	15	14	11	12
1534	5	18	19	18	17	14	13	14	16	10	10
1548	5	19	20	18	18	14	12	14	14	11	10
1552	5	18	20	16	17	13	14	16	15	11	12
1557	5	18	20	17	16	14	12	15	14	12	12
1562	5	18	18	17	16	12	13	14	14	12	10
1566	5	20	20	17	18	14	12	15	16	11	11
1567	5	20	18	16	16	13	14	15	16	11	11
1579	5	19	18	16	16	14	14	16	14	11	12
1586	5	19	20	16	16	13	12	15	14	10	12
1613	5	18	19	17	17	14	13	16	16	11	10
1638	5	20	18	17	18	14	12	15	16	10	10
1639	5	19	18	16	17	12	13	16	16	11	10
1643	5	20	20	16	17	13	13	14	14	11	12
1652	5	20	20	17	18	13	13	14	16	11	11
1655	5	19	18	16	18	12	14	16	16	10	12
1661	5	20	20	18	18	14	13	16	15	11	10
1679	5	20	20	16	17	13	12	15	15	11	12
1705	5	20	20	18	16	13	14	15	14	11	10
1735	5	18	18	18	16	13	13	16	16	11	10
1761	5	18	16	15	16	10	10	14	13	8	9
1768	5	20	19	16	18	12	14	14	16	10	11
1776	5	20	18	18	17	13	13	16	15	10	10
1781	5	30	30	28	26	23	24	25	25	22	22
1784	5	20	18	17	17	13	14	14	15	11	12
1786	5	18	18	16	18	14	12	15	16	12	10
1791	5	19	18	16	17	12	12	15	14	12	11
1807	5	18	20	16	16	14	14	14	15	12	11
1816	5	18	20	18	17	13	13	16	16	12	10
1831	5	19	18	18	17	14	13	14	14	12	11
1833	5	20	18	18	16	14	12	15	14	10	11
196	6	17.5	18.5	15.5	17.5	13.5	12.5	15.5	14.5	9.5	10.5
197	6	17.5	18.5	15.5	17.5	13.5	12.5	15.5	14.5	9.5	10.5
199	6	29.5	29.5	25.5	27.5	21.5	22.5	25.5	25.5	20.5	21.5
202	6	17.5	16.5	13.5	15.5	10.5	11.5	11.5	11.5	7.5	7.5
203	6	16.5	15.5	15.5	14.5	11.5	9.5	12.5	12.5	8.5	7.5
216	6	18.5	17.5	15.5	15.5	12.5	12.5	13.5	14.5	11.5	9.5
218	6	19.5	17.5	15.5	17.5	11.5	12.5	13.5	13.5	9.5	9.5
225	6	19.5	18.5	17.5	16.5	12.5	11.5	14.5	13.5	9.5	9.5
234	6	18.5	19.5	15.5	16.5	11.5	11.5	14.5	15.5	9.5	11.5
246	6	17.5	16.5	14.5	13.5	11.5	10.5	11.5	11.5	9.5	7.5
271	6	27.5	28.5	26.5	25.5	23.5	23.5	23.5	25.5	21.5	21.5
276	6	19.5	17.5	15.5	15.5	13.5	12.5	15.5	15.5	9.5	10.5
283	6	17.5	17.5	15.5	13.5	10.5	9.5	13.5	12.5	8.5	8.5
289	6	18.5	18.5	15.5	15.5	11.5	13.5	15.5	15.5	11.5	11.5
290	6	18.5	18.5	17.5	17.5	11.5	13.5	14.5	13.5	11.5	9.5
297	6	17.5	17.5	15.5	15.5	12.5	11.5	15.5	13.5	11.5	10.5
298	6	18.5	17.5	15.5	17.5	12.5	11.5	14.5	14.5	11.5	10.5
308	6	19.5	18.5	15.5	16.5	13.5	12.5	14.5	13.5	11.5	9.5
311	6	17.5	19.5	15.5	17.5	13.5	12.5	13.5	14.5	9.5	11.5
334	6	18.5	17.5	15.5	16.5	13.5	13.5	13.5	13.5	10.5	9.5
353	6	19.5	17.5	17.5	17.5	11.5	12.5	13.5	13.5	9.5	11.5
358	6	18.5	17.5	15.5	17.5	12.5	11.5	13.5	14.5	9.5	9.5
359	6	17.5	19.5	15.5	17.5	11.5	13.5	14.5	13.5	11.5	9.5
367	6	18.5	18.5	16.5	17.5	12.5	13.5	15.5	15.5	9.5	11.5
381	6	17.5	17.5	15.5	15.5	12.5	11.5	13.5	13.5	9.5	9.5
386	6	18.5	17.5	16.5	17.5	11.5	11.5	14.5	15.5	11.5	9.5
389	6	19.5	19.5	15.5	16.5	11.5	13.5	13.5	15.5	9.5	9.5
396	6	17.5	17.5	17.5	15.5	13.5	13.5	13.5	14.5	10.5	11.5
404	6	18.5	17.5	15.5	16.5	11.5	13.5	13.5	14.5	11.5	11.5
411	6	17.5	18.5	16.5	17.5	13.5	13.5	13.5	13.5	11.5	10.5
412	6	19.5	18.5	16.5	17.5	12.5	11.5	13.5	13.5	10.5	10.5
434	6	17.5	18.5	15.5	15.5	11.5	11.5	13.5	14.5	11.5	9.5
442	6	18.5	19.5	17.5	16.5	11.5	13.5	14.5	14.5	11.5	11.5
443	6	17.5	17.5	15.5	16.5	13.5	12.5	13.5	14.5	9.5	10.5
462	6	29.5	27.5	25.5	27.5	23.5	23.5	24.5	24.5	20.5	21.5
473	6	19.5	18.5	17.5	16.5	11.5	12.5	14.5	14.5	10.5	11.5
475	6	19.5	18.5	15.5	15.5	12.5	11.5	13.5	15.5	9.5	9.5
479	6	18.5	18.5	17.5	17.5	13.5	12.5	14.5	14.5	10.5	10.5
480	6	28.5	28.5	27.5	26.5	23.5	21.5	24.5	25.5	19.5	20.5
487	6	18.5	18.5	17.5	17.5	11.5	11.5	15.5	15.5	10.5	10.5
505	6	18.5	17.5	15.5	16.5	13.5	11.5	14.5	13.5	9.5	10.5
506	6	18.5	18.5	17.5	15.5	12.5	12.5	14.5	15.5	11.5	9.5
514	6	18.5	18.5	17.5	17.5	12.5	13.5	15.5	14.5	9.5	11.5
516	6	17.5	17.5	17.5	15.5	13.5	13.5	13.5	13.5	10.5	10.5
534	6	19.5	17.5	17.5	17.5	11.5	13.5	14.5	13.5	11.5	11.5
544	6	18.5	17.5	15.5	17.5	12.5	13.5	14.5	15.5	10.5	10.5
546	6	17.5	18.5	16.5	15.5	13.5	12.5	13.5	15.5	10.5	9.5
551	6	49.5	49.5	45.5	45.5	42.5	42.5	44.5	43.5	40.5	40.5
580	6	19.5	17.5	17.5	17.5	13.5	12.5	15.5	15.5	11.5	10.5
589	6	17.5	19.5	17.5	17.5	12.5	13.5	14.5	14.5	10.5	11.5
595	6	19.5	17.5	15.5	16.5	13.5	11.5	14.5	15.5	11.5	10.5
623	6	18.5	18.5	15.5	16.5	13.5	12.5	15.5	14.5	11.5	10.5
639	6	18.5	19.5	16.5	16.5	13.5	13.5	14.5	15.5	9.5	9.5
648	6	17.5	19.5	16.5	15.5	11.5	12.5	14.5	13.5	10.5	10.5
660	6	17.5	18.5	17.5	17.5	11.5	13.5	15.5	14.5	10.5	11.5
677	6	19.5	17.5	16.5	15.5	11.5	12.5	15.5	13.5	11.5	9.5
702	6	18.5	18.5	17.5	17.5	13.5	12.5	15.5	15.5	11.5	11.5
703	6	18.5	18.5	17.5	16.5	11.5	13.5	13.5	14.5	10.5	10.5
725	6	19.5	18.5	17.5	15.5	12.5	13.5	14.5	13.5	10.5	11.5
733	6	16.5	15.5	13.5	14.5	11.5	9.5	12.5	12.5	7.5	7.5
739	6	18.5	19.5	15.5	17.5	11.5	12.5	15.5	15.5	11.5	10.5
741	6	15.5	16.5	15.5	14.5	11.5	10.5	12.5	12.5	8.5	7.5
742	6	18.5	19.5	17.5	15.5	12.5	12.5	15.5	14.5	11.5	9.5
757	6	18.5	17.5	17.5	15.5	13.5	12.5	15.5	13.5	10.5	10.5
769	6	19.5	19.5	15.5	16.5	12.5	11.5	13.5	13.5	9.5	10.5
771	6	19.5	18.5	15.5	15.5	11.5	12.5	14.5	15.5	11.5	11.5
772	6	17.5	17.5	16.5	15.5	13.5	11.5	14.5	14.5	9.5	11.5
779	6	19.5	19.5	15.5	16.5	12.5	11.5	13.5	14.5	10.5	11.5
780	6	17.5	18.5	16.5	15.5	11.5	12.5	13.5	13.5	10.5	9.5
786	6	17.5	18.5	17.5	15.5	11.5	11.5	15.5	15.5	9.5	10.5
799	6	17.5	17.5	15.5	17.5	13.5	12.5	15.5	13.5	10.5	11.5
807	6	19.5	17.5	16.5	16.5	13.5	13.5	13.5	15.5	11.5	9.5
829	6	18.5	19.5	15.5	16.5	13.5	13.5	14.5	13.5	9.5	10.5
835	6	19.5	18.5	16.5	15.5	12.5	12.5	14.5	13.5	10.5	11.5
841	6	17.5	18.5	15.5	15.5	13.5	12.5	14.5	14.5	11.5	9.5
845	6	19.5	18.5	15.5	16.5	12.5	13.5	15.5	13.5	9.5	10.5
858	6	18.5	18.5	15.5	15.5	11.5	13.5	15.5	13.5	10.5	10.5
859	6	28.5	29.5	26.5	26.5	22.5	22.5	25.5	23.5	21.5	19.5
860	6	19.5	19.5	17.5	15.5	12.5	12.5	13.5	15.5	10.5	11.5
863	6	29.5	27.5	25.5	27.5	22.5	21.5	23.5	25.5	20.5	21.5
869	6	18.5	19.5	15.5	17.5	13.5	12.5	13.5	14.5	9.5	9.5
890	6	19.5	17.5	16.5	15.5	11.5	11.5	14.5	14.5	11.5	10.5
891	6	18.5	18.5	16.5	15.5	13.5	13.5	13.5	15.5	9.5	9.5
892	6	17.5	19.5	17.5	15.5	12.5	11.5	15.5	13.5	9.5	11.5
899	6	18.5	19.5	15.5	15.5	11.5	12.5	15.5	15.5	10.5	11.5
902	6	19.5	18.5	17.5	16.5	12.5	12.5	14.5	14.5	9.5	10.5
903	6	17.5	17.5	15.5	16.5	11.5	12.5	15.5	15.5	10.5	9.5
904	6	19.5	17.5	15.5	17.5	13.5	13.5	15.5	15.5	11.5	10.5
905	6	17.5	17.5	15.5	15.5	11.5	13.5	13.5	14.5	9.5	9.5
906	6	19.5	17.5	15.5	17.5	12.5	11.5	14.5	14.5	10.5	11.5
909	6	18.5	18.5	15.5	17.5	11.5	13.5	14.5	15.5	10.5	10.5
913	6	18.5	19.5	17.5	17.5	11.5	11.5	13.5	14.5	10.5	10.5
919	6	19.5	19.5	15.5	15.5	13.5	12.5	14.5	15.5	9.5	9.5
924	6	19.5	18.5	17.5	16.5	13.5	11.5	15.5	13.5	10.5	10.5
930	6	37.5	39.5	35.5	37.5	32.5	31.5	34.5	35.5	30.5	29.5
941	6	19.5	19.5	15.5	16.5	12.5	13.5	15.5	14.5	11.5	10.5
946	6	28.5	28.5	27.5	25.5	23.5	23.5	24.5	25.5	21.5	20.5
960	6	18.5	17.5	15.5	15.5	12.5	13.5	15.5	14.5	10.5	10.5
962	6	19.5	17.5	15.5	17.5	13.5	12.5	15.5	14.5	9.5	9.5
968	6	19.5	17.5	16.5	15.5	13.5	12.5	14.5	13.5	9.5	11.5
978	6	19.5	19.5	17.5	15.5	12.5	12.5	15.5	14.5	11.5	10.5
987	6	17.5	18.5	15.5	15.5	12.5	13.5	15.5	14.5	9.5	9.5
1008	6	29.5	27.5	25.5	26.5	21.5	22.5	23.5	24.5	21.5	20.5
1011	6	18.5	19.5	16.5	15.5	13.5	13.5	15.5	14.5	11.5	10.5
1018	6	19.5	19.5	15.5	17.5	12.5	12.5	13.5	14.5	10.5	9.5
1031	6	19.5	18.5	15.5	17.5	11.5	11.5	14.5	13.5	9.5	9.5
1040	6	17.5	19.5	17.5	16.5	12.5	13.5	15.5	14.5	9.5	10.5
1043	6	18.5	18.5	16.5	16.5	13.5	13.5	14.5	13.5	11.5	10.5
1050	6	17.5	18.5	15.5	15.5	11.5	13.5	15.5	14.5	9.5	10.5
1062	6	17.5	17.5	16.5	17.5	13.5	12.5	14.5	15.5	11.5	9.5
1088	6	19.5	17.5	15.5	15.5	13.5	11.5	15.5	13.5	10.5	10.5
1094	6	19.5	18.5	17.5	16.5	12.5	12.5	14.5	14.5	9.5	10.5
1131	6	28.5	28.5	26.5	25.5	21.5	23.5	24.5	24.5	21.5	21.5
1140	6	18.5	18.5	17.5	16.5	13.5	12.5	15.5	14.5	9.5	10.5
1152	6	28.5	29.5	25.5	26.5	23.5	21.5	25.5	24.5	19.5	19.5
1157	6	38.5	38.5	37.5	36.5	31.5	31.5	34.5	34.5	29.5	29.5
1168	6	18.5	17.5	17.5	16.5	13.5	12.5	14.5	15.5	9.5	9.5
1172	6	19.5	17.5	17.5	16.5	13.5	12.5	14.5	13.5	11.5	11.5
1185	6	17.5	17.5	17.5	16.5	13.5	13.5	13.5	14.5	10.5	10.5
1186	6	19.5	17.5	17.5	15.5	11.5	13.5	14.5	15.5	9.5	11.5
1196	6	19.5	19.5	17.5	15.5	11.5	11.5	13.5	14.5	11.5	9.5
1206	6	18.5	18.5	17.5	15.5	11.5	13.5	13.5	13.5	9.5	10.5
1220	6	19.5	18.5	15.5	17.5	13.5	11.5	13.5	14.5	11.5	10.5
1252	6	19.5	18.5	17.5	15.5	11.5	11.5	14.5	13.5	10.5	9.5
1313	6	18.5	18.5	16.5	17.5	13.5	13.5	15.5	13.5	11.5	9.5
1315	6	17.5	17.5	17.5	15.5	12.5	13.5	14.5	15.5	10.5	9.5
1334	6	18.5	17.5	16.5	15.5	11.5	12.5	14.5	13.5	11.5	9.5
1341	6	19.5	17.5	17.5	17.5	11.5	13.5	15.5	14.5	9.5	11.5
1363	6	19.5	18.5	17.5	15.5	13.5	11.5	13.5	15.5	10.5	11.5
1388	6	19.5	17.5	17.5	17.5	11.5	13.5	15.5	15.5	10.5	10.5
1393	6	49.5	48.5	47.5	46.5	42.5	43.5	44.5	44.5	41.5	41.5
1407	6	17.5	17.5	17.5	16.5	12.5	11.5	13.5	15.5	10.5	11.5
1419	6	17.5	19.5	16.5	15.5	11.5	12.5	14.5	14.5	10.5	10.5
1443	6	18.5	19.5	17.5	16.5	11.5	12.5	14.5	14.5	9.5	10.5
1457	6	19.5	18.5	15.5	17.5	11.5	11.5	14.5	15.5	11.5	9.5
1464	6	18.5	17.5	15.5	17.5	11.5	12.5	13.5	13.5	11.5	11.5
1465	6	17.5	17.5	15.5	15.5	13.5	11.5	15.5	13.5	10.5	10.5
1471	6	18.5	18.5	16.5	17.5	12.5	11.5	13.5	13.5	9.5	11.5
1472	6	17.5	19.5	17.5	17.5	12.5	13.5	15.5	14.5	10.5	10.5
1474	6	17.5	18.5	17.5	15.5	11.5	12.5	15.5	15.5	11.5	11.5
1485	6	19.5	18.5	16.5	15.5	12.5	13.5	13.5	15.5	9.5	11.5
1489	6	18.5	19.5	15.5	15.5	13.5	13.5	15.5	15.5	11.5	11.5
1502	6	19.5	17.5	17.5	17.5	11.5	11.5	14.5	15.5	10.5	10.5
1503	6	19.5	17.5	17.5	17.5	11.5	13.5	15.5	14.5	9.5	10.5
1506	6	18.5	19.5	17.5	15.5	13.5	11.5	14.5	14.5	11.5	9.5
1510	6	17.5	17.5	17.5	16.5	12.5	13.5	15.5	15.5	11.5	9.5
1524	6	19.5	18.5	15.5	17.5	13.5	13.5	14.5	13.5	10.5	11.5
1534	6	17.5	18.5	17.5	16.5	13.5	12.5	13.5	15.5	9.5	9.5
1548	6	18.5	19.5	17.5	17.5	13.5	11.5	13.5	13.5	10.5	9.5
1552	6	17.5	19.5	15.5	16.5	12.5	13.5	15.5	14.5	10.5	11.5
1557	6	17.5	19.5	16.5	15.5	13.5	11.5	14.5	13.5	11.5	11.5
1562	6	17.5	17.5	16.5	15.5	11.5	12.5	13.5	13.5	11.5	9.5
1566	6	19.5	19.5	16.5	17.5	13.5	11.5	14.5	15.5	10.5	10.5
1567	6	19.5	17.5	15.5	15.5	12.5	13.5	14.5	15.5	10.5	10.5
1579	6	18.5	17.5	15.5	15.5	13.5	13.5	15.5	13.5	10.5	11.5
1586	6	18.5	19.5	15.5	15.5	12.5	11.5	14.5	13.5	9.5	11.5
1613	6	17.5	18.5	16.5	16.5	13.5	12.5	15.5	15.5	10.5	9.5
1638	6	19.5	17.5	16.5	17.5	13.5	11.5	14.5	15.5	9.5	9.5
1639	6	18.5	17.5	15.5	16.5	11.5	12.5	15.5	15.5	10.5	9.5
1643	6	19.5	19.5	15.5	16.5	12.5	12.5	13.5	13.5	10.5	11.5
1652	6	19.5	19.5	16.5	17.5	12.5	12.5	13.5	15.5	10.5	10.5
1655	6	18.5	17.5	15.5	17.5	11.5	13.5	15.5	15.5	9.5	11.5
1661	6	19.5	19.5	17.5	17.5	13.5	12.5	15.5	14.5	10.5	9.5
1679	6	19.5	19.5	15.5	16.5	12.5	11.5	14.5	14.5	10.5	11.5
1705	6	19.5	19.5	17.5	15.5	12.5	13.5	14.5	13.5	10.5	9.5
1735	6	17.5	17.5	17.5	15.5	12.5	12.5	15.5	15.5	10.5	9.5
1761	6	17.5	15.5	14.5	15.5	9.5	9.5	13.5	12.5	7.5	8.5
1768	6	19.5	18.5	15.5	17.5	11.5	13.5	13.5	15.5	9.5	10.5
1776	6	19.5	17.5	17.5	16.5	12.5	12.5	15.5	14.5	9.5	9.5
1781	6	29.5	29.5	27.5	25.5	22.5	23.5	24.5	24.5	21.5	21.5
1784	6	19.5	17.5	16.5	16.5	12.5	13.5	13.5	14.5	10.5	11.5
1786	6	17.5	17.5	15.5	17.5	13.5	11.5	14.5	15.5	11.5	9.5
1791	6	18.5	17.5	15.5	16.5	11.5	11.5	14.5	13.5	11.5	10.5
1807	6	17.5	19.5	15.5	15.5	13.5	13.5	13.5	14.5	11.5	10.5
1816	6	17.5	19.5	17.5	16.5	12.5	12.5	15.5	15.5	11.5	9.5
1831	6	18.5	17.5	17.5	16.5	13.5	12.5	13.5	13.5	11.5	10.5
1833	6	19.5	17.5	17.5	15.5	13.5	11.5	14.5	13.5	9.5	10.5
196	7	17	18	15	17	13	12	15	14	9	10
197	7	17	18	15	17	13	12	15	14	9	10
199	7	29	29	25	27	21	22	25	25	20	21
202	7	17	16	13	15	10	11	11	11	7	7
203	7	16	15	15	14	11	9	12	12	8	7
216	7	18	17	15	15	12	12	13	14	11	9
218	7	19	17	15	17	11	12	13	13	9	9
225	7	19	18	17	16	12	11	14	13	9	9
234	7	18	19	15	16	11	11	14	15	9	11
246	7	17	16	14	13	11	10	11	11	9	7
271	7	27	28	26	25	23	23	23	25	21	21
276	7	19	17	15	15	13	12	15	15	9	10
283	7	17	17	15	13	10	9	13	12	8	8
289	7	18	18	15	15	11	13	15	15	11	11
290	7	18	18	17	17	11	13	14	13	11	9
297	7	17	17	15	15	12	11	15	13	11	10
298	7	18	17	15	17	12	11	14	14	11	10
308	7	19	18	15	16	13	12	14	13	11	9
311	7	17	19	15	17	13	12	13	14	9	11
334	7	18	17	15	16	13	13	13	13	10	9
353	7	19	17	17	17	11	12	13	13	9	11
358	7	18	17	15	17	12	11	13	14	9	9
359	7	17	19	15	17	11	13	14	13	11	9
367	7	18	18	16	17	12	13	15	15	9	11
381	7	17	17	15	15	12	11	13	13	9	9
386	7	18	17	16	17	11	11	14	15	11	9
389	7	19	19	15	16	11	13	13	15	9	9
396	7	17	17	17	15	13	13	13	14	10	11
404	7	18	17	15	16	11	13	13	14	11	11
411	7	17	18	16	17	13	13	13	13	11	10
412	7	19	18	16	17	12	11	13	13	10	10
434	7	17	18	15	15	11	11	13	14	11	9
442	7	18	19	17	16	11	13	14	14	11	11
443	7	17	17	15	16	13	12	13	14	9	10
462	7	29	27	25	27	23	23	24	24	20	21
473	7	19	18	17	16	11	12	14	14	10	11
475	7	19	18	15	15	12	11	13	15	9	9
479	7	18	18	17	17	13	12	14	14	10	10
480	7	28	28	27	26	23	21	24	25	19	20
487	7	18	18	17	17	11	11	15	15	10	10
505	7	18	17	15	16	13	11	14	13	9	10
506	7	18	18	17	15	12	12	14	15	11	9
514	7	18	18	17	17	12	13	15	14	9	11
516	7	17	17	17	15	13	13	13	13	10	10
534	7	19	17	17	17	11	13	14	13	11	11
544	7	18	17	15	17	12	13	14	15	10	10
546	7	17	18	16	15	13	12	13	15	10	9
551	7	49	49	45	45	42	42	44	43	40	40
580	7	19	17	17	17	13	12	15	15	11	10
589	7	17	19	17	17	12	13	14	14	10	11
595	7	19	17	15	16	13	11	14	15	11	10
623	7	18	18	15	16	13	12	15	14	11	10
639	7	18	19	16	16	13	13	14	15	9	9
648	7	17	19	16	15	11	12	14	13	10	10
660	7	17	18	17	17	11	13	15	14	10	11
677	7	19	17	16	15	11	12	15	13	11	9
702	7	18	18	17	17	13	12	15	15	11	11
703	7	18	18	17	16	11	13	13	14	10	10
725	7	19	18	17	15	12	13	14	13	10	11
733	7	16	15	13	14	11	9	12	12	7	7
739	7	18	19	15	17	11	12	15	15	11	10
741	7	15	16	15	14	11	10	12	12	8	7
742	7	18	19	17	15	12	12	15	14	11	9
757	7	18	17	17	15	13	12	15	13	10	10
769	7	19	19	15	16	12	11	13	13	9	10
771	7	19	18	15	15	11	12	14	15	11	11
772	7	17	17	16	15	13	11	14	14	9	11
779	7	19	19	15	16	12	11	13	14	10	11
780	7	17	18	16	15	11	12	13	13	10	9
786	7	17	18	17	15	11	11	15	15	9	10
799	7	17	17	15	17	13	12	15	13	10	11
807	7	19	17	16	16	13	13	13	15	11	9
829	7	18	19	15	16	13	13	14	13	9	10
835	7	19	18	16	15	12	12	14	13	10	11
841	7	17	18	15	15	13	12	14	14	11	9
845	7	19	18	15	16	12	13	15	13	9	10
858	7	18	18	15	15	11	13	15	13	10	10
859	7	28	29	26	26	22	22	25	23	21	19
860	7	19	19	17	15	12	12	13	15	10	11
863	7	29	27	25	27	22	21	23	25	20	21
869	7	18	19	15	17	13	12	13	14	9	9
890	7	19	17	16	15	11	11	14	14	11	10
891	7	18	18	16	15	13	13	13	15	9	9
892	7	17	19	17	15	12	11	15	13	9	11
899	7	18	19	15	15	11	12	15	15	10	11
902	7	19	18	17	16	12	12	14	14	9	10
903	7	17	17	15	16	11	12	15	15	10	9
904	7	19	17	15	17	13	13	15	15	11	10
905	7	17	17	15	15	11	13	13	14	9	9
906	7	19	17	15	17	12	11	14	14	10	11
909	7	18	18	15	17	11	13	14	15	10	10
913	7	18	19	17	17	11	11	13	14	10	10
919	7	19	19	15	15	13	12	14	15	9	9
924	7	19	18	17	16	13	11	15	13	10	10
930	7	37	39	35	37	32	31	34	35	30	29
941	7	19	19	15	16	12	13	15	14	11	10
946	7	28	28	27	25	23	23	24	25	21	20
960	7	18	17	15	15	12	13	15	14	10	10
962	7	19	17	15	17	13	12	15	14	9	9
968	7	19	17	16	15	13	12	14	13	9	11
978	7	19	19	17	15	12	12	15	14	11	10
987	7	17	18	15	15	12	13	15	14	9	9
1008	7	29	27	25	26	21	22	23	24	21	20
1011	7	18	19	16	15	13	13	15	14	11	10
1018	7	19	19	15	17	12	12	13	14	10	9
1031	7	19	18	15	17	11	11	14	13	9	9
1040	7	17	19	17	16	12	13	15	14	9	10
1043	7	18	18	16	16	13	13	14	13	11	10
1050	7	17	18	15	15	11	13	15	14	9	10
1062	7	17	17	16	17	13	12	14	15	11	9
1088	7	19	17	15	15	13	11	15	13	10	10
1094	7	19	18	17	16	12	12	14	14	9	10
1131	7	28	28	26	25	21	23	24	24	21	21
1140	7	18	18	17	16	13	12	15	14	9	10
1152	7	28	29	25	26	23	21	25	24	19	19
1157	7	38	38	37	36	31	31	34	34	29	29
1168	7	18	17	17	16	13	12	14	15	9	9
1172	7	19	17	17	16	13	12	14	13	11	11
1185	7	17	17	17	16	13	13	13	14	10	10
1186	7	19	17	17	15	11	13	14	15	9	11
1196	7	19	19	17	15	11	11	13	14	11	9
1206	7	18	18	17	15	11	13	13	13	9	10
1220	7	19	18	15	17	13	11	13	14	11	10
1252	7	19	18	17	15	11	11	14	13	10	9
1313	7	18	18	16	17	13	13	15	13	11	9
1315	7	17	17	17	15	12	13	14	15	10	9
1334	7	18	17	16	15	11	12	14	13	11	9
1341	7	19	17	17	17	11	13	15	14	9	11
1363	7	19	18	17	15	13	11	13	15	10	11
1388	7	19	17	17	17	11	13	15	15	10	10
1393	7	49	48	47	46	42	43	44	44	41	41
1407	7	17	17	17	16	12	11	13	15	10	11
1419	7	17	19	16	15	11	12	14	14	10	10
1443	7	18	19	17	16	11	12	14	14	9	10
1457	7	19	18	15	17	11	11	14	15	11	9
1464	7	18	17	15	17	11	12	13	13	11	11
1465	7	17	17	15	15	13	11	15	13	10	10
1471	7	18	18	16	17	12	11	13	13	9	11
1472	7	17	19	17	17	12	13	15	14	10	10
1474	7	17	18	17	15	11	12	15	15	11	11
1485	7	19	18	16	15	12	13	13	15	9	11
1489	7	18	19	15	15	13	13	15	15	11	11
1502	7	19	17	17	17	11	11	14	15	10	10
1503	7	19	17	17	17	11	13	15	14	9	10
1506	7	18	19	17	15	13	11	14	14	11	9
1510	7	17	17	17	16	12	13	15	15	11	9
1524	7	19	18	15	17	13	13	14	13	10	11
1534	7	17	18	17	16	13	12	13	15	9	9
1548	7	18	19	17	17	13	11	13	13	10	9
1552	7	17	19	15	16	12	13	15	14	10	11
1557	7	17	19	16	15	13	11	14	13	11	11
1562	7	17	17	16	15	11	12	13	13	11	9
1566	7	19	19	16	17	13	11	14	15	10	10
1567	7	19	17	15	15	12	13	14	15	10	10
1579	7	18	17	15	15	13	13	15	13	10	11
1586	7	18	19	15	15	12	11	14	13	9	11
1613	7	17	18	16	16	13	12	15	15	10	9
1638	7	19	17	16	17	13	11	14	15	9	9
1639	7	18	17	15	16	11	12	15	15	10	9
1643	7	19	19	15	16	12	12	13	13	10	11
1652	7	19	19	16	17	12	12	13	15	10	10
1655	7	18	17	15	17	11	13	15	15	9	11
1661	7	19	19	17	17	13	12	15	14	10	9
1679	7	19	19	15	16	12	11	14	14	10	11
1705	7	19	19	17	15	12	13	14	13	10	9
1735	7	17	17	17	15	12	12	15	15	10	9
1761	7	17	15	14	15	9	9	13	12	7	8
1768	7	19	18	15	17	11	13	13	15	9	10
1776	7	19	17	17	16	12	12	15	14	9	9
1781	7	29	29	27	25	22	23	24	24	21	21
1784	7	19	17	16	16	12	13	13	14	10	11
1786	7	17	17	15	17	13	11	14	15	11	9
1791	7	18	17	15	16	11	11	14	13	11	10
1807	7	17	19	15	15	13	13	13	14	11	10
1816	7	17	19	17	16	12	12	15	15	11	9
1831	7	18	17	17	16	13	12	13	13	11	10
1833	7	19	17	17	15	13	11	14	13	9	10
196	7	19	17	17	15	13	11	14	13	9	10
197	7	16.5	17.5	14.5	16.5	12.5	11.5	14.5	13.5	8.5	9.5
199	7	28.5	28.5	24.5	26.5	20.5	21.5	24.5	24.5	19.5	20.5
202	7	16.5	15.5	12.5	14.5	9.5	10.5	10.5	10.5	6.5	6.5
203	7	15.5	14.5	14.5	13.5	10.5	8.5	11.5	11.5	7.5	6.5
216	7	17.5	16.5	14.5	14.5	11.5	11.5	12.5	13.5	10.5	8.5
218	7	18.5	16.5	14.5	16.5	10.5	11.5	12.5	12.5	8.5	8.5
225	7	18.5	17.5	16.5	15.5	11.5	10.5	13.5	12.5	8.5	8.5
234	7	17.5	18.5	14.5	15.5	10.5	10.5	13.5	14.5	8.5	10.5
246	7	16.5	15.5	13.5	12.5	10.5	9.5	10.5	10.5	8.5	6.5
271	7	26.5	27.5	25.5	24.5	22.5	22.5	22.5	24.5	20.5	20.5
276	7	18.5	16.5	14.5	14.5	12.5	11.5	14.5	14.5	8.5	9.5
283	7	16.5	16.5	14.5	12.5	9.5	8.5	12.5	11.5	7.5	7.5
289	7	17.5	17.5	14.5	14.5	10.5	12.5	14.5	14.5	10.5	10.5
290	7	17.5	17.5	16.5	16.5	10.5	12.5	13.5	12.5	10.5	8.5
297	7	16.5	16.5	14.5	14.5	11.5	10.5	14.5	12.5	10.5	9.5
298	7	17.5	16.5	14.5	16.5	11.5	10.5	13.5	13.5	10.5	9.5
308	7	18.5	17.5	14.5	15.5	12.5	11.5	13.5	12.5	10.5	8.5
311	7	16.5	18.5	14.5	16.5	12.5	11.5	12.5	13.5	8.5	10.5
334	7	17.5	16.5	14.5	15.5	12.5	12.5	12.5	12.5	9.5	8.5
353	7	18.5	16.5	16.5	16.5	10.5	11.5	12.5	12.5	8.5	10.5
358	7	17.5	16.5	14.5	16.5	11.5	10.5	12.5	13.5	8.5	8.5
359	7	16.5	18.5	14.5	16.5	10.5	12.5	13.5	12.5	10.5	8.5
367	7	17.5	17.5	15.5	16.5	11.5	12.5	14.5	14.5	8.5	10.5
381	7	16.5	16.5	14.5	14.5	11.5	10.5	12.5	12.5	8.5	8.5
386	7	17.5	16.5	15.5	16.5	10.5	10.5	13.5	14.5	10.5	8.5
389	7	18.5	18.5	14.5	15.5	10.5	12.5	12.5	14.5	8.5	8.5
396	7	16.5	16.5	16.5	14.5	12.5	12.5	12.5	13.5	9.5	10.5
404	7	17.5	16.5	14.5	15.5	10.5	12.5	12.5	13.5	10.5	10.5
411	7	16.5	17.5	15.5	16.5	12.5	12.5	12.5	12.5	10.5	9.5
412	7	18.5	17.5	15.5	16.5	11.5	10.5	12.5	12.5	9.5	9.5
434	7	16.5	17.5	14.5	14.5	10.5	10.5	12.5	13.5	10.5	8.5
442	7	17.5	18.5	16.5	15.5	10.5	12.5	13.5	13.5	10.5	10.5
443	7	16.5	16.5	14.5	15.5	12.5	11.5	12.5	13.5	8.5	9.5
462	7	28.5	26.5	24.5	26.5	22.5	22.5	23.5	23.5	19.5	20.5
473	7	18.5	17.5	16.5	15.5	10.5	11.5	13.5	13.5	9.5	10.5
475	7	18.5	17.5	14.5	14.5	11.5	10.5	12.5	14.5	8.5	8.5
479	7	17.5	17.5	16.5	16.5	12.5	11.5	13.5	13.5	9.5	9.5
480	7	27.5	27.5	26.5	25.5	22.5	20.5	23.5	24.5	18.5	19.5
487	7	17.5	17.5	16.5	16.5	10.5	10.5	14.5	14.5	9.5	9.5
505	7	17.5	16.5	14.5	15.5	12.5	10.5	13.5	12.5	8.5	9.5
506	7	17.5	17.5	16.5	14.5	11.5	11.5	13.5	14.5	10.5	8.5
514	7	17.5	17.5	16.5	16.5	11.5	12.5	14.5	13.5	8.5	10.5
516	7	16.5	16.5	16.5	14.5	12.5	12.5	12.5	12.5	9.5	9.5
534	7	18.5	16.5	16.5	16.5	10.5	12.5	13.5	12.5	10.5	10.5
544	7	17.5	16.5	14.5	16.5	11.5	12.5	13.5	14.5	9.5	9.5
546	7	16.5	17.5	15.5	14.5	12.5	11.5	12.5	14.5	9.5	8.5
551	7	48.5	48.5	44.5	44.5	41.5	41.5	43.5	42.5	39.5	39.5
580	7	18.5	16.5	16.5	16.5	12.5	11.5	14.5	14.5	10.5	9.5
589	7	16.5	18.5	16.5	16.5	11.5	12.5	13.5	13.5	9.5	10.5
595	7	18.5	16.5	14.5	15.5	12.5	10.5	13.5	14.5	10.5	9.5
623	7	17.5	17.5	14.5	15.5	12.5	11.5	14.5	13.5	10.5	9.5
639	7	17.5	18.5	15.5	15.5	12.5	12.5	13.5	14.5	8.5	8.5
648	7	16.5	18.5	15.5	14.5	10.5	11.5	13.5	12.5	9.5	9.5
660	7	16.5	17.5	16.5	16.5	10.5	12.5	14.5	13.5	9.5	10.5
677	7	18.5	16.5	15.5	14.5	10.5	11.5	14.5	12.5	10.5	8.5
702	7	17.5	17.5	16.5	16.5	12.5	11.5	14.5	14.5	10.5	10.5
703	7	17.5	17.5	16.5	15.5	10.5	12.5	12.5	13.5	9.5	9.5
725	7	18.5	17.5	16.5	14.5	11.5	12.5	13.5	12.5	9.5	10.5
733	7	15.5	14.5	12.5	13.5	10.5	8.5	11.5	11.5	6.5	6.5
739	7	17.5	18.5	14.5	16.5	10.5	11.5	14.5	14.5	10.5	9.5
741	7	14.5	15.5	14.5	13.5	10.5	9.5	11.5	11.5	7.5	6.5
742	7	17.5	18.5	16.5	14.5	11.5	11.5	14.5	13.5	10.5	8.5
757	7	17.5	16.5	16.5	14.5	12.5	11.5	14.5	12.5	9.5	9.5
769	7	18.5	18.5	14.5	15.5	11.5	10.5	12.5	12.5	8.5	9.5
771	7	18.5	17.5	14.5	14.5	10.5	11.5	13.5	14.5	10.5	10.5
772	7	16.5	16.5	15.5	14.5	12.5	10.5	13.5	13.5	8.5	10.5
779	7	18.5	18.5	14.5	15.5	11.5	10.5	12.5	13.5	9.5	10.5
780	7	16.5	17.5	15.5	14.5	10.5	11.5	12.5	12.5	9.5	8.5
786	7	16.5	17.5	16.5	14.5	10.5	10.5	14.5	14.5	8.5	9.5
799	7	16.5	16.5	14.5	16.5	12.5	11.5	14.5	12.5	9.5	10.5
807	7	18.5	16.5	15.5	15.5	12.5	12.5	12.5	14.5	10.5	8.5
829	7	17.5	18.5	14.5	15.5	12.5	12.5	13.5	12.5	8.5	9.5
835	7	18.5	17.5	15.5	14.5	11.5	11.5	13.5	12.5	9.5	10.5
841	7	16.5	17.5	14.5	14.5	12.5	11.5	13.5	13.5	10.5	8.5
845	7	18.5	17.5	14.5	15.5	11.5	12.5	14.5	12.5	8.5	9.5
858	7	17.5	17.5	14.5	14.5	10.5	12.5	14.5	12.5	9.5	9.5
859	7	27.5	28.5	25.5	25.5	21.5	21.5	24.5	22.5	20.5	18.5
860	7	18.5	18.5	16.5	14.5	11.5	11.5	12.5	14.5	9.5	10.5
863	7	28.5	26.5	24.5	26.5	21.5	20.5	22.5	24.5	19.5	20.5
869	7	17.5	18.5	14.5	16.5	12.5	11.5	12.5	13.5	8.5	8.5
890	7	18.5	16.5	15.5	14.5	10.5	10.5	13.5	13.5	10.5	9.5
891	7	17.5	17.5	15.5	14.5	12.5	12.5	12.5	14.5	8.5	8.5
892	7	16.5	18.5	16.5	14.5	11.5	10.5	14.5	12.5	8.5	10.5
899	7	17.5	18.5	14.5	14.5	10.5	11.5	14.5	14.5	9.5	10.5
902	7	18.5	17.5	16.5	15.5	11.5	11.5	13.5	13.5	8.5	9.5
903	7	16.5	16.5	14.5	15.5	10.5	11.5	14.5	14.5	9.5	8.5
904	7	18.5	16.5	14.5	16.5	12.5	12.5	14.5	14.5	10.5	9.5
905	7	16.5	16.5	14.5	14.5	10.5	12.5	12.5	13.5	8.5	8.5
906	7	18.5	16.5	14.5	16.5	11.5	10.5	13.5	13.5	9.5	10.5
909	7	17.5	17.5	14.5	16.5	10.5	12.5	13.5	14.5	9.5	9.5
913	7	17.5	18.5	16.5	16.5	10.5	10.5	12.5	13.5	9.5	9.5
919	7	18.5	18.5	14.5	14.5	12.5	11.5	13.5	14.5	8.5	8.5
924	7	18.5	17.5	16.5	15.5	12.5	10.5	14.5	12.5	9.5	9.5
930	7	36.5	38.5	34.5	36.5	31.5	30.5	33.5	34.5	29.5	28.5
941	7	18.5	18.5	14.5	15.5	11.5	12.5	14.5	13.5	10.5	9.5
946	7	27.5	27.5	26.5	24.5	22.5	22.5	23.5	24.5	20.5	19.5
960	7	17.5	16.5	14.5	14.5	11.5	12.5	14.5	13.5	9.5	9.5
962	7	18.5	16.5	14.5	16.5	12.5	11.5	14.5	13.5	8.5	8.5
968	7	18.5	16.5	15.5	14.5	12.5	11.5	13.5	12.5	8.5	10.5
978	7	18.5	18.5	16.5	14.5	11.5	11.5	14.5	13.5	10.5	9.5
987	7	16.5	17.5	14.5	14.5	11.5	12.5	14.5	13.5	8.5	8.5
1008	7	28.5	26.5	24.5	25.5	20.5	21.5	22.5	23.5	20.5	19.5
1011	7	17.5	18.5	15.5	14.5	12.5	12.5	14.5	13.5	10.5	9.5
1018	7	18.5	18.5	14.5	16.5	11.5	11.5	12.5	13.5	9.5	8.5
1031	7	18.5	17.5	14.5	16.5	10.5	10.5	13.5	12.5	8.5	8.5
1040	7	16.5	18.5	16.5	15.5	11.5	12.5	14.5	13.5	8.5	9.5
1043	7	17.5	17.5	15.5	15.5	12.5	12.5	13.5	12.5	10.5	9.5
1050	7	16.5	17.5	14.5	14.5	10.5	12.5	14.5	13.5	8.5	9.5
1062	7	16.5	16.5	15.5	16.5	12.5	11.5	13.5	14.5	10.5	8.5
1088	7	18.5	16.5	14.5	14.5	12.5	10.5	14.5	12.5	9.5	9.5
1094	7	18.5	17.5	16.5	15.5	11.5	11.5	13.5	13.5	8.5	9.5
1131	7	27.5	27.5	25.5	24.5	20.5	22.5	23.5	23.5	20.5	20.5
1140	7	17.5	17.5	16.5	15.5	12.5	11.5	14.5	13.5	8.5	9.5
1152	7	27.5	28.5	24.5	25.5	22.5	20.5	24.5	23.5	18.5	18.5
1157	7	37.5	37.5	36.5	35.5	30.5	30.5	33.5	33.5	28.5	28.5
1168	7	17.5	16.5	16.5	15.5	12.5	11.5	13.5	14.5	8.5	8.5
1172	7	18.5	16.5	16.5	15.5	12.5	11.5	13.5	12.5	10.5	10.5
1185	7	16.5	16.5	16.5	15.5	12.5	12.5	12.5	13.5	9.5	9.5
1186	7	18.5	16.5	16.5	14.5	10.5	12.5	13.5	14.5	8.5	10.5
1196	7	18.5	18.5	16.5	14.5	10.5	10.5	12.5	13.5	10.5	8.5
1206	7	17.5	17.5	16.5	14.5	10.5	12.5	12.5	12.5	8.5	9.5
1220	7	18.5	17.5	14.5	16.5	12.5	10.5	12.5	13.5	10.5	9.5
1252	7	18.5	17.5	16.5	14.5	10.5	10.5	13.5	12.5	9.5	8.5
1313	7	17.5	17.5	15.5	16.5	12.5	12.5	14.5	12.5	10.5	8.5
1315	7	16.5	16.5	16.5	14.5	11.5	12.5	13.5	14.5	9.5	8.5
1334	7	17.5	16.5	15.5	14.5	10.5	11.5	13.5	12.5	10.5	8.5
1341	7	18.5	16.5	16.5	16.5	10.5	12.5	14.5	13.5	8.5	10.5
1363	7	18.5	17.5	16.5	14.5	12.5	10.5	12.5	14.5	9.5	10.5
1388	7	18.5	16.5	16.5	16.5	10.5	12.5	14.5	14.5	9.5	9.5
1393	7	48.5	47.5	46.5	45.5	41.5	42.5	43.5	43.5	40.5	40.5
1407	7	16.5	16.5	16.5	15.5	11.5	10.5	12.5	14.5	9.5	10.5
1419	7	16.5	18.5	15.5	14.5	10.5	11.5	13.5	13.5	9.5	9.5
1443	7	17.5	18.5	16.5	15.5	10.5	11.5	13.5	13.5	8.5	9.5
1457	7	18.5	17.5	14.5	16.5	10.5	10.5	13.5	14.5	10.5	8.5
1464	7	17.5	16.5	14.5	16.5	10.5	11.5	12.5	12.5	10.5	10.5
1465	7	16.5	16.5	14.5	14.5	12.5	10.5	14.5	12.5	9.5	9.5
1471	7	17.5	17.5	15.5	16.5	11.5	10.5	12.5	12.5	8.5	10.5
1472	7	16.5	18.5	16.5	16.5	11.5	12.5	14.5	13.5	9.5	9.5
1474	7	16.5	17.5	16.5	14.5	10.5	11.5	14.5	14.5	10.5	10.5
1485	7	18.5	17.5	15.5	14.5	11.5	12.5	12.5	14.5	8.5	10.5
1489	7	17.5	18.5	14.5	14.5	12.5	12.5	14.5	14.5	10.5	10.5
1502	7	18.5	16.5	16.5	16.5	10.5	10.5	13.5	14.5	9.5	9.5
1503	7	18.5	16.5	16.5	16.5	10.5	12.5	14.5	13.5	8.5	9.5
1506	7	17.5	18.5	16.5	14.5	12.5	10.5	13.5	13.5	10.5	8.5
1510	7	16.5	16.5	16.5	15.5	11.5	12.5	14.5	14.5	10.5	8.5
1524	7	18.5	17.5	14.5	16.5	12.5	12.5	13.5	12.5	9.5	10.5
1534	7	16.5	17.5	16.5	15.5	12.5	11.5	12.5	14.5	8.5	8.5
1548	7	17.5	18.5	16.5	16.5	12.5	10.5	12.5	12.5	9.5	8.5
1552	7	16.5	18.5	14.5	15.5	11.5	12.5	14.5	13.5	9.5	10.5
1557	7	16.5	18.5	15.5	14.5	12.5	10.5	13.5	12.5	10.5	10.5
1562	7	16.5	16.5	15.5	14.5	10.5	11.5	12.5	12.5	10.5	8.5
1566	7	18.5	18.5	15.5	16.5	12.5	10.5	13.5	14.5	9.5	9.5
1567	7	18.5	16.5	14.5	14.5	11.5	12.5	13.5	14.5	9.5	9.5
1579	7	17.5	16.5	14.5	14.5	12.5	12.5	14.5	12.5	9.5	10.5
1586	7	17.5	18.5	14.5	14.5	11.5	10.5	13.5	12.5	8.5	10.5
1613	7	16.5	17.5	15.5	15.5	12.5	11.5	14.5	14.5	9.5	8.5
1638	7	18.5	16.5	15.5	16.5	12.5	10.5	13.5	14.5	8.5	8.5
1639	7	17.5	16.5	14.5	15.5	10.5	11.5	14.5	14.5	9.5	8.5
1643	7	18.5	18.5	14.5	15.5	11.5	11.5	12.5	12.5	9.5	10.5
1652	7	18.5	18.5	15.5	16.5	11.5	11.5	12.5	14.5	9.5	9.5
1655	7	17.5	16.5	14.5	16.5	10.5	12.5	14.5	14.5	8.5	10.5
1661	7	18.5	18.5	16.5	16.5	12.5	11.5	14.5	13.5	9.5	8.5
1679	7	18.5	18.5	14.5	15.5	11.5	10.5	13.5	13.5	9.5	10.5
1705	7	18.5	18.5	16.5	14.5	11.5	12.5	13.5	12.5	9.5	8.5
1735	7	16.5	16.5	16.5	14.5	11.5	11.5	14.5	14.5	9.5	8.5
1761	7	16.5	14.5	13.5	14.5	8.5	8.5	12.5	11.5	6.5	7.5
1768	7	18.5	17.5	14.5	16.5	10.5	12.5	12.5	14.5	8.5	9.5
1776	7	18.5	16.5	16.5	15.5	11.5	11.5	14.5	13.5	8.5	8.5
1781	7	28.5	28.5	26.5	24.5	21.5	22.5	23.5	23.5	20.5	20.5
1784	7	18.5	16.5	15.5	15.5	11.5	12.5	12.5	13.5	9.5	10.5
1786	7	16.5	16.5	14.5	16.5	12.5	10.5	13.5	14.5	10.5	8.5
1791	7	17.5	16.5	14.5	15.5	10.5	10.5	13.5	12.5	10.5	9.5
1807	7	16.5	18.5	14.5	14.5	12.5	12.5	12.5	13.5	10.5	9.5
1816	7	16.5	18.5	16.5	15.5	11.5	11.5	14.5	14.5	10.5	8.5
1831	7	17.5	16.5	16.5	15.5	12.5	11.5	12.5	12.5	10.5	9.5
1833	7	18.5	16.5	16.5	14.5	12.5	10.5	13.5	12.5	8.5	9.5
1838	1	0	0	0	0	0	0	0	0	0	0
1838	2	0	0	0	0	0	0	0	0	0	0
1838	3	0	0	0	0	0	0	0	0	0	0
1838	4	0	0	0	0	0	0	0	0	0	0
1838	5	0	0	0	0	0	0	0	0	0	0
1838	6	0	0	0	0	0	0	0	0	0	0
1838	7	0	0	0	0	0	0	0	0	0	0
1838	7	0	0	0	0	0	0	0	0	0	0
0	1	0	0	0	0	0	0	0	0	0	0
0	2	0	0	0	0	0	0	0	0	0	0
0	3	0	0	0	0	0	0	0	0	0	0
0	4	0	0	0	0	0	0	0	0	0	0
0	5	0	0	0	0	0	0	0	0	0	0
0	6	0	0	0	0	0	0	0	0	0	0
0	7	0	0	0	0	0	0	0	0	0	0
0	7	0	0	0	0	0	0	0	0	0	0
