N	D	1	2	3	4	5	6	7	8	9	10
253	1	15	17	14	14	11	11	12	13	7	9
265	1	15	15	14	13	10	9	11	13	9	9
268	1	20	18	17	18	12	14	16	14	12	11
271	1	17	17	15	14	10	11	11	12	8	7
275	1	17	16	15	14	9	9	13	13	7	8
282	1	17	16	14	14	10	11	11	13	9	8
286	1	30	30	27	29	23	23	25	25	22	21
294	1	16	17	15	13	9	11	13	11	7	9
302	1	14	14	13	11	7	7	11	10	6	7
305	1	17	17	15	15	10	9	11	11	7	8
320	1	16	16	14	14	10	11	11	11	7	8
323	1	13	14	13	13	7	7	10	10	6	6
328	1	16	17	14	14	11	10	12	12	9	8
331	1	15	15	13	14	10	11	12	12	9	7
339	1	14	14	11	12	7	7	9	10	7	7
348	1	15	16	15	14	11	9	13	11	8	8
350	1	15	15	14	13	9	9	11	11	9	7
351	1	16	16	14	13	9	11	11	13	7	7
352	1	17	17	13	13	10	11	13	12	9	8
362	1	16	17	14	13	11	11	12	11	8	8
376	1	17	16	15	15	11	9	13	11	7	7
377	1	15	15	13	14	9	9	13	11	8	7
392	1	16	15	13	14	9	10	13	12	9	7
404	1	17	17	14	14	9	10	11	13	8	9
406	1	17	15	13	15	9	10	11	11	9	7
410	1	30	29	27	27	23	24	27	25	21	23
419	1	16	15	15	15	10	9	13	13	7	7
429	1	15	15	13	15	9	9	13	12	7	7
439	1	17	17	15	13	10	11	12	13	8	9
444	1	17	16	15	14	11	9	11	12	7	7
450	1	17	15	15	13	9	11	12	11	8	8
454	1	15	15	15	15	11	10	11	11	7	8
457	1	17	17	14	15	9	9	13	12	7	7
465	1	15	17	13	15	10	9	11	11	7	7
468	1	23	22	21	21	18	17	18	19	16	15
497	1	17	15	15	15	11	9	12	13	8	9
501	1	15	16	13	14	11	9	13	11	9	8
502	1	15	17	14	14	10	11	13	13	7	9
508	1	17	17	14	15	10	9	11	12	9	7
513	1	15	16	14	14	11	9	13	13	8	8
514	1	17	15	14	15	11	10	13	13	9	8
521	1	16	17	13	15	11	10	11	13	9	9
536	1	16	15	15	14	10	10	12	12	8	7
537	1	17	17	13	14	9	10	12	11	9	8
540	1	15	16	15	14	9	9	11	12	7	9
542	1	15	15	15	13	11	11	13	13	9	8
544	1	17	16	14	14	10	9	12	12	8	9
547	1	15	17	15	13	9	10	12	11	7	7
550	1	17	16	15	15	9	10	13	11	7	7
562	1	15	17	13	13	9	9	11	11	7	8
565	1	17	15	15	13	9	9	13	12	8	8
577	1	15	17	14	15	11	11	12	13	7	7
579	1	15	15	14	13	11	9	12	13	7	9
591	1	15	15	14	14	10	11	11	12	8	9
602	1	15	15	14	15	10	11	12	11	8	8
610	1	15	16	13	15	10	11	12	11	8	7
613	1	17	16	15	15	11	9	12	13	7	9
615	1	15	16	15	13	10	9	11	12	7	7
621	1	16	15	14	13	9	11	13	12	7	7
625	1	15	16	14	15	9	11	12	12	8	8
626	1	16	17	13	13	9	9	11	11	8	8
627	1	17	15	14	15	10	11	12	11	9	9
628	1	16	16	14	15	11	9	11	13	8	7
630	1	14	14	11	13	7	9	9	11	7	5
634	1	13	13	12	11	7	8	11	9	6	7
644	1	13	13	12	11	7	8	11	9	6	7
645	1	23	23	22	21	16	17	19	19	16	14
652	1	15	15	14	13	10	10	11	13	7	7
656	1	15	15	13	15	11	9	11	12	9	8
662	1	16	15	13	15	9	11	13	11	9	7
683	1	44	43	42	41	38	38	40	40	35	36
693	1	16	15	13	13	9	11	12	11	7	9
697	1	16	16	14	15	9	11	11	12	7	7
708	1	15	17	14	14	11	10	13	12	9	7
710	1	15	16	13	14	10	10	12	11	8	7
712	1	15	16	13	13	11	11	13	11	9	9
721	1	16	17	14	13	10	9	12	11	8	8
728	1	13	13	12	11	9	9	10	10	5	6
744	1	16	17	14	13	9	9	13	13	9	7
746	1	16	16	13	15	10	10	13	13	7	8
760	1	15	17	15	14	9	11	13	12	9	9
765	1	17	16	13	14	10	9	11	13	8	8
796	1	16	17	13	15	10	9	12	13	8	8
800	1	15	15	12	13	9	8	10	11	5	7
802	1	15	16	13	13	11	9	12	13	9	9
816	1	16	16	15	13	9	11	13	12	7	8
821	1	14	15	13	11	8	8	11	9	5	7
827	1	16	17	13	14	9	11	11	12	9	9
831	1	15	15	13	13	11	9	13	11	9	7
834	1	17	15	15	14	11	10	13	13	8	9
839	1	15	17	13	13	10	10	12	13	9	7
840	1	15	17	13	15	11	9	13	13	8	9
844	1	16	15	14	13	11	11	11	12	7	8
855	1	15	15	15	15	9	9	11	11	7	7
868	1	16	15	15	14	10	10	13	11	7	7
877	1	17	17	13	13	11	11	11	12	9	7
889	1	16	16	13	15	10	9	11	12	8	8
901	1	16	15	15	15	11	9	11	13	8	7
933	1	15	15	14	14	9	10	13	13	7	8
934	1	17	15	14	13	9	11	11	11	8	9
947	1	17	16	15	14	9	9	13	12	9	7
949	1	17	17	14	15	9	9	12	13	7	7
951	1	17	17	15	15	9	9	12	11	8	7
956	1	24	24	22	20	17	16	18	18	16	14
968	1	16	17	13	13	9	11	11	13	9	9
972	1	24	22	20	21	16	17	18	18	15	16
974	1	16	16	13	13	10	10	13	13	9	9
977	1	17	16	15	14	9	11	13	13	7	8
983	1	17	15	13	13	11	9	13	12	9	8
987	1	17	15	15	13	9	10	13	12	7	7
988	1	17	15	15	13	9	11	11	12	8	8
990	1	16	16	15	14	10	10	13	12	7	9
994	1	17	16	15	14	9	11	13	12	8	8
997	1	17	15	13	14	11	10	12	11	8	7
998	1	16	16	13	14	10	10	13	13	9	9
1011	1	15	17	13	15	10	10	13	13	8	9
1041	1	17	17	13	13	9	11	11	11	7	7
1042	1	17	17	14	14	11	9	11	12	9	9
1052	1	17	16	13	14	10	11	13	11	7	8
1068	1	15	17	15	14	11	10	13	13	9	9
1070	1	23	23	20	20	18	17	18	20	14	15
1071	1	16	17	14	13	11	11	12	12	7	8
1074	1	17	15	13	15	9	10	13	11	7	8
1086	1	15	16	13	15	9	9	13	12	7	9
1090	1	17	17	15	13	11	9	12	13	8	7
1096	1	16	16	14	13	9	10	11	12	9	8
1099	1	16	16	14	14	11	9	11	12	7	7
1102	1	15	16	14	15	9	11	13	11	9	9
1106	1	16	16	13	15	11	9	13	12	9	7
1108	1	16	17	14	13	10	10	12	12	7	7
1109	1	15	16	14	14	11	10	13	13	8	9
1121	1	17	17	13	14	9	11	13	11	9	8
1122	1	22	23	22	20	17	16	18	19	16	15
1134	1	16	15	14	13	11	11	12	11	8	8
1142	1	15	15	15	13	11	9	13	11	7	7
1144	1	17	16	15	13	9	10	13	11	8	9
1145	1	16	17	15	14	10	9	11	11	8	7
1148	1	16	15	15	14	9	11	12	13	8	8
1153	1	17	16	14	14	9	9	11	11	9	7
1154	1	17	17	14	15	11	10	12	13	7	9
1158	1	17	16	14	13	11	10	12	12	7	9
1174	1	16	16	14	15	10	11	13	12	9	9
1175	1	16	15	15	15	9	9	13	11	8	7
1187	1	16	16	13	14	11	10	11	12	7	9
1191	1	15	15	13	15	11	9	13	13	7	8
1192	1	17	16	13	14	9	9	12	11	8	7
1193	1	16	15	13	14	9	9	13	13	7	7
1211	1	17	16	15	13	9	9	12	11	8	7
1213	1	16	17	15	14	11	9	13	13	9	8
1229	1	16	17	13	15	11	9	12	12	8	7
1236	1	17	16	15	14	10	10	11	13	8	8
1241	1	16	15	13	13	11	10	13	12	9	7
1242	1	17	17	14	15	10	11	13	11	9	8
1246	1	16	17	13	15	9	11	11	12	7	8
1257	1	16	17	13	15	11	9	12	11	8	9
1269	1	15	17	13	13	10	9	12	11	9	7
1281	1	17	15	14	15	10	10	13	12	8	9
1282	1	15	15	14	13	10	10	12	13	7	8
1288	1	17	17	15	13	9	11	12	11	7	8
1290	1	16	17	13	13	11	11	13	13	8	9
1295	1	15	15	15	13	9	9	13	12	9	8
1307	1	15	17	15	15	11	11	11	11	8	9
1308	1	17	16	15	14	10	11	12	12	7	9
1309	1	15	16	13	13	9	11	12	13	9	7
1319	1	15	16	14	14	11	11	12	13	8	7
1326	1	16	17	13	15	9	11	11	11	7	7
1330	1	16	15	14	13	9	11	11	11	8	9
1332	1	15	15	14	15	10	10	12	11	8	8
1343	1	17	15	15	15	10	9	12	12	7	9
1344	1	17	17	15	13	11	11	13	11	7	9
1346	1	16	16	14	15	9	9	12	13	8	8
1355	1	16	15	15	13	10	9	13	13	8	7
1356	1	15	16	15	15	11	10	13	12	8	9
1371	1	22	24	22	22	18	17	20	18	16	14
1374	1	17	15	13	14	10	10	13	12	9	9
1376	1	15	15	14	14	10	10	11	12	9	8
1400	1	24	22	22	21	18	18	20	18	16	16
1409	1	17	17	13	14	9	11	13	12	8	8
1421	1	23	24	22	21	16	16	18	19	16	15
1422	1	16	16	13	13	9	11	13	12	9	7
1423	1	24	24	20	22	17	18	20	20	15	14
1427	1	17	15	13	14	9	10	12	12	9	8
1428	1	15	17	14	15	9	10	11	12	7	8
1432	1	15	15	13	15	11	10	11	12	8	8
1440	1	15	15	15	13	9	10	11	13	9	9
1445	1	15	16	15	14	9	10	11	11	8	7
1462	1	16	17	13	13	10	11	13	12	8	9
1463	1	17	16	14	15	10	9	11	12	9	9
1468	1	16	16	15	13	11	11	11	13	8	8
1490	1	16	16	15	13	11	10	13	13	7	9
1493	1	15	17	13	15	9	10	13	11	7	7
1494	1	16	16	13	15	11	11	12	13	8	7
1514	1	16	15	13	13	9	11	11	13	8	7
1522	1	15	17	14	14	11	10	13	13	7	7
1526	1	16	15	13	15	10	11	11	13	8	8
1529	1	16	16	14	15	10	9	11	11	8	7
1539	1	17	17	13	15	10	10	11	13	7	8
1546	1	16	16	15	14	9	9	12	13	7	8
1553	1	17	16	13	15	11	11	13	11	7	7
1559	1	16	15	15	13	9	11	12	11	9	8
1561	1	17	17	15	14	10	10	12	12	8	9
1580	1	17	16	14	13	11	11	13	12	8	8
1582	1	15	15	15	14	11	11	12	13	7	8
1585	1	15	17	14	15	9	9	13	11	8	8
1591	1	16	16	14	15	11	11	11	11	9	8
1609	1	16	16	13	14	9	11	13	11	9	7
1611	1	15	16	15	15	9	11	11	12	9	7
1612	1	30	30	28	28	25	23	25	27	22	23
1628	1	16	16	13	15	9	11	13	13	9	8
1637	1	17	15	14	14	10	9	13	12	9	8
1646	1	17	16	13	14	11	10	13	13	8	9
1648	1	24	24	22	20	18	18	19	20	16	15
1650	1	16	17	14	14	9	9	12	12	7	7
1656	1	16	17	13	15	10	10	11	13	8	8
1659	1	16	17	15	15	11	10	11	11	8	9
1664	1	16	16	15	15	10	11	12	11	7	7
1669	1	17	15	15	15	11	11	11	11	7	8
1672	1	17	15	13	15	10	10	11	12	9	9
1673	1	17	15	15	14	11	10	12	11	8	9
1683	1	17	16	15	14	11	10	12	11	9	7
1689	1	17	15	13	15	10	9	12	12	8	8
1696	1	17	17	15	15	11	10	12	13	8	8
1702	1	16	15	15	15	9	9	13	11	8	7
1710	1	15	16	14	13	11	9	13	12	8	7
1711	1	17	16	14	15	10	11	12	11	9	8
1714	1	16	15	15	15	11	10	13	12	8	9
1728	1	31	29	28	27	24	24	27	26	23	22
1745	1	15	17	15	13	9	11	13	12	7	7
1747	1	17	15	14	13	9	11	11	12	9	7
1748	1	17	17	13	14	9	11	13	12	8	9
1750	1	17	17	13	14	10	10	11	12	9	9
1755	1	15	17	13	13	11	10	12	11	7	8
1756	1	17	15	15	14	11	9	13	13	8	8
1757	1	17	16	14	14	9	10	12	11	8	8
1760	1	18	20	18	16	12	14	14	15	10	11
1761	1	15	15	12	12	7	8	11	11	7	5
1763	1	15	15	14	14	11	9	11	13	9	9
1774	1	15	17	13	13	9	11	11	11	8	8
1777	1	17	15	15	15	10	11	12	11	7	9
1787	1	16	15	15	15	9	11	11	13	8	9
1789	1	15	16	14	13	11	9	11	12	8	9
1791	1	16	15	14	13	10	9	11	11	9	7
1792	1	16	16	15	15	9	11	11	12	8	7
1795	1	15	16	14	13	9	9	13	12	7	9
1802	1	17	16	13	15	10	9	11	12	8	8
1803	1	16	16	13	13	9	9	11	12	7	8
1811	1	16	17	14	13	10	10	12	12	8	7
1827	1	15	16	13	15	11	10	13	13	9	8
1828	1	17	15	14	15	11	9	12	12	7	9
1830	1	17	16	13	15	11	10	11	12	8	9
1835	1	16	16	15	13	9	10	11	12	9	7
1838	1	0	0	0	0	0	0	0	0	0	0
253	2	14.5	16.5	13.5	13.5	10.5	10.5	11.5	12.5	6.5	8.5
265	2	14.5	14.5	13.5	12.5	9.5	8.5	10.5	12.5	8.5	8.5
268	2	19.5	17.5	16.5	17.5	11.5	13.5	15.5	13.5	11.5	10.5
271	2	16.5	16.5	14.5	13.5	9.5	10.5	10.5	11.5	7.5	6.5
275	2	16.5	15.5	14.5	13.5	8.5	8.5	12.5	12.5	6.5	7.5
282	2	16.5	15.5	13.5	13.5	9.5	10.5	10.5	12.5	8.5	7.5
286	2	29.5	29.5	26.5	28.5	22.5	22.5	24.5	24.5	21.5	20.5
294	2	15.5	16.5	14.5	12.5	8.5	10.5	12.5	10.5	6.5	8.5
302	2	13.5	13.5	12.5	10.5	6.5	6.5	10.5	9.5	5.5	6.5
305	2	16.5	16.5	14.5	14.5	9.5	8.5	10.5	10.5	6.5	7.5
320	2	15.5	15.5	13.5	13.5	9.5	10.5	10.5	10.5	6.5	7.5
323	2	12.5	13.5	12.5	12.5	6.5	6.5	9.5	9.5	5.5	5.5
328	2	15.5	16.5	13.5	13.5	10.5	9.5	11.5	11.5	8.5	7.5
331	2	14.5	14.5	12.5	13.5	9.5	10.5	11.5	11.5	8.5	6.5
339	2	13.5	13.5	10.5	11.5	6.5	6.5	8.5	9.5	6.5	6.5
348	2	14.5	15.5	14.5	13.5	10.5	8.5	12.5	10.5	7.5	7.5
350	2	14.5	14.5	13.5	12.5	8.5	8.5	10.5	10.5	8.5	6.5
351	2	15.5	15.5	13.5	12.5	8.5	10.5	10.5	12.5	6.5	6.5
352	2	16.5	16.5	12.5	12.5	9.5	10.5	12.5	11.5	8.5	7.5
362	2	15.5	16.5	13.5	12.5	10.5	10.5	11.5	10.5	7.5	7.5
376	2	16.5	15.5	14.5	14.5	10.5	8.5	12.5	10.5	6.5	6.5
377	2	14.5	14.5	12.5	13.5	8.5	8.5	12.5	10.5	7.5	6.5
392	2	15.5	14.5	12.5	13.5	8.5	9.5	12.5	11.5	8.5	6.5
404	2	16.5	16.5	13.5	13.5	8.5	9.5	10.5	12.5	7.5	8.5
406	2	16.5	14.5	12.5	14.5	8.5	9.5	10.5	10.5	8.5	6.5
410	2	29.5	28.5	26.5	26.5	22.5	23.5	26.5	24.5	20.5	22.5
419	2	15.5	14.5	14.5	14.5	9.5	8.5	12.5	12.5	6.5	6.5
429	2	14.5	14.5	12.5	14.5	8.5	8.5	12.5	11.5	6.5	6.5
439	2	16.5	16.5	14.5	12.5	9.5	10.5	11.5	12.5	7.5	8.5
444	2	16.5	15.5	14.5	13.5	10.5	8.5	10.5	11.5	6.5	6.5
450	2	16.5	14.5	14.5	12.5	8.5	10.5	11.5	10.5	7.5	7.5
454	2	14.5	14.5	14.5	14.5	10.5	9.5	10.5	10.5	6.5	7.5
457	2	16.5	16.5	13.5	14.5	8.5	8.5	12.5	11.5	6.5	6.5
465	2	14.5	16.5	12.5	14.5	9.5	8.5	10.5	10.5	6.5	6.5
468	2	22.5	21.5	20.5	20.5	17.5	16.5	17.5	18.5	15.5	14.5
497	2	16.5	14.5	14.5	14.5	10.5	8.5	11.5	12.5	7.5	8.5
501	2	14.5	15.5	12.5	13.5	10.5	8.5	12.5	10.5	8.5	7.5
502	2	14.5	16.5	13.5	13.5	9.5	10.5	12.5	12.5	6.5	8.5
508	2	16.5	16.5	13.5	14.5	9.5	8.5	10.5	11.5	8.5	6.5
513	2	14.5	15.5	13.5	13.5	10.5	8.5	12.5	12.5	7.5	7.5
514	2	16.5	14.5	13.5	14.5	10.5	9.5	12.5	12.5	8.5	7.5
521	2	15.5	16.5	12.5	14.5	10.5	9.5	10.5	12.5	8.5	8.5
536	2	15.5	14.5	14.5	13.5	9.5	9.5	11.5	11.5	7.5	6.5
537	2	16.5	16.5	12.5	13.5	8.5	9.5	11.5	10.5	8.5	7.5
540	2	14.5	15.5	14.5	13.5	8.5	8.5	10.5	11.5	6.5	8.5
542	2	14.5	14.5	14.5	12.5	10.5	10.5	12.5	12.5	8.5	7.5
544	2	16.5	15.5	13.5	13.5	9.5	8.5	11.5	11.5	7.5	8.5
547	2	14.5	16.5	14.5	12.5	8.5	9.5	11.5	10.5	6.5	6.5
550	2	16.5	15.5	14.5	14.5	8.5	9.5	12.5	10.5	6.5	6.5
562	2	14.5	16.5	12.5	12.5	8.5	8.5	10.5	10.5	6.5	7.5
565	2	16.5	14.5	14.5	12.5	8.5	8.5	12.5	11.5	7.5	7.5
577	2	14.5	16.5	13.5	14.5	10.5	10.5	11.5	12.5	6.5	6.5
579	2	14.5	14.5	13.5	12.5	10.5	8.5	11.5	12.5	6.5	8.5
591	2	14.5	14.5	13.5	13.5	9.5	10.5	10.5	11.5	7.5	8.5
602	2	14.5	14.5	13.5	14.5	9.5	10.5	11.5	10.5	7.5	7.5
610	2	14.5	15.5	12.5	14.5	9.5	10.5	11.5	10.5	7.5	6.5
613	2	16.5	15.5	14.5	14.5	10.5	8.5	11.5	12.5	6.5	8.5
615	2	14.5	15.5	14.5	12.5	9.5	8.5	10.5	11.5	6.5	6.5
621	2	15.5	14.5	13.5	12.5	8.5	10.5	12.5	11.5	6.5	6.5
625	2	14.5	15.5	13.5	14.5	8.5	10.5	11.5	11.5	7.5	7.5
626	2	15.5	16.5	12.5	12.5	8.5	8.5	10.5	10.5	7.5	7.5
627	2	16.5	14.5	13.5	14.5	9.5	10.5	11.5	10.5	8.5	8.5
628	2	15.5	15.5	13.5	14.5	10.5	8.5	10.5	12.5	7.5	6.5
630	2	13.5	13.5	10.5	12.5	6.5	8.5	8.5	10.5	6.5	4.5
634	2	12.5	12.5	11.5	10.5	6.5	7.5	10.5	8.5	5.5	6.5
644	2	12.5	12.5	11.5	10.5	6.5	7.5	10.5	8.5	5.5	6.5
645	2	22.5	22.5	21.5	20.5	15.5	16.5	18.5	18.5	15.5	13.5
652	2	14.5	14.5	13.5	12.5	9.5	9.5	10.5	12.5	6.5	6.5
656	2	14.5	14.5	12.5	14.5	10.5	8.5	10.5	11.5	8.5	7.5
662	2	15.5	14.5	12.5	14.5	8.5	10.5	12.5	10.5	8.5	6.5
683	2	43.5	42.5	41.5	40.5	37.5	37.5	39.5	39.5	34.5	35.5
693	2	15.5	14.5	12.5	12.5	8.5	10.5	11.5	10.5	6.5	8.5
697	2	15.5	15.5	13.5	14.5	8.5	10.5	10.5	11.5	6.5	6.5
708	2	14.5	16.5	13.5	13.5	10.5	9.5	12.5	11.5	8.5	6.5
710	2	14.5	15.5	12.5	13.5	9.5	9.5	11.5	10.5	7.5	6.5
712	2	14.5	15.5	12.5	12.5	10.5	10.5	12.5	10.5	8.5	8.5
721	2	15.5	16.5	13.5	12.5	9.5	8.5	11.5	10.5	7.5	7.5
728	2	12.5	12.5	11.5	10.5	8.5	8.5	9.5	9.5	4.5	5.5
744	2	15.5	16.5	13.5	12.5	8.5	8.5	12.5	12.5	8.5	6.5
746	2	15.5	15.5	12.5	14.5	9.5	9.5	12.5	12.5	6.5	7.5
760	2	14.5	16.5	14.5	13.5	8.5	10.5	12.5	11.5	8.5	8.5
765	2	16.5	15.5	12.5	13.5	9.5	8.5	10.5	12.5	7.5	7.5
796	2	15.5	16.5	12.5	14.5	9.5	8.5	11.5	12.5	7.5	7.5
800	2	14.5	14.5	11.5	12.5	8.5	7.5	9.5	10.5	4.5	6.5
802	2	14.5	15.5	12.5	12.5	10.5	8.5	11.5	12.5	8.5	8.5
816	2	15.5	15.5	14.5	12.5	8.5	10.5	12.5	11.5	6.5	7.5
821	2	13.5	14.5	12.5	10.5	7.5	7.5	10.5	8.5	4.5	6.5
827	2	15.5	16.5	12.5	13.5	8.5	10.5	10.5	11.5	8.5	8.5
831	2	14.5	14.5	12.5	12.5	10.5	8.5	12.5	10.5	8.5	6.5
834	2	16.5	14.5	14.5	13.5	10.5	9.5	12.5	12.5	7.5	8.5
839	2	14.5	16.5	12.5	12.5	9.5	9.5	11.5	12.5	8.5	6.5
840	2	14.5	16.5	12.5	14.5	10.5	8.5	12.5	12.5	7.5	8.5
844	2	15.5	14.5	13.5	12.5	10.5	10.5	10.5	11.5	6.5	7.5
855	2	14.5	14.5	14.5	14.5	8.5	8.5	10.5	10.5	6.5	6.5
868	2	15.5	14.5	14.5	13.5	9.5	9.5	12.5	10.5	6.5	6.5
877	2	16.5	16.5	12.5	12.5	10.5	10.5	10.5	11.5	8.5	6.5
889	2	15.5	15.5	12.5	14.5	9.5	8.5	10.5	11.5	7.5	7.5
901	2	15.5	14.5	14.5	14.5	10.5	8.5	10.5	12.5	7.5	6.5
933	2	14.5	14.5	13.5	13.5	8.5	9.5	12.5	12.5	6.5	7.5
934	2	16.5	14.5	13.5	12.5	8.5	10.5	10.5	10.5	7.5	8.5
947	2	16.5	15.5	14.5	13.5	8.5	8.5	12.5	11.5	8.5	6.5
949	2	16.5	16.5	13.5	14.5	8.5	8.5	11.5	12.5	6.5	6.5
951	2	16.5	16.5	14.5	14.5	8.5	8.5	11.5	10.5	7.5	6.5
956	2	23.5	23.5	21.5	19.5	16.5	15.5	17.5	17.5	15.5	13.5
968	2	15.5	16.5	12.5	12.5	8.5	10.5	10.5	12.5	8.5	8.5
972	2	23.5	21.5	19.5	20.5	15.5	16.5	17.5	17.5	14.5	15.5
974	2	15.5	15.5	12.5	12.5	9.5	9.5	12.5	12.5	8.5	8.5
977	2	16.5	15.5	14.5	13.5	8.5	10.5	12.5	12.5	6.5	7.5
983	2	16.5	14.5	12.5	12.5	10.5	8.5	12.5	11.5	8.5	7.5
987	2	16.5	14.5	14.5	12.5	8.5	9.5	12.5	11.5	6.5	6.5
988	2	16.5	14.5	14.5	12.5	8.5	10.5	10.5	11.5	7.5	7.5
990	2	15.5	15.5	14.5	13.5	9.5	9.5	12.5	11.5	6.5	8.5
994	2	16.5	15.5	14.5	13.5	8.5	10.5	12.5	11.5	7.5	7.5
997	2	16.5	14.5	12.5	13.5	10.5	9.5	11.5	10.5	7.5	6.5
998	2	15.5	15.5	12.5	13.5	9.5	9.5	12.5	12.5	8.5	8.5
1011	2	14.5	16.5	12.5	14.5	9.5	9.5	12.5	12.5	7.5	8.5
1041	2	16.5	16.5	12.5	12.5	8.5	10.5	10.5	10.5	6.5	6.5
1042	2	16.5	16.5	13.5	13.5	10.5	8.5	10.5	11.5	8.5	8.5
1052	2	16.5	15.5	12.5	13.5	9.5	10.5	12.5	10.5	6.5	7.5
1068	2	14.5	16.5	14.5	13.5	10.5	9.5	12.5	12.5	8.5	8.5
1070	2	22.5	22.5	19.5	19.5	17.5	16.5	17.5	19.5	13.5	14.5
1071	2	15.5	16.5	13.5	12.5	10.5	10.5	11.5	11.5	6.5	7.5
1074	2	16.5	14.5	12.5	14.5	8.5	9.5	12.5	10.5	6.5	7.5
1086	2	14.5	15.5	12.5	14.5	8.5	8.5	12.5	11.5	6.5	8.5
1090	2	16.5	16.5	14.5	12.5	10.5	8.5	11.5	12.5	7.5	6.5
1096	2	15.5	15.5	13.5	12.5	8.5	9.5	10.5	11.5	8.5	7.5
1099	2	15.5	15.5	13.5	13.5	10.5	8.5	10.5	11.5	6.5	6.5
1102	2	14.5	15.5	13.5	14.5	8.5	10.5	12.5	10.5	8.5	8.5
1106	2	15.5	15.5	12.5	14.5	10.5	8.5	12.5	11.5	8.5	6.5
1108	2	15.5	16.5	13.5	12.5	9.5	9.5	11.5	11.5	6.5	6.5
1109	2	14.5	15.5	13.5	13.5	10.5	9.5	12.5	12.5	7.5	8.5
1121	2	16.5	16.5	12.5	13.5	8.5	10.5	12.5	10.5	8.5	7.5
1122	2	21.5	22.5	21.5	19.5	16.5	15.5	17.5	18.5	15.5	14.5
1134	2	15.5	14.5	13.5	12.5	10.5	10.5	11.5	10.5	7.5	7.5
1142	2	14.5	14.5	14.5	12.5	10.5	8.5	12.5	10.5	6.5	6.5
1144	2	16.5	15.5	14.5	12.5	8.5	9.5	12.5	10.5	7.5	8.5
1145	2	15.5	16.5	14.5	13.5	9.5	8.5	10.5	10.5	7.5	6.5
1148	2	15.5	14.5	14.5	13.5	8.5	10.5	11.5	12.5	7.5	7.5
1153	2	16.5	15.5	13.5	13.5	8.5	8.5	10.5	10.5	8.5	6.5
1154	2	16.5	16.5	13.5	14.5	10.5	9.5	11.5	12.5	6.5	8.5
1158	2	16.5	15.5	13.5	12.5	10.5	9.5	11.5	11.5	6.5	8.5
1174	2	15.5	15.5	13.5	14.5	9.5	10.5	12.5	11.5	8.5	8.5
1175	2	15.5	14.5	14.5	14.5	8.5	8.5	12.5	10.5	7.5	6.5
1187	2	15.5	15.5	12.5	13.5	10.5	9.5	10.5	11.5	6.5	8.5
1191	2	14.5	14.5	12.5	14.5	10.5	8.5	12.5	12.5	6.5	7.5
1192	2	16.5	15.5	12.5	13.5	8.5	8.5	11.5	10.5	7.5	6.5
1193	2	15.5	14.5	12.5	13.5	8.5	8.5	12.5	12.5	6.5	6.5
1211	2	16.5	15.5	14.5	12.5	8.5	8.5	11.5	10.5	7.5	6.5
1213	2	15.5	16.5	14.5	13.5	10.5	8.5	12.5	12.5	8.5	7.5
1229	2	15.5	16.5	12.5	14.5	10.5	8.5	11.5	11.5	7.5	6.5
1236	2	16.5	15.5	14.5	13.5	9.5	9.5	10.5	12.5	7.5	7.5
1241	2	15.5	14.5	12.5	12.5	10.5	9.5	12.5	11.5	8.5	6.5
1242	2	16.5	16.5	13.5	14.5	9.5	10.5	12.5	10.5	8.5	7.5
1246	2	15.5	16.5	12.5	14.5	8.5	10.5	10.5	11.5	6.5	7.5
1257	2	15.5	16.5	12.5	14.5	10.5	8.5	11.5	10.5	7.5	8.5
1269	2	14.5	16.5	12.5	12.5	9.5	8.5	11.5	10.5	8.5	6.5
1281	2	16.5	14.5	13.5	14.5	9.5	9.5	12.5	11.5	7.5	8.5
1282	2	14.5	14.5	13.5	12.5	9.5	9.5	11.5	12.5	6.5	7.5
1288	2	16.5	16.5	14.5	12.5	8.5	10.5	11.5	10.5	6.5	7.5
1290	2	15.5	16.5	12.5	12.5	10.5	10.5	12.5	12.5	7.5	8.5
1295	2	14.5	14.5	14.5	12.5	8.5	8.5	12.5	11.5	8.5	7.5
1307	2	14.5	16.5	14.5	14.5	10.5	10.5	10.5	10.5	7.5	8.5
1308	2	16.5	15.5	14.5	13.5	9.5	10.5	11.5	11.5	6.5	8.5
1309	2	14.5	15.5	12.5	12.5	8.5	10.5	11.5	12.5	8.5	6.5
1319	2	14.5	15.5	13.5	13.5	10.5	10.5	11.5	12.5	7.5	6.5
1326	2	15.5	16.5	12.5	14.5	8.5	10.5	10.5	10.5	6.5	6.5
1330	2	15.5	14.5	13.5	12.5	8.5	10.5	10.5	10.5	7.5	8.5
1332	2	14.5	14.5	13.5	14.5	9.5	9.5	11.5	10.5	7.5	7.5
1343	2	16.5	14.5	14.5	14.5	9.5	8.5	11.5	11.5	6.5	8.5
1344	2	16.5	16.5	14.5	12.5	10.5	10.5	12.5	10.5	6.5	8.5
1346	2	15.5	15.5	13.5	14.5	8.5	8.5	11.5	12.5	7.5	7.5
1355	2	15.5	14.5	14.5	12.5	9.5	8.5	12.5	12.5	7.5	6.5
1356	2	14.5	15.5	14.5	14.5	10.5	9.5	12.5	11.5	7.5	8.5
1371	2	21.5	23.5	21.5	21.5	17.5	16.5	19.5	17.5	15.5	13.5
1374	2	16.5	14.5	12.5	13.5	9.5	9.5	12.5	11.5	8.5	8.5
1376	2	14.5	14.5	13.5	13.5	9.5	9.5	10.5	11.5	8.5	7.5
1400	2	23.5	21.5	21.5	20.5	17.5	17.5	19.5	17.5	15.5	15.5
1409	2	16.5	16.5	12.5	13.5	8.5	10.5	12.5	11.5	7.5	7.5
1421	2	22.5	23.5	21.5	20.5	15.5	15.5	17.5	18.5	15.5	14.5
1422	2	15.5	15.5	12.5	12.5	8.5	10.5	12.5	11.5	8.5	6.5
1423	2	23.5	23.5	19.5	21.5	16.5	17.5	19.5	19.5	14.5	13.5
1427	2	16.5	14.5	12.5	13.5	8.5	9.5	11.5	11.5	8.5	7.5
1428	2	14.5	16.5	13.5	14.5	8.5	9.5	10.5	11.5	6.5	7.5
1432	2	14.5	14.5	12.5	14.5	10.5	9.5	10.5	11.5	7.5	7.5
1440	2	14.5	14.5	14.5	12.5	8.5	9.5	10.5	12.5	8.5	8.5
1445	2	14.5	15.5	14.5	13.5	8.5	9.5	10.5	10.5	7.5	6.5
1462	2	15.5	16.5	12.5	12.5	9.5	10.5	12.5	11.5	7.5	8.5
1463	2	16.5	15.5	13.5	14.5	9.5	8.5	10.5	11.5	8.5	8.5
1468	2	15.5	15.5	14.5	12.5	10.5	10.5	10.5	12.5	7.5	7.5
1490	2	15.5	15.5	14.5	12.5	10.5	9.5	12.5	12.5	6.5	8.5
1493	2	14.5	16.5	12.5	14.5	8.5	9.5	12.5	10.5	6.5	6.5
1494	2	15.5	15.5	12.5	14.5	10.5	10.5	11.5	12.5	7.5	6.5
1514	2	15.5	14.5	12.5	12.5	8.5	10.5	10.5	12.5	7.5	6.5
1522	2	14.5	16.5	13.5	13.5	10.5	9.5	12.5	12.5	6.5	6.5
1526	2	15.5	14.5	12.5	14.5	9.5	10.5	10.5	12.5	7.5	7.5
1529	2	15.5	15.5	13.5	14.5	9.5	8.5	10.5	10.5	7.5	6.5
1539	2	16.5	16.5	12.5	14.5	9.5	9.5	10.5	12.5	6.5	7.5
1546	2	15.5	15.5	14.5	13.5	8.5	8.5	11.5	12.5	6.5	7.5
1553	2	16.5	15.5	12.5	14.5	10.5	10.5	12.5	10.5	6.5	6.5
1559	2	15.5	14.5	14.5	12.5	8.5	10.5	11.5	10.5	8.5	7.5
1561	2	16.5	16.5	14.5	13.5	9.5	9.5	11.5	11.5	7.5	8.5
1580	2	16.5	15.5	13.5	12.5	10.5	10.5	12.5	11.5	7.5	7.5
1582	2	14.5	14.5	14.5	13.5	10.5	10.5	11.5	12.5	6.5	7.5
1585	2	14.5	16.5	13.5	14.5	8.5	8.5	12.5	10.5	7.5	7.5
1591	2	15.5	15.5	13.5	14.5	10.5	10.5	10.5	10.5	8.5	7.5
1609	2	15.5	15.5	12.5	13.5	8.5	10.5	12.5	10.5	8.5	6.5
1611	2	14.5	15.5	14.5	14.5	8.5	10.5	10.5	11.5	8.5	6.5
1612	2	29.5	29.5	27.5	27.5	24.5	22.5	24.5	26.5	21.5	22.5
1628	2	15.5	15.5	12.5	14.5	8.5	10.5	12.5	12.5	8.5	7.5
1637	2	16.5	14.5	13.5	13.5	9.5	8.5	12.5	11.5	8.5	7.5
1646	2	16.5	15.5	12.5	13.5	10.5	9.5	12.5	12.5	7.5	8.5
1648	2	23.5	23.5	21.5	19.5	17.5	17.5	18.5	19.5	15.5	14.5
1650	2	15.5	16.5	13.5	13.5	8.5	8.5	11.5	11.5	6.5	6.5
1656	2	15.5	16.5	12.5	14.5	9.5	9.5	10.5	12.5	7.5	7.5
1659	2	15.5	16.5	14.5	14.5	10.5	9.5	10.5	10.5	7.5	8.5
1664	2	15.5	15.5	14.5	14.5	9.5	10.5	11.5	10.5	6.5	6.5
1669	2	16.5	14.5	14.5	14.5	10.5	10.5	10.5	10.5	6.5	7.5
1672	2	16.5	14.5	12.5	14.5	9.5	9.5	10.5	11.5	8.5	8.5
1673	2	16.5	14.5	14.5	13.5	10.5	9.5	11.5	10.5	7.5	8.5
1683	2	16.5	15.5	14.5	13.5	10.5	9.5	11.5	10.5	8.5	6.5
1689	2	16.5	14.5	12.5	14.5	9.5	8.5	11.5	11.5	7.5	7.5
1696	2	16.5	16.5	14.5	14.5	10.5	9.5	11.5	12.5	7.5	7.5
1702	2	15.5	14.5	14.5	14.5	8.5	8.5	12.5	10.5	7.5	6.5
1710	2	14.5	15.5	13.5	12.5	10.5	8.5	12.5	11.5	7.5	6.5
1711	2	16.5	15.5	13.5	14.5	9.5	10.5	11.5	10.5	8.5	7.5
1714	2	15.5	14.5	14.5	14.5	10.5	9.5	12.5	11.5	7.5	8.5
1728	2	30.5	28.5	27.5	26.5	23.5	23.5	26.5	25.5	22.5	21.5
1745	2	14.5	16.5	14.5	12.5	8.5	10.5	12.5	11.5	6.5	6.5
1747	2	16.5	14.5	13.5	12.5	8.5	10.5	10.5	11.5	8.5	6.5
1748	2	16.5	16.5	12.5	13.5	8.5	10.5	12.5	11.5	7.5	8.5
1750	2	16.5	16.5	12.5	13.5	9.5	9.5	10.5	11.5	8.5	8.5
1755	2	14.5	16.5	12.5	12.5	10.5	9.5	11.5	10.5	6.5	7.5
1756	2	16.5	14.5	14.5	13.5	10.5	8.5	12.5	12.5	7.5	7.5
1757	2	16.5	15.5	13.5	13.5	8.5	9.5	11.5	10.5	7.5	7.5
1760	2	17.5	19.5	17.5	15.5	11.5	13.5	13.5	14.5	9.5	10.5
1761	2	14.5	14.5	11.5	11.5	6.5	7.5	10.5	10.5	6.5	4.5
1763	2	14.5	14.5	13.5	13.5	10.5	8.5	10.5	12.5	8.5	8.5
1774	2	14.5	16.5	12.5	12.5	8.5	10.5	10.5	10.5	7.5	7.5
1777	2	16.5	14.5	14.5	14.5	9.5	10.5	11.5	10.5	6.5	8.5
1787	2	15.5	14.5	14.5	14.5	8.5	10.5	10.5	12.5	7.5	8.5
1789	2	14.5	15.5	13.5	12.5	10.5	8.5	10.5	11.5	7.5	8.5
1791	2	15.5	14.5	13.5	12.5	9.5	8.5	10.5	10.5	8.5	6.5
1792	2	15.5	15.5	14.5	14.5	8.5	10.5	10.5	11.5	7.5	6.5
1795	2	14.5	15.5	13.5	12.5	8.5	8.5	12.5	11.5	6.5	8.5
1802	2	16.5	15.5	12.5	14.5	9.5	8.5	10.5	11.5	7.5	7.5
1803	2	15.5	15.5	12.5	12.5	8.5	8.5	10.5	11.5	6.5	7.5
1811	2	15.5	16.5	13.5	12.5	9.5	9.5	11.5	11.5	7.5	6.5
1827	2	14.5	15.5	12.5	14.5	10.5	9.5	12.5	12.5	8.5	7.5
1828	2	16.5	14.5	13.5	14.5	10.5	8.5	11.5	11.5	6.5	8.5
1830	2	16.5	15.5	12.5	14.5	10.5	9.5	10.5	11.5	7.5	8.5
1835	2	15.5	15.5	14.5	12.5	8.5	9.5	10.5	11.5	8.5	6.5
1838	2	0	0	0	0	0	0	0	0	0	0
253	3	14	16	13	13	10	10	11	12	6	8
265	3	14	14	13	12	9	8	10	12	8	8
268	3	19	17	16	17	11	13	15	13	11	10
271	3	16	16	14	13	9	10	10	11	7	6
275	3	16	15	14	13	8	8	12	12	6	7
282	3	16	15	13	13	9	10	10	12	8	7
286	3	29	29	26	28	22	22	24	24	21	20
294	3	15	16	14	12	8	10	12	10	6	8
302	3	13	13	12	10	6	6	10	9	5	6
305	3	16	16	14	14	9	8	10	10	6	7
320	3	15	15	13	13	9	10	10	10	6	7
323	3	12	13	12	12	6	6	9	9	5	5
328	3	15	16	13	13	10	9	11	11	8	7
331	3	14	14	12	13	9	10	11	11	8	6
339	3	13	13	10	11	6	6	8	9	6	6
348	3	14	15	14	13	10	8	12	10	7	7
350	3	14	14	13	12	8	8	10	10	8	6
351	3	15	15	13	12	8	10	10	12	6	6
352	3	16	16	12	12	9	10	12	11	8	7
362	3	15	16	13	12	10	10	11	10	7	7
376	3	16	15	14	14	10	8	12	10	6	6
377	3	14	14	12	13	8	8	12	10	7	6
392	3	15	14	12	13	8	9	12	11	8	6
404	3	16	16	13	13	8	9	10	12	7	8
406	3	16	14	12	14	8	9	10	10	8	6
410	3	29	28	26	26	22	23	26	24	20	22
419	3	15	14	14	14	9	8	12	12	6	6
429	3	14	14	12	14	8	8	12	11	6	6
439	3	16	16	14	12	9	10	11	12	7	8
444	3	16	15	14	13	10	8	10	11	6	6
450	3	16	14	14	12	8	10	11	10	7	7
454	3	14	14	14	14	10	9	10	10	6	7
457	3	16	16	13	14	8	8	12	11	6	6
465	3	14	16	12	14	9	8	10	10	6	6
468	3	22	21	20	20	17	16	17	18	15	14
497	3	16	14	14	14	10	8	11	12	7	8
501	3	14	15	12	13	10	8	12	10	8	7
502	3	14	16	13	13	9	10	12	12	6	8
508	3	16	16	13	14	9	8	10	11	8	6
513	3	14	15	13	13	10	8	12	12	7	7
514	3	16	14	13	14	10	9	12	12	8	7
521	3	15	16	12	14	10	9	10	12	8	8
536	3	15	14	14	13	9	9	11	11	7	6
537	3	16	16	12	13	8	9	11	10	8	7
540	3	14	15	14	13	8	8	10	11	6	8
542	3	14	14	14	12	10	10	12	12	8	7
544	3	16	15	13	13	9	8	11	11	7	8
547	3	14	16	14	12	8	9	11	10	6	6
550	3	16	15	14	14	8	9	12	10	6	6
562	3	14	16	12	12	8	8	10	10	6	7
565	3	16	14	14	12	8	8	12	11	7	7
577	3	14	16	13	14	10	10	11	12	6	6
579	3	14	14	13	12	10	8	11	12	6	8
591	3	14	14	13	13	9	10	10	11	7	8
602	3	14	14	13	14	9	10	11	10	7	7
610	3	14	15	12	14	9	10	11	10	7	6
613	3	16	15	14	14	10	8	11	12	6	8
615	3	14	15	14	12	9	8	10	11	6	6
621	3	15	14	13	12	8	10	12	11	6	6
625	3	14	15	13	14	8	10	11	11	7	7
626	3	15	16	12	12	8	8	10	10	7	7
627	3	16	14	13	14	9	10	11	10	8	8
628	3	15	15	13	14	10	8	10	12	7	6
630	3	13	13	10	12	6	8	8	10	6	4
634	3	12	12	11	10	6	7	10	8	5	6
644	3	12	12	11	10	6	7	10	8	5	6
645	3	22	22	21	20	15	16	18	18	15	13
652	3	14	14	13	12	9	9	10	12	6	6
656	3	14	14	12	14	10	8	10	11	8	7
662	3	15	14	12	14	8	10	12	10	8	6
683	3	43	42	41	40	37	37	39	39	34	35
693	3	15	14	12	12	8	10	11	10	6	8
697	3	15	15	13	14	8	10	10	11	6	6
708	3	14	16	13	13	10	9	12	11	8	6
710	3	14	15	12	13	9	9	11	10	7	6
712	3	14	15	12	12	10	10	12	10	8	8
721	3	15	16	13	12	9	8	11	10	7	7
728	3	12	12	11	10	8	8	9	9	4	5
744	3	15	16	13	12	8	8	12	12	8	6
746	3	15	15	12	14	9	9	12	12	6	7
760	3	14	16	14	13	8	10	12	11	8	8
765	3	16	15	12	13	9	8	10	12	7	7
796	3	15	16	12	14	9	8	11	12	7	7
800	3	14	14	11	12	8	7	9	10	4	6
802	3	14	15	12	12	10	8	11	12	8	8
816	3	15	15	14	12	8	10	12	11	6	7
821	3	13	14	12	10	7	7	10	8	4	6
827	3	15	16	12	13	8	10	10	11	8	8
831	3	14	14	12	12	10	8	12	10	8	6
834	3	16	14	14	13	10	9	12	12	7	8
839	3	14	16	12	12	9	9	11	12	8	6
840	3	14	16	12	14	10	8	12	12	7	8
844	3	15	14	13	12	10	10	10	11	6	7
855	3	14	14	14	14	8	8	10	10	6	6
868	3	15	14	14	13	9	9	12	10	6	6
877	3	16	16	12	12	10	10	10	11	8	6
889	3	15	15	12	14	9	8	10	11	7	7
901	3	15	14	14	14	10	8	10	12	7	6
933	3	14	14	13	13	8	9	12	12	6	7
934	3	16	14	13	12	8	10	10	10	7	8
947	3	16	15	14	13	8	8	12	11	8	6
949	3	16	16	13	14	8	8	11	12	6	6
951	3	16	16	14	14	8	8	11	10	7	6
956	3	23	23	21	19	16	15	17	17	15	13
968	3	15	16	12	12	8	10	10	12	8	8
972	3	23	21	19	20	15	16	17	17	14	15
974	3	15	15	12	12	9	9	12	12	8	8
977	3	16	15	14	13	8	10	12	12	6	7
983	3	16	14	12	12	10	8	12	11	8	7
987	3	16	14	14	12	8	9	12	11	6	6
988	3	16	14	14	12	8	10	10	11	7	7
990	3	15	15	14	13	9	9	12	11	6	8
994	3	16	15	14	13	8	10	12	11	7	7
997	3	16	14	12	13	10	9	11	10	7	6
998	3	15	15	12	13	9	9	12	12	8	8
1011	3	14	16	12	14	9	9	12	12	7	8
1041	3	16	16	12	12	8	10	10	10	6	6
1042	3	16	16	13	13	10	8	10	11	8	8
1052	3	16	15	12	13	9	10	12	10	6	7
1068	3	14	16	14	13	10	9	12	12	8	8
1070	3	22	22	19	19	17	16	17	19	13	14
1071	3	15	16	13	12	10	10	11	11	6	7
1074	3	16	14	12	14	8	9	12	10	6	7
1086	3	14	15	12	14	8	8	12	11	6	8
1090	3	16	16	14	12	10	8	11	12	7	6
1096	3	15	15	13	12	8	9	10	11	8	7
1099	3	15	15	13	13	10	8	10	11	6	6
1102	3	14	15	13	14	8	10	12	10	8	8
1106	3	15	15	12	14	10	8	12	11	8	6
1108	3	15	16	13	12	9	9	11	11	6	6
1109	3	14	15	13	13	10	9	12	12	7	8
1121	3	16	16	12	13	8	10	12	10	8	7
1122	3	21	22	21	19	16	15	17	18	15	14
1134	3	15	14	13	12	10	10	11	10	7	7
1142	3	14	14	14	12	10	8	12	10	6	6
1144	3	16	15	14	12	8	9	12	10	7	8
1145	3	15	16	14	13	9	8	10	10	7	6
1148	3	15	14	14	13	8	10	11	12	7	7
1153	3	16	15	13	13	8	8	10	10	8	6
1154	3	16	16	13	14	10	9	11	12	6	8
1158	3	16	15	13	12	10	9	11	11	6	8
1174	3	15	15	13	14	9	10	12	11	8	8
1175	3	15	14	14	14	8	8	12	10	7	6
1187	3	15	15	12	13	10	9	10	11	6	8
1191	3	14	14	12	14	10	8	12	12	6	7
1192	3	16	15	12	13	8	8	11	10	7	6
1193	3	15	14	12	13	8	8	12	12	6	6
1211	3	16	15	14	12	8	8	11	10	7	6
1213	3	15	16	14	13	10	8	12	12	8	7
1229	3	15	16	12	14	10	8	11	11	7	6
1236	3	16	15	14	13	9	9	10	12	7	7
1241	3	15	14	12	12	10	9	12	11	8	6
1242	3	16	16	13	14	9	10	12	10	8	7
1246	3	15	16	12	14	8	10	10	11	6	7
1257	3	15	16	12	14	10	8	11	10	7	8
1269	3	14	16	12	12	9	8	11	10	8	6
1281	3	16	14	13	14	9	9	12	11	7	8
1282	3	14	14	13	12	9	9	11	12	6	7
1288	3	16	16	14	12	8	10	11	10	6	7
1290	3	15	16	12	12	10	10	12	12	7	8
1295	3	14	14	14	12	8	8	12	11	8	7
1307	3	14	16	14	14	10	10	10	10	7	8
1308	3	16	15	14	13	9	10	11	11	6	8
1309	3	14	15	12	12	8	10	11	12	8	6
1319	3	14	15	13	13	10	10	11	12	7	6
1326	3	15	16	12	14	8	10	10	10	6	6
1330	3	15	14	13	12	8	10	10	10	7	8
1332	3	14	14	13	14	9	9	11	10	7	7
1343	3	16	14	14	14	9	8	11	11	6	8
1344	3	16	16	14	12	10	10	12	10	6	8
1346	3	15	15	13	14	8	8	11	12	7	7
1355	3	15	14	14	12	9	8	12	12	7	6
1356	3	14	15	14	14	10	9	12	11	7	8
1371	3	21	23	21	21	17	16	19	17	15	13
1374	3	16	14	12	13	9	9	12	11	8	8
1376	3	14	14	13	13	9	9	10	11	8	7
1400	3	23	21	21	20	17	17	19	17	15	15
1409	3	16	16	12	13	8	10	12	11	7	7
1421	3	22	23	21	20	15	15	17	18	15	14
1422	3	15	15	12	12	8	10	12	11	8	6
1423	3	23	23	19	21	16	17	19	19	14	13
1427	3	16	14	12	13	8	9	11	11	8	7
1428	3	14	16	13	14	8	9	10	11	6	7
1432	3	14	14	12	14	10	9	10	11	7	7
1440	3	14	14	14	12	8	9	10	12	8	8
1445	3	14	15	14	13	8	9	10	10	7	6
1462	3	15	16	12	12	9	10	12	11	7	8
1463	3	16	15	13	14	9	8	10	11	8	8
1468	3	15	15	14	12	10	10	10	12	7	7
1490	3	15	15	14	12	10	9	12	12	6	8
1493	3	14	16	12	14	8	9	12	10	6	6
1494	3	15	15	12	14	10	10	11	12	7	6
1514	3	15	14	12	12	8	10	10	12	7	6
1522	3	14	16	13	13	10	9	12	12	6	6
1526	3	15	14	12	14	9	10	10	12	7	7
1529	3	15	15	13	14	9	8	10	10	7	6
1539	3	16	16	12	14	9	9	10	12	6	7
1546	3	15	15	14	13	8	8	11	12	6	7
1553	3	16	15	12	14	10	10	12	10	6	6
1559	3	15	14	14	12	8	10	11	10	8	7
1561	3	16	16	14	13	9	9	11	11	7	8
1580	3	16	15	13	12	10	10	12	11	7	7
1582	3	14	14	14	13	10	10	11	12	6	7
1585	3	14	16	13	14	8	8	12	10	7	7
1591	3	15	15	13	14	10	10	10	10	8	7
1609	3	15	15	12	13	8	10	12	10	8	6
1611	3	14	15	14	14	8	10	10	11	8	6
1612	3	29	29	27	27	24	22	24	26	21	22
1628	3	15	15	12	14	8	10	12	12	8	7
1637	3	16	14	13	13	9	8	12	11	8	7
1646	3	16	15	12	13	10	9	12	12	7	8
1648	3	23	23	21	19	17	17	18	19	15	14
1650	3	15	16	13	13	8	8	11	11	6	6
1656	3	15	16	12	14	9	9	10	12	7	7
1659	3	15	16	14	14	10	9	10	10	7	8
1664	3	15	15	14	14	9	10	11	10	6	6
1669	3	16	14	14	14	10	10	10	10	6	7
1672	3	16	14	12	14	9	9	10	11	8	8
1673	3	16	14	14	13	10	9	11	10	7	8
1683	3	16	15	14	13	10	9	11	10	8	6
1689	3	16	14	12	14	9	8	11	11	7	7
1696	3	16	16	14	14	10	9	11	12	7	7
1702	3	15	14	14	14	8	8	12	10	7	6
1710	3	14	15	13	12	10	8	12	11	7	6
1711	3	16	15	13	14	9	10	11	10	8	7
1714	3	15	14	14	14	10	9	12	11	7	8
1728	3	30	28	27	26	23	23	26	25	22	21
1745	3	14	16	14	12	8	10	12	11	6	6
1747	3	16	14	13	12	8	10	10	11	8	6
1748	3	16	16	12	13	8	10	12	11	7	8
1750	3	16	16	12	13	9	9	10	11	8	8
1755	3	14	16	12	12	10	9	11	10	6	7
1756	3	16	14	14	13	10	8	12	12	7	7
1757	3	16	15	13	13	8	9	11	10	7	7
1760	3	17	19	17	15	11	13	13	14	9	10
1761	3	14	14	11	11	6	7	10	10	6	4
1763	3	14	14	13	13	10	8	10	12	8	8
1774	3	14	16	12	12	8	10	10	10	7	7
1777	3	16	14	14	14	9	10	11	10	6	8
1787	3	15	14	14	14	8	10	10	12	7	8
1789	3	14	15	13	12	10	8	10	11	7	8
1791	3	15	14	13	12	9	8	10	10	8	6
1792	3	15	15	14	14	8	10	10	11	7	6
1795	3	14	15	13	12	8	8	12	11	6	8
1802	3	16	15	12	14	9	8	10	11	7	7
1803	3	15	15	12	12	8	8	10	11	6	7
1811	3	15	16	13	12	9	9	11	11	7	6
1827	3	14	15	12	14	10	9	12	12	8	7
1828	3	16	14	13	14	10	8	11	11	6	8
1830	3	16	15	12	14	10	9	10	11	7	8
1835	3	15	15	14	12	8	9	10	11	8	6
1838	3	0	0	0	0	0	0	0	0	0	0
253	4	13.5	15.5	12.5	12.5	9.5	9.5	10.5	11.5	5.5	7.5
265	4	13.5	13.5	12.5	11.5	8.5	7.5	9.5	11.5	7.5	7.5
268	4	18.5	16.5	15.5	16.5	10.5	12.5	14.5	12.5	10.5	9.5
271	4	15.5	15.5	13.5	12.5	8.5	9.5	9.5	10.5	6.5	5.5
275	4	15.5	14.5	13.5	12.5	7.5	7.5	11.5	11.5	5.5	6.5
282	4	15.5	14.5	12.5	12.5	8.5	9.5	9.5	11.5	7.5	6.5
286	4	28.5	28.5	25.5	27.5	21.5	21.5	23.5	23.5	20.5	19.5
294	4	14.5	15.5	13.5	11.5	7.5	9.5	11.5	9.5	5.5	7.5
302	4	12.5	12.5	11.5	9.5	5.5	5.5	9.5	8.5	4.5	5.5
305	4	15.5	15.5	13.5	13.5	8.5	7.5	9.5	9.5	5.5	6.5
320	4	14.5	14.5	12.5	12.5	8.5	9.5	9.5	9.5	5.5	6.5
323	4	11.5	12.5	11.5	11.5	5.5	5.5	8.5	8.5	4.5	4.5
328	4	14.5	15.5	12.5	12.5	9.5	8.5	10.5	10.5	7.5	6.5
331	4	13.5	13.5	11.5	12.5	8.5	9.5	10.5	10.5	7.5	5.5
339	4	12.5	12.5	9.5	10.5	5.5	5.5	7.5	8.5	5.5	5.5
348	4	13.5	14.5	13.5	12.5	9.5	7.5	11.5	9.5	6.5	6.5
350	4	13.5	13.5	12.5	11.5	7.5	7.5	9.5	9.5	7.5	5.5
351	4	14.5	14.5	12.5	11.5	7.5	9.5	9.5	11.5	5.5	5.5
352	4	15.5	15.5	11.5	11.5	8.5	9.5	11.5	10.5	7.5	6.5
362	4	14.5	15.5	12.5	11.5	9.5	9.5	10.5	9.5	6.5	6.5
376	4	15.5	14.5	13.5	13.5	9.5	7.5	11.5	9.5	5.5	5.5
377	4	13.5	13.5	11.5	12.5	7.5	7.5	11.5	9.5	6.5	5.5
392	4	14.5	13.5	11.5	12.5	7.5	8.5	11.5	10.5	7.5	5.5
404	4	15.5	15.5	12.5	12.5	7.5	8.5	9.5	11.5	6.5	7.5
406	4	15.5	13.5	11.5	13.5	7.5	8.5	9.5	9.5	7.5	5.5
410	4	28.5	27.5	25.5	25.5	21.5	22.5	25.5	23.5	19.5	21.5
419	4	14.5	13.5	13.5	13.5	8.5	7.5	11.5	11.5	5.5	5.5
429	4	13.5	13.5	11.5	13.5	7.5	7.5	11.5	10.5	5.5	5.5
439	4	15.5	15.5	13.5	11.5	8.5	9.5	10.5	11.5	6.5	7.5
444	4	15.5	14.5	13.5	12.5	9.5	7.5	9.5	10.5	5.5	5.5
450	4	15.5	13.5	13.5	11.5	7.5	9.5	10.5	9.5	6.5	6.5
454	4	13.5	13.5	13.5	13.5	9.5	8.5	9.5	9.5	5.5	6.5
457	4	15.5	15.5	12.5	13.5	7.5	7.5	11.5	10.5	5.5	5.5
465	4	13.5	15.5	11.5	13.5	8.5	7.5	9.5	9.5	5.5	5.5
468	4	21.5	20.5	19.5	19.5	16.5	15.5	16.5	17.5	14.5	13.5
497	4	15.5	13.5	13.5	13.5	9.5	7.5	10.5	11.5	6.5	7.5
501	4	13.5	14.5	11.5	12.5	9.5	7.5	11.5	9.5	7.5	6.5
502	4	13.5	15.5	12.5	12.5	8.5	9.5	11.5	11.5	5.5	7.5
508	4	15.5	15.5	12.5	13.5	8.5	7.5	9.5	10.5	7.5	5.5
513	4	13.5	14.5	12.5	12.5	9.5	7.5	11.5	11.5	6.5	6.5
514	4	15.5	13.5	12.5	13.5	9.5	8.5	11.5	11.5	7.5	6.5
521	4	14.5	15.5	11.5	13.5	9.5	8.5	9.5	11.5	7.5	7.5
536	4	14.5	13.5	13.5	12.5	8.5	8.5	10.5	10.5	6.5	5.5
537	4	15.5	15.5	11.5	12.5	7.5	8.5	10.5	9.5	7.5	6.5
540	4	13.5	14.5	13.5	12.5	7.5	7.5	9.5	10.5	5.5	7.5
542	4	13.5	13.5	13.5	11.5	9.5	9.5	11.5	11.5	7.5	6.5
544	4	15.5	14.5	12.5	12.5	8.5	7.5	10.5	10.5	6.5	7.5
547	4	13.5	15.5	13.5	11.5	7.5	8.5	10.5	9.5	5.5	5.5
550	4	15.5	14.5	13.5	13.5	7.5	8.5	11.5	9.5	5.5	5.5
562	4	13.5	15.5	11.5	11.5	7.5	7.5	9.5	9.5	5.5	6.5
565	4	15.5	13.5	13.5	11.5	7.5	7.5	11.5	10.5	6.5	6.5
577	4	13.5	15.5	12.5	13.5	9.5	9.5	10.5	11.5	5.5	5.5
579	4	13.5	13.5	12.5	11.5	9.5	7.5	10.5	11.5	5.5	7.5
591	4	13.5	13.5	12.5	12.5	8.5	9.5	9.5	10.5	6.5	7.5
602	4	13.5	13.5	12.5	13.5	8.5	9.5	10.5	9.5	6.5	6.5
610	4	13.5	14.5	11.5	13.5	8.5	9.5	10.5	9.5	6.5	5.5
613	4	15.5	14.5	13.5	13.5	9.5	7.5	10.5	11.5	5.5	7.5
615	4	13.5	14.5	13.5	11.5	8.5	7.5	9.5	10.5	5.5	5.5
621	4	14.5	13.5	12.5	11.5	7.5	9.5	11.5	10.5	5.5	5.5
625	4	13.5	14.5	12.5	13.5	7.5	9.5	10.5	10.5	6.5	6.5
626	4	14.5	15.5	11.5	11.5	7.5	7.5	9.5	9.5	6.5	6.5
627	4	15.5	13.5	12.5	13.5	8.5	9.5	10.5	9.5	7.5	7.5
628	4	14.5	14.5	12.5	13.5	9.5	7.5	9.5	11.5	6.5	5.5
630	4	12.5	12.5	9.5	11.5	5.5	7.5	7.5	9.5	5.5	3.5
634	4	11.5	11.5	10.5	9.5	5.5	6.5	9.5	7.5	4.5	5.5
644	4	11.5	11.5	10.5	9.5	5.5	6.5	9.5	7.5	4.5	5.5
645	4	21.5	21.5	20.5	19.5	14.5	15.5	17.5	17.5	14.5	12.5
652	4	13.5	13.5	12.5	11.5	8.5	8.5	9.5	11.5	5.5	5.5
656	4	13.5	13.5	11.5	13.5	9.5	7.5	9.5	10.5	7.5	6.5
662	4	14.5	13.5	11.5	13.5	7.5	9.5	11.5	9.5	7.5	5.5
683	4	42.5	41.5	40.5	39.5	36.5	36.5	38.5	38.5	33.5	34.5
693	4	14.5	13.5	11.5	11.5	7.5	9.5	10.5	9.5	5.5	7.5
697	4	14.5	14.5	12.5	13.5	7.5	9.5	9.5	10.5	5.5	5.5
708	4	13.5	15.5	12.5	12.5	9.5	8.5	11.5	10.5	7.5	5.5
710	4	13.5	14.5	11.5	12.5	8.5	8.5	10.5	9.5	6.5	5.5
712	4	13.5	14.5	11.5	11.5	9.5	9.5	11.5	9.5	7.5	7.5
721	4	14.5	15.5	12.5	11.5	8.5	7.5	10.5	9.5	6.5	6.5
728	4	11.5	11.5	10.5	9.5	7.5	7.5	8.5	8.5	3.5	4.5
744	4	14.5	15.5	12.5	11.5	7.5	7.5	11.5	11.5	7.5	5.5
746	4	14.5	14.5	11.5	13.5	8.5	8.5	11.5	11.5	5.5	6.5
760	4	13.5	15.5	13.5	12.5	7.5	9.5	11.5	10.5	7.5	7.5
765	4	15.5	14.5	11.5	12.5	8.5	7.5	9.5	11.5	6.5	6.5
796	4	14.5	15.5	11.5	13.5	8.5	7.5	10.5	11.5	6.5	6.5
800	4	13.5	13.5	10.5	11.5	7.5	6.5	8.5	9.5	3.5	5.5
802	4	13.5	14.5	11.5	11.5	9.5	7.5	10.5	11.5	7.5	7.5
816	4	14.5	14.5	13.5	11.5	7.5	9.5	11.5	10.5	5.5	6.5
821	4	12.5	13.5	11.5	9.5	6.5	6.5	9.5	7.5	3.5	5.5
827	4	14.5	15.5	11.5	12.5	7.5	9.5	9.5	10.5	7.5	7.5
831	4	13.5	13.5	11.5	11.5	9.5	7.5	11.5	9.5	7.5	5.5
834	4	15.5	13.5	13.5	12.5	9.5	8.5	11.5	11.5	6.5	7.5
839	4	13.5	15.5	11.5	11.5	8.5	8.5	10.5	11.5	7.5	5.5
840	4	13.5	15.5	11.5	13.5	9.5	7.5	11.5	11.5	6.5	7.5
844	4	14.5	13.5	12.5	11.5	9.5	9.5	9.5	10.5	5.5	6.5
855	4	13.5	13.5	13.5	13.5	7.5	7.5	9.5	9.5	5.5	5.5
868	4	14.5	13.5	13.5	12.5	8.5	8.5	11.5	9.5	5.5	5.5
877	4	15.5	15.5	11.5	11.5	9.5	9.5	9.5	10.5	7.5	5.5
889	4	14.5	14.5	11.5	13.5	8.5	7.5	9.5	10.5	6.5	6.5
901	4	14.5	13.5	13.5	13.5	9.5	7.5	9.5	11.5	6.5	5.5
933	4	13.5	13.5	12.5	12.5	7.5	8.5	11.5	11.5	5.5	6.5
934	4	15.5	13.5	12.5	11.5	7.5	9.5	9.5	9.5	6.5	7.5
947	4	15.5	14.5	13.5	12.5	7.5	7.5	11.5	10.5	7.5	5.5
949	4	15.5	15.5	12.5	13.5	7.5	7.5	10.5	11.5	5.5	5.5
951	4	15.5	15.5	13.5	13.5	7.5	7.5	10.5	9.5	6.5	5.5
956	4	22.5	22.5	20.5	18.5	15.5	14.5	16.5	16.5	14.5	12.5
968	4	14.5	15.5	11.5	11.5	7.5	9.5	9.5	11.5	7.5	7.5
972	4	22.5	20.5	18.5	19.5	14.5	15.5	16.5	16.5	13.5	14.5
974	4	14.5	14.5	11.5	11.5	8.5	8.5	11.5	11.5	7.5	7.5
977	4	15.5	14.5	13.5	12.5	7.5	9.5	11.5	11.5	5.5	6.5
983	4	15.5	13.5	11.5	11.5	9.5	7.5	11.5	10.5	7.5	6.5
987	4	15.5	13.5	13.5	11.5	7.5	8.5	11.5	10.5	5.5	5.5
988	4	15.5	13.5	13.5	11.5	7.5	9.5	9.5	10.5	6.5	6.5
990	4	14.5	14.5	13.5	12.5	8.5	8.5	11.5	10.5	5.5	7.5
994	4	15.5	14.5	13.5	12.5	7.5	9.5	11.5	10.5	6.5	6.5
997	4	15.5	13.5	11.5	12.5	9.5	8.5	10.5	9.5	6.5	5.5
998	4	14.5	14.5	11.5	12.5	8.5	8.5	11.5	11.5	7.5	7.5
1011	4	13.5	15.5	11.5	13.5	8.5	8.5	11.5	11.5	6.5	7.5
1041	4	15.5	15.5	11.5	11.5	7.5	9.5	9.5	9.5	5.5	5.5
1042	4	15.5	15.5	12.5	12.5	9.5	7.5	9.5	10.5	7.5	7.5
1052	4	15.5	14.5	11.5	12.5	8.5	9.5	11.5	9.5	5.5	6.5
1068	4	13.5	15.5	13.5	12.5	9.5	8.5	11.5	11.5	7.5	7.5
1070	4	21.5	21.5	18.5	18.5	16.5	15.5	16.5	18.5	12.5	13.5
1071	4	14.5	15.5	12.5	11.5	9.5	9.5	10.5	10.5	5.5	6.5
1074	4	15.5	13.5	11.5	13.5	7.5	8.5	11.5	9.5	5.5	6.5
1086	4	13.5	14.5	11.5	13.5	7.5	7.5	11.5	10.5	5.5	7.5
1090	4	15.5	15.5	13.5	11.5	9.5	7.5	10.5	11.5	6.5	5.5
1096	4	14.5	14.5	12.5	11.5	7.5	8.5	9.5	10.5	7.5	6.5
1099	4	14.5	14.5	12.5	12.5	9.5	7.5	9.5	10.5	5.5	5.5
1102	4	13.5	14.5	12.5	13.5	7.5	9.5	11.5	9.5	7.5	7.5
1106	4	14.5	14.5	11.5	13.5	9.5	7.5	11.5	10.5	7.5	5.5
1108	4	14.5	15.5	12.5	11.5	8.5	8.5	10.5	10.5	5.5	5.5
1109	4	13.5	14.5	12.5	12.5	9.5	8.5	11.5	11.5	6.5	7.5
1121	4	15.5	15.5	11.5	12.5	7.5	9.5	11.5	9.5	7.5	6.5
1122	4	20.5	21.5	20.5	18.5	15.5	14.5	16.5	17.5	14.5	13.5
1134	4	14.5	13.5	12.5	11.5	9.5	9.5	10.5	9.5	6.5	6.5
1142	4	13.5	13.5	13.5	11.5	9.5	7.5	11.5	9.5	5.5	5.5
1144	4	15.5	14.5	13.5	11.5	7.5	8.5	11.5	9.5	6.5	7.5
1145	4	14.5	15.5	13.5	12.5	8.5	7.5	9.5	9.5	6.5	5.5
1148	4	14.5	13.5	13.5	12.5	7.5	9.5	10.5	11.5	6.5	6.5
1153	4	15.5	14.5	12.5	12.5	7.5	7.5	9.5	9.5	7.5	5.5
1154	4	15.5	15.5	12.5	13.5	9.5	8.5	10.5	11.5	5.5	7.5
1158	4	15.5	14.5	12.5	11.5	9.5	8.5	10.5	10.5	5.5	7.5
1174	4	14.5	14.5	12.5	13.5	8.5	9.5	11.5	10.5	7.5	7.5
1175	4	14.5	13.5	13.5	13.5	7.5	7.5	11.5	9.5	6.5	5.5
1187	4	14.5	14.5	11.5	12.5	9.5	8.5	9.5	10.5	5.5	7.5
1191	4	13.5	13.5	11.5	13.5	9.5	7.5	11.5	11.5	5.5	6.5
1192	4	15.5	14.5	11.5	12.5	7.5	7.5	10.5	9.5	6.5	5.5
1193	4	14.5	13.5	11.5	12.5	7.5	7.5	11.5	11.5	5.5	5.5
1211	4	15.5	14.5	13.5	11.5	7.5	7.5	10.5	9.5	6.5	5.5
1213	4	14.5	15.5	13.5	12.5	9.5	7.5	11.5	11.5	7.5	6.5
1229	4	14.5	15.5	11.5	13.5	9.5	7.5	10.5	10.5	6.5	5.5
1236	4	15.5	14.5	13.5	12.5	8.5	8.5	9.5	11.5	6.5	6.5
1241	4	14.5	13.5	11.5	11.5	9.5	8.5	11.5	10.5	7.5	5.5
1242	4	15.5	15.5	12.5	13.5	8.5	9.5	11.5	9.5	7.5	6.5
1246	4	14.5	15.5	11.5	13.5	7.5	9.5	9.5	10.5	5.5	6.5
1257	4	14.5	15.5	11.5	13.5	9.5	7.5	10.5	9.5	6.5	7.5
1269	4	13.5	15.5	11.5	11.5	8.5	7.5	10.5	9.5	7.5	5.5
1281	4	15.5	13.5	12.5	13.5	8.5	8.5	11.5	10.5	6.5	7.5
1282	4	13.5	13.5	12.5	11.5	8.5	8.5	10.5	11.5	5.5	6.5
1288	4	15.5	15.5	13.5	11.5	7.5	9.5	10.5	9.5	5.5	6.5
1290	4	14.5	15.5	11.5	11.5	9.5	9.5	11.5	11.5	6.5	7.5
1295	4	13.5	13.5	13.5	11.5	7.5	7.5	11.5	10.5	7.5	6.5
1307	4	13.5	15.5	13.5	13.5	9.5	9.5	9.5	9.5	6.5	7.5
1308	4	15.5	14.5	13.5	12.5	8.5	9.5	10.5	10.5	5.5	7.5
1309	4	13.5	14.5	11.5	11.5	7.5	9.5	10.5	11.5	7.5	5.5
1319	4	13.5	14.5	12.5	12.5	9.5	9.5	10.5	11.5	6.5	5.5
1326	4	14.5	15.5	11.5	13.5	7.5	9.5	9.5	9.5	5.5	5.5
1330	4	14.5	13.5	12.5	11.5	7.5	9.5	9.5	9.5	6.5	7.5
1332	4	13.5	13.5	12.5	13.5	8.5	8.5	10.5	9.5	6.5	6.5
1343	4	15.5	13.5	13.5	13.5	8.5	7.5	10.5	10.5	5.5	7.5
1344	4	15.5	15.5	13.5	11.5	9.5	9.5	11.5	9.5	5.5	7.5
1346	4	14.5	14.5	12.5	13.5	7.5	7.5	10.5	11.5	6.5	6.5
1355	4	14.5	13.5	13.5	11.5	8.5	7.5	11.5	11.5	6.5	5.5
1356	4	13.5	14.5	13.5	13.5	9.5	8.5	11.5	10.5	6.5	7.5
1371	4	20.5	22.5	20.5	20.5	16.5	15.5	18.5	16.5	14.5	12.5
1374	4	15.5	13.5	11.5	12.5	8.5	8.5	11.5	10.5	7.5	7.5
1376	4	13.5	13.5	12.5	12.5	8.5	8.5	9.5	10.5	7.5	6.5
1400	4	22.5	20.5	20.5	19.5	16.5	16.5	18.5	16.5	14.5	14.5
1409	4	15.5	15.5	11.5	12.5	7.5	9.5	11.5	10.5	6.5	6.5
1421	4	21.5	22.5	20.5	19.5	14.5	14.5	16.5	17.5	14.5	13.5
1422	4	14.5	14.5	11.5	11.5	7.5	9.5	11.5	10.5	7.5	5.5
1423	4	22.5	22.5	18.5	20.5	15.5	16.5	18.5	18.5	13.5	12.5
1427	4	15.5	13.5	11.5	12.5	7.5	8.5	10.5	10.5	7.5	6.5
1428	4	13.5	15.5	12.5	13.5	7.5	8.5	9.5	10.5	5.5	6.5
1432	4	13.5	13.5	11.5	13.5	9.5	8.5	9.5	10.5	6.5	6.5
1440	4	13.5	13.5	13.5	11.5	7.5	8.5	9.5	11.5	7.5	7.5
1445	4	13.5	14.5	13.5	12.5	7.5	8.5	9.5	9.5	6.5	5.5
1462	4	14.5	15.5	11.5	11.5	8.5	9.5	11.5	10.5	6.5	7.5
1463	4	15.5	14.5	12.5	13.5	8.5	7.5	9.5	10.5	7.5	7.5
1468	4	14.5	14.5	13.5	11.5	9.5	9.5	9.5	11.5	6.5	6.5
1490	4	14.5	14.5	13.5	11.5	9.5	8.5	11.5	11.5	5.5	7.5
1493	4	13.5	15.5	11.5	13.5	7.5	8.5	11.5	9.5	5.5	5.5
1494	4	14.5	14.5	11.5	13.5	9.5	9.5	10.5	11.5	6.5	5.5
1514	4	14.5	13.5	11.5	11.5	7.5	9.5	9.5	11.5	6.5	5.5
1522	4	13.5	15.5	12.5	12.5	9.5	8.5	11.5	11.5	5.5	5.5
1526	4	14.5	13.5	11.5	13.5	8.5	9.5	9.5	11.5	6.5	6.5
1529	4	14.5	14.5	12.5	13.5	8.5	7.5	9.5	9.5	6.5	5.5
1539	4	15.5	15.5	11.5	13.5	8.5	8.5	9.5	11.5	5.5	6.5
1546	4	14.5	14.5	13.5	12.5	7.5	7.5	10.5	11.5	5.5	6.5
1553	4	15.5	14.5	11.5	13.5	9.5	9.5	11.5	9.5	5.5	5.5
1559	4	14.5	13.5	13.5	11.5	7.5	9.5	10.5	9.5	7.5	6.5
1561	4	15.5	15.5	13.5	12.5	8.5	8.5	10.5	10.5	6.5	7.5
1580	4	15.5	14.5	12.5	11.5	9.5	9.5	11.5	10.5	6.5	6.5
1582	4	13.5	13.5	13.5	12.5	9.5	9.5	10.5	11.5	5.5	6.5
1585	4	13.5	15.5	12.5	13.5	7.5	7.5	11.5	9.5	6.5	6.5
1591	4	14.5	14.5	12.5	13.5	9.5	9.5	9.5	9.5	7.5	6.5
1609	4	14.5	14.5	11.5	12.5	7.5	9.5	11.5	9.5	7.5	5.5
1611	4	13.5	14.5	13.5	13.5	7.5	9.5	9.5	10.5	7.5	5.5
1612	4	28.5	28.5	26.5	26.5	23.5	21.5	23.5	25.5	20.5	21.5
1628	4	14.5	14.5	11.5	13.5	7.5	9.5	11.5	11.5	7.5	6.5
1637	4	15.5	13.5	12.5	12.5	8.5	7.5	11.5	10.5	7.5	6.5
1646	4	15.5	14.5	11.5	12.5	9.5	8.5	11.5	11.5	6.5	7.5
1648	4	22.5	22.5	20.5	18.5	16.5	16.5	17.5	18.5	14.5	13.5
1650	4	14.5	15.5	12.5	12.5	7.5	7.5	10.5	10.5	5.5	5.5
1656	4	14.5	15.5	11.5	13.5	8.5	8.5	9.5	11.5	6.5	6.5
1659	4	14.5	15.5	13.5	13.5	9.5	8.5	9.5	9.5	6.5	7.5
1664	4	14.5	14.5	13.5	13.5	8.5	9.5	10.5	9.5	5.5	5.5
1669	4	15.5	13.5	13.5	13.5	9.5	9.5	9.5	9.5	5.5	6.5
1672	4	15.5	13.5	11.5	13.5	8.5	8.5	9.5	10.5	7.5	7.5
1673	4	15.5	13.5	13.5	12.5	9.5	8.5	10.5	9.5	6.5	7.5
1683	4	15.5	14.5	13.5	12.5	9.5	8.5	10.5	9.5	7.5	5.5
1689	4	15.5	13.5	11.5	13.5	8.5	7.5	10.5	10.5	6.5	6.5
1696	4	15.5	15.5	13.5	13.5	9.5	8.5	10.5	11.5	6.5	6.5
1702	4	14.5	13.5	13.5	13.5	7.5	7.5	11.5	9.5	6.5	5.5
1710	4	13.5	14.5	12.5	11.5	9.5	7.5	11.5	10.5	6.5	5.5
1711	4	15.5	14.5	12.5	13.5	8.5	9.5	10.5	9.5	7.5	6.5
1714	4	14.5	13.5	13.5	13.5	9.5	8.5	11.5	10.5	6.5	7.5
1728	4	29.5	27.5	26.5	25.5	22.5	22.5	25.5	24.5	21.5	20.5
1745	4	13.5	15.5	13.5	11.5	7.5	9.5	11.5	10.5	5.5	5.5
1747	4	15.5	13.5	12.5	11.5	7.5	9.5	9.5	10.5	7.5	5.5
1748	4	15.5	15.5	11.5	12.5	7.5	9.5	11.5	10.5	6.5	7.5
1750	4	15.5	15.5	11.5	12.5	8.5	8.5	9.5	10.5	7.5	7.5
1755	4	13.5	15.5	11.5	11.5	9.5	8.5	10.5	9.5	5.5	6.5
1756	4	15.5	13.5	13.5	12.5	9.5	7.5	11.5	11.5	6.5	6.5
1757	4	15.5	14.5	12.5	12.5	7.5	8.5	10.5	9.5	6.5	6.5
1760	4	16.5	18.5	16.5	14.5	10.5	12.5	12.5	13.5	8.5	9.5
1761	4	13.5	13.5	10.5	10.5	5.5	6.5	9.5	9.5	5.5	3.5
1763	4	13.5	13.5	12.5	12.5	9.5	7.5	9.5	11.5	7.5	7.5
1774	4	13.5	15.5	11.5	11.5	7.5	9.5	9.5	9.5	6.5	6.5
1777	4	15.5	13.5	13.5	13.5	8.5	9.5	10.5	9.5	5.5	7.5
1787	4	14.5	13.5	13.5	13.5	7.5	9.5	9.5	11.5	6.5	7.5
1789	4	13.5	14.5	12.5	11.5	9.5	7.5	9.5	10.5	6.5	7.5
1791	4	14.5	13.5	12.5	11.5	8.5	7.5	9.5	9.5	7.5	5.5
1792	4	14.5	14.5	13.5	13.5	7.5	9.5	9.5	10.5	6.5	5.5
1795	4	13.5	14.5	12.5	11.5	7.5	7.5	11.5	10.5	5.5	7.5
1802	4	15.5	14.5	11.5	13.5	8.5	7.5	9.5	10.5	6.5	6.5
1803	4	14.5	14.5	11.5	11.5	7.5	7.5	9.5	10.5	5.5	6.5
1811	4	14.5	15.5	12.5	11.5	8.5	8.5	10.5	10.5	6.5	5.5
1827	4	13.5	14.5	11.5	13.5	9.5	8.5	11.5	11.5	7.5	6.5
1828	4	15.5	13.5	12.5	13.5	9.5	7.5	10.5	10.5	5.5	7.5
1830	4	15.5	14.5	11.5	13.5	9.5	8.5	9.5	10.5	6.5	7.5
1835	4	14.5	14.5	13.5	11.5	7.5	8.5	9.5	10.5	7.5	5.5
1838	4	0	0	0	0	0	0	0	0	0	0	
253	5	18	18	17	16	13	13	15	14	12	11
265	5	19	18	16	18	12	14	16	14	10	10
268	5	25	26	22	24	19	18	20	21	17	18
271	5	18	18	17	17	13	13	14	15	10	10
275	5	20	18	18	16	14	12	14	14	12	11
282	5	18	18	17	17	13	12	16	14	12	12
286	5	40	40	38	37	32	32	35	34	31	31
294	5	19	20	18	17	14	12	15	15	11	11
302	5	18	16	14	16	11	11	14	13	8	9
305	5	20	19	18	18	13	13	14	15	10	10
320	5	19	20	18	18	12	12	16	14	10	11
323	5	16	16	16	14	11	12	12	14	8	9
328	5	18	20	17	17	12	14	15	14	12	10
331	5	18	19	16	16	12	12	16	15	10	10
339	5	16	18	16	16	11	11	12	13	10	9
348	5	19	18	18	18	13	12	14	16	10	11
350	5	20	20	18	17	14	14	16	14	10	10
351	5	19	18	18	16	12	13	15	15	11	12
352	5	19	19	17	16	14	14	15	14	10	11
362	5	20	20	18	17	12	13	15	14	12	10
376	5	18	19	18	17	13	13	16	14	12	11
377	5	18	20	16	17	13	13	16	16	10	10
392	5	20	20	18	16	12	12	15	16	10	10
404	5	18	20	18	17	14	13	14	16	11	10
406	5	20	19	16	16	13	12	16	16	11	10
410	5	38	40	36	38	32	33	34	36	30	32
419	5	19	18	16	17	13	14	16	14	12	11
429	5	19	19	18	16	13	13	14	14	12	10
439	5	18	19	16	16	14	12	15	16	10	11
444	5	20	19	16	16	12	14	15	14	10	12
450	5	20	20	18	18	13	13	15	14	10	11
454	5	20	19	18	18	12	12	14	15	11	11
457	5	20	18	16	16	13	14	16	15	12	10
465	5	18	18	16	18	12	14	16	15	10	11
468	5	29	28	27	26	24	22	25	25	20	21
497	5	20	20	17	16	12	13	15	14	12	10
501	5	20	20	16	17	14	12	14	15	10	11
502	5	19	20	16	18	13	14	16	15	10	10
508	5	20	18	16	16	12	13	15	16	11	11
513	5	19	18	18	18	12	14	14	14	12	12
514	5	18	19	17	16	13	13	15	16	11	10
521	5	20	18	17	18	14	14	16	14	11	11
536	5	20	19	18	16	14	12	16	15	11	11
537	5	18	18	18	18	14	14	14	16	11	12
540	5	19	19	17	16	13	12	14	15	10	12
542	5	18	20	17	18	13	13	14	14	10	12
544	5	20	20	18	16	12	12	14	14	12	10
547	5	18	20	16	18	14	13	16	16	10	10
550	5	18	20	18	17	14	13	16	16	12	12
562	5	18	18	18	18	14	13	15	14	10	10
565	5	20	20	16	17	12	12	14	14	12	10
577	5	19	19	16	16	13	12	16	16	11	11
579	5	18	19	17	16	13	13	14	16	12	10
591	5	19	18	18	18	13	13	14	15	10	10
602	5	19	18	18	18	12	12	15	16	12	12
610	5	19	20	18	18	14	12	14	15	10	12
613	5	19	18	17	16	14	12	14	14	10	12
615	5	20	18	18	18	12	13	15	16	12	10
621	5	19	20	16	16	12	13	15	14	11	12
625	5	18	18	18	18	14	13	15	15	12	12
626	5	19	20	17	18	14	13	16	14	12	12
627	5	20	19	18	16	13	12	15	16	10	11
628	5	19	18	16	18	13	12	14	14	11	10
630	5	16	17	16	15	11	11	14	12	9	8
634	5	16	17	14	14	10	11	14	14	8	9
644	5	18	18	17	16	13	13	15	14	12	11
645	5	28	29	27	27	23	23	26	24	21	21
652	5	18	20	18	18	14	14	14	16	11	11
656	5	18	18	17	16	13	14	16	14	12	10
662	5	20	20	17	18	12	12	15	16	11	12
683	5	66	65	63	64	60	59	60	60	57	58
693	5	19	18	18	18	14	13	14	16	11	11
697	5	20	18	16	16	13	14	16	16	12	12
708	5	19	18	17	16	13	14	14	15	10	11
710	5	19	18	16	17	14	14	14	15	11	11
712	5	20	18	17	17	12	13	14	14	10	11
721	5	18	20	17	16	14	13	15	16	11	10
728	5	17	17	16	16	10	12	13	13	10	9
744	5	18	20	17	16	13	12	16	16	10	11
746	5	19	19	18	18	14	13	15	15	11	10
760	5	19	19	17	17	13	12	16	16	12	12
765	5	18	20	16	18	13	14	15	14	10	11
796	5	19	18	16	18	14	14	15	14	10	10
800	5	16	17	15	16	10	10	12	12	10	10
802	5	19	20	18	17	12	12	16	14	10	10
816	5	19	20	17	17	14	13	15	14	12	10
821	5	16	17	15	16	12	11	13	13	9	9
827	5	19	20	18	18	12	14	14	16	12	11
831	5	19	20	18	18	14	13	15	14	11	12
834	5	20	18	16	18	13	12	16	16	11	11
839	5	19	20	16	18	13	13	14	14	11	12
840	5	18	19	18	16	13	13	15	14	11	12
844	5	20	20	16	18	14	14	15	14	10	11
855	5	18	18	18	18	14	14	15	16	11	10
868	5	19	20	17	17	13	14	15	16	11	12
877	5	18	18	16	18	13	12	14	15	10	11
889	5	18	18	18	18	13	12	14	16	11	12
901	5	18	18	17	18	13	13	14	16	12	10
933	5	19	20	17	16	14	12	14	16	12	12
934	5	18	18	18	16	13	13	16	14	10	10
947	5	20	20	17	17	14	12	16	14	11	12
949	5	19	19	16	17	13	13	16	16	11	11
951	5	20	18	16	17	12	13	15	16	10	12
956	5	28	28	28	27	24	24	24	25	20	21
968	5	18	20	18	17	14	12	15	16	12	10
972	5	28	30	28	27	22	24	26	24	21	21
974	5	20	20	18	18	12	14	14	15	10	12
977	5	18	20	18	17	14	12	15	15	11	11
983	5	20	19	17	16	12	12	14	15	12	10
987	5	20	20	18	18	14	12	16	15	11	10
988	5	20	19	16	18	14	13	15	16	12	10
990	5	19	18	17	18	14	13	14	15	10	11
994	5	18	19	18	16	12	14	15	15	10	12
997	5	19	19	16	18	14	14	14	15	12	11
998	5	20	18	17	18	14	13	15	14	11	12
1011	5	20	20	18	16	13	12	16	16	11	11
1041	5	19	20	18	18	12	14	14	16	12	10
1042	5	20	19	17	18	13	12	14	16	12	11
1052	5	18	19	17	18	12	12	14	15	12	11
1068	5	18	20	18	18	12	12	15	16	11	10
1070	5	30	29	26	27	23	24	25	25	21	20
1071	5	18	20	18	16	12	13	15	14	10	12
1074	5	18	20	18	17	13	14	14	14	10	10
1086	5	19	19	17	16	12	13	14	15	10	12
1090	5	19	18	18	16	13	14	15	16	10	10
1096	5	19	18	16	18	12	14	16	14	11	10
1099	5	19	20	16	18	14	12	16	15	11	10
1102	5	19	18	18	17	13	12	14	14	10	12
1106	5	20	20	18	18	14	12	14	15	10	12
1108	5	19	20	18	17	12	12	14	15	10	10
1109	5	19	20	16	18	13	12	14	14	11	12
1121	5	19	20	17	16	14	13	16	14	11	12
1122	5	30	30	26	27	24	24	26	24	20	20
1134	5	18	20	16	17	12	14	14	14	10	10
1142	5	19	18	16	16	14	13	15	14	10	12
1144	5	19	18	17	16	12	13	14	14	11	12
1145	5	19	19	18	17	13	12	14	16	12	11
1148	5	20	20	18	16	12	14	16	14	12	10
1153	5	18	20	17	18	13	12	16	16	10	12
1154	5	18	20	16	16	13	13	15	14	11	12
1158	5	19	20	18	18	14	13	16	16	10	10
1174	5	18	18	16	16	14	14	14	16	11	10
1175	5	19	19	18	16	14	13	15	14	10	12
1187	5	19	19	16	18	13	12	15	16	11	11
1191	5	20	18	17	17	13	12	15	16	10	12
1192	5	18	20	16	18	14	14	16	15	11	11
1193	5	19	18	16	16	13	14	15	15	10	11
1211	5	19	20	18	16	12	13	14	15	11	12
1213	5	19	19	18	16	14	13	15	14	12	10
1229	5	19	20	18	17	13	12	16	15	12	12
1236	5	18	18	16	17	13	12	14	15	11	10
1241	5	19	19	17	17	14	14	14	16	12	12
1242	5	20	20	17	17	14	13	15	14	11	11
1246	5	19	19	16	16	14	12	14	15	12	10
1257	5	18	20	18	16	14	14	14	15	12	12
1269	5	19	18	18	18	12	13	14	16	10	10
1281	5	18	18	18	17	13	13	16	16	10	10
1282	5	18	19	18	18	12	12	15	16	10	12
1288	5	19	18	17	17	14	12	15	16	10	11
1290	5	20	19	17	18	14	13	14	16	11	11
1295	5	20	18	16	16	14	14	16	15	10	11
1307	5	20	19	17	18	12	13	15	14	12	12
1308	5	18	20	16	18	13	14	14	14	10	10
1309	5	20	20	17	17	12	12	14	16	10	12
1319	5	19	20	16	16	13	13	15	14	10	12
1326	5	18	19	16	17	13	12	15	16	12	10
1330	5	19	18	16	18	12	14	16	15	11	11
1332	5	18	19	17	18	14	13	15	15	11	12
1343	5	18	18	18	18	12	14	14	15	10	11
1344	5	20	20	18	16	14	14	14	14	12	11
1346	5	18	18	16	16	13	14	14	15	11	10
1355	5	18	20	18	17	14	14	16	16	11	12
1356	5	18	20	16	18	13	12	15	14	11	10
1371	5	29	30	28	26	22	22	26	26	22	21
1374	5	18	19	17	18	14	12	14	16	11	10
1376	5	18	19	17	17	14	12	15	15	10	12
1400	5	28	29	26	27	22	24	24	26	20	20
1409	5	18	20	16	17	14	12	15	15	11	11
1421	5	29	29	26	27	23	24	24	26	20	21
1422	5	20	19	16	18	13	13	15	15	11	11
1423	5	28	29	27	27	24	23	24	26	22	22
1427	5	20	19	16	17	14	13	15	16	12	12
1428	5	19	18	17	16	12	14	16	15	12	10
1432	5	20	20	17	16	12	14	16	15	11	11
1440	5	20	20	16	18	12	14	14	15	11	11
1445	5	18	18	16	16	12	14	14	16	12	10
1462	5	20	18	16	17	14	14	15	14	10	10
1463	5	20	19	17	16	13	12	15	16	12	11
1468	5	19	19	18	18	14	14	14	14	10	12
1490	5	20	20	16	16	13	12	16	16	12	12
1493	5	18	20	16	17	12	14	16	14	12	12
1494	5	18	20	16	17	13	12	16	16	11	12
1514	5	18	20	17	16	14	14	14	16	12	12
1522	5	18	20	17	18	14	14	16	16	11	10
1526	5	20	19	16	17	13	12	15	16	12	12
1529	5	20	18	18	17	12	14	14	15	10	11
1539	5	20	18	18	16	13	12	14	15	11	10
1546	5	18	20	17	18	14	12	16	14	10	12
1553	5	20	20	18	18	13	14	15	14	10	10
1559	5	19	18	18	16	12	14	16	14	11	11
1561	5	19	19	18	17	14	14	16	16	10	10
1580	5	20	18	17	16	14	13	16	14	10	11
1582	5	20	20	17	18	12	13	15	14	11	11
1585	5	19	19	18	18	13	14	16	15	12	12
1591	5	19	20	17	17	12	14	16	14	12	11
1609	5	20	20	18	16	12	14	16	16	10	11
1611	5	18	20	17	18	12	13	16	14	10	10
1612	5	38	38	37	38	32	32	34	34	30	32
1628	5	20	20	17	18	13	13	14	14	11	12
1637	5	18	18	17	17	14	12	16	16	10	11
1646	5	20	20	17	18	12	13	16	15	11	10
1648	5	29	30	27	28	22	23	25	25	21	22
1650	5	18	18	17	17	14	12	15	15	11	10
1656	5	18	19	16	18	12	12	14	16	12	10
1659	5	20	20	17	16	12	14	14	15	11	11
1664	5	20	20	16	16	12	12	15	16	12	12
1669	5	19	20	16	17	12	12	16	14	11	10
1672	5	19	19	17	16	14	13	15	16	12	10
1673	5	18	18	17	18	14	13	14	16	10	12
1683	5	18	18	17	16	14	14	16	14	11	11
1689	5	20	20	17	18	14	13	14	15	12	12
1696	5	20	18	16	16	12	12	15	15	10	11
1702	5	18	20	16	18	13	12	15	16	10	10
1710	5	18	20	16	18	12	14	14	15	12	11
1711	5	20	18	16	17	12	13	16	16	11	10
1714	5	18	20	17	16	12	13	16	16	10	11
1728	5	40	38	36	38	33	32	35	35	30	31
1745	5	18	18	18	18	14	14	15	15	10	11
1747	5	18	20	18	18	12	14	15	15	11	12
1748	5	18	19	16	16	13	14	15	15	10	11
1750	5	20	20	17	16	13	14	16	15	11	11
1755	5	18	18	16	18	13	14	16	14	11	11
1756	5	18	19	18	16	13	12	16	15	10	10
1757	5	20	19	18	17	13	14	14	14	12	10
1760	5	25	24	23	23	18	18	20	22	18	16
1761	5	17	18	16	15	10	11	14	12	10	10
1763	5	20	20	16	17	14	12	15	15	12	11
1774	5	20	18	17	16	14	13	14	15	11	12
1777	5	20	19	16	16	13	13	15	14	10	12
1787	5	20	18	16	16	14	13	14	16	11	12
1789	5	19	19	18	17	14	12	15	16	10	11
1791	5	20	19	18	17	14	13	16	14	11	11
1792	5	18	20	16	18	12	14	15	14	10	12
1795	5	20	20	16	16	12	14	15	16	10	11
1802	5	18	18	17	16	14	12	15	14	11	10
1803	5	20	19	17	17	14	13	16	15	12	11
1811	5	20	20	18	17	13	13	15	14	12	12
1827	5	19	19	18	16	14	14	16	14	12	11
1828	5	18	19	18	17	12	12	14	15	11	11
1830	5	18	20	16	17	13	12	16	15	10	10
1835	5	20	20	16	18	13	12	16	16	11	10
1838	5	0	0	0	0	0	0	0	0	0	0
253	6	17.5	17.5	16.5	15.5	12.5	12.5	14.5	13.5	11.5	10.5
265	6	18.5	17.5	15.5	17.5	11.5	13.5	15.5	13.5	9.5	9.5
268	6	24.5	25.5	21.5	23.5	18.5	17.5	19.5	20.5	16.5	17.5
271	6	17.5	17.5	16.5	16.5	12.5	12.5	13.5	14.5	9.5	9.5
275	6	19.5	17.5	17.5	15.5	13.5	11.5	13.5	13.5	11.5	10.5
282	6	17.5	17.5	16.5	16.5	12.5	11.5	15.5	13.5	11.5	11.5
286	6	39.5	39.5	37.5	36.5	31.5	31.5	34.5	33.5	30.5	30.5
294	6	18.5	19.5	17.5	16.5	13.5	11.5	14.5	14.5	10.5	10.5
302	6	17.5	15.5	13.5	15.5	10.5	10.5	13.5	12.5	7.5	8.5
305	6	19.5	18.5	17.5	17.5	12.5	12.5	13.5	14.5	9.5	9.5
320	6	18.5	19.5	17.5	17.5	11.5	11.5	15.5	13.5	9.5	10.5
323	6	15.5	15.5	15.5	13.5	10.5	11.5	11.5	13.5	7.5	8.5
328	6	17.5	19.5	16.5	16.5	11.5	13.5	14.5	13.5	11.5	9.5
331	6	17.5	18.5	15.5	15.5	11.5	11.5	15.5	14.5	9.5	9.5
339	6	15.5	17.5	15.5	15.5	10.5	10.5	11.5	12.5	9.5	8.5
348	6	18.5	17.5	17.5	17.5	12.5	11.5	13.5	15.5	9.5	10.5
350	6	19.5	19.5	17.5	16.5	13.5	13.5	15.5	13.5	9.5	9.5
351	6	18.5	17.5	17.5	15.5	11.5	12.5	14.5	14.5	10.5	11.5
352	6	18.5	18.5	16.5	15.5	13.5	13.5	14.5	13.5	9.5	10.5
362	6	19.5	19.5	17.5	16.5	11.5	12.5	14.5	13.5	11.5	9.5
376	6	17.5	18.5	17.5	16.5	12.5	12.5	15.5	13.5	11.5	10.5
377	6	17.5	19.5	15.5	16.5	12.5	12.5	15.5	15.5	9.5	9.5
392	6	19.5	19.5	17.5	15.5	11.5	11.5	14.5	15.5	9.5	9.5
404	6	17.5	19.5	17.5	16.5	13.5	12.5	13.5	15.5	10.5	9.5
406	6	19.5	18.5	15.5	15.5	12.5	11.5	15.5	15.5	10.5	9.5
410	6	37.5	39.5	35.5	37.5	31.5	32.5	33.5	35.5	29.5	31.5
419	6	18.5	17.5	15.5	16.5	12.5	13.5	15.5	13.5	11.5	10.5
429	6	18.5	18.5	17.5	15.5	12.5	12.5	13.5	13.5	11.5	9.5
439	6	17.5	18.5	15.5	15.5	13.5	11.5	14.5	15.5	9.5	10.5
444	6	19.5	18.5	15.5	15.5	11.5	13.5	14.5	13.5	9.5	11.5
450	6	19.5	19.5	17.5	17.5	12.5	12.5	14.5	13.5	9.5	10.5
454	6	19.5	18.5	17.5	17.5	11.5	11.5	13.5	14.5	10.5	10.5
457	6	19.5	17.5	15.5	15.5	12.5	13.5	15.5	14.5	11.5	9.5
465	6	17.5	17.5	15.5	17.5	11.5	13.5	15.5	14.5	9.5	10.5
468	6	28.5	27.5	26.5	25.5	23.5	21.5	24.5	24.5	19.5	20.5
497	6	19.5	19.5	16.5	15.5	11.5	12.5	14.5	13.5	11.5	9.5
501	6	19.5	19.5	15.5	16.5	13.5	11.5	13.5	14.5	9.5	10.5
502	6	18.5	19.5	15.5	17.5	12.5	13.5	15.5	14.5	9.5	9.5
508	6	19.5	17.5	15.5	15.5	11.5	12.5	14.5	15.5	10.5	10.5
513	6	18.5	17.5	17.5	17.5	11.5	13.5	13.5	13.5	11.5	11.5
514	6	17.5	18.5	16.5	15.5	12.5	12.5	14.5	15.5	10.5	9.5
521	6	19.5	17.5	16.5	17.5	13.5	13.5	15.5	13.5	10.5	10.5
536	6	19.5	18.5	17.5	15.5	13.5	11.5	15.5	14.5	10.5	10.5
537	6	17.5	17.5	17.5	17.5	13.5	13.5	13.5	15.5	10.5	11.5
540	6	18.5	18.5	16.5	15.5	12.5	11.5	13.5	14.5	9.5	11.5
542	6	17.5	19.5	16.5	17.5	12.5	12.5	13.5	13.5	9.5	11.5
544	6	19.5	19.5	17.5	15.5	11.5	11.5	13.5	13.5	11.5	9.5
547	6	17.5	19.5	15.5	17.5	13.5	12.5	15.5	15.5	9.5	9.5
550	6	17.5	19.5	17.5	16.5	13.5	12.5	15.5	15.5	11.5	11.5
562	6	17.5	17.5	17.5	17.5	13.5	12.5	14.5	13.5	9.5	9.5
565	6	19.5	19.5	15.5	16.5	11.5	11.5	13.5	13.5	11.5	9.5
577	6	18.5	18.5	15.5	15.5	12.5	11.5	15.5	15.5	10.5	10.5
579	6	17.5	18.5	16.5	15.5	12.5	12.5	13.5	15.5	11.5	9.5
591	6	18.5	17.5	17.5	17.5	12.5	12.5	13.5	14.5	9.5	9.5
602	6	18.5	17.5	17.5	17.5	11.5	11.5	14.5	15.5	11.5	11.5
610	6	18.5	19.5	17.5	17.5	13.5	11.5	13.5	14.5	9.5	11.5
613	6	18.5	17.5	16.5	15.5	13.5	11.5	13.5	13.5	9.5	11.5
615	6	19.5	17.5	17.5	17.5	11.5	12.5	14.5	15.5	11.5	9.5
621	6	18.5	19.5	15.5	15.5	11.5	12.5	14.5	13.5	10.5	11.5
625	6	17.5	17.5	17.5	17.5	13.5	12.5	14.5	14.5	11.5	11.5
626	6	18.5	19.5	16.5	17.5	13.5	12.5	15.5	13.5	11.5	11.5
627	6	19.5	18.5	17.5	15.5	12.5	11.5	14.5	15.5	9.5	10.5
628	6	18.5	17.5	15.5	17.5	12.5	11.5	13.5	13.5	10.5	9.5
630	6	15.5	16.5	15.5	14.5	10.5	10.5	13.5	11.5	8.5	7.5
634	6	15.5	16.5	13.5	13.5	9.5	10.5	13.5	13.5	7.5	8.5
644	6	17.5	17.5	16.5	15.5	12.5	12.5	14.5	13.5	11.5	10.5
645	6	27.5	28.5	26.5	26.5	22.5	22.5	25.5	23.5	20.5	20.5
652	6	17.5	19.5	17.5	17.5	13.5	13.5	13.5	15.5	10.5	10.5
656	6	17.5	17.5	16.5	15.5	12.5	13.5	15.5	13.5	11.5	9.5
662	6	19.5	19.5	16.5	17.5	11.5	11.5	14.5	15.5	10.5	11.5
683	6	65.5	64.5	62.5	63.5	59.5	58.5	59.5	59.5	56.5	57.5
693	6	18.5	17.5	17.5	17.5	13.5	12.5	13.5	15.5	10.5	10.5
697	6	19.5	17.5	15.5	15.5	12.5	13.5	15.5	15.5	11.5	11.5
708	6	18.5	17.5	16.5	15.5	12.5	13.5	13.5	14.5	9.5	10.5
710	6	18.5	17.5	15.5	16.5	13.5	13.5	13.5	14.5	10.5	10.5
712	6	19.5	17.5	16.5	16.5	11.5	12.5	13.5	13.5	9.5	10.5
721	6	17.5	19.5	16.5	15.5	13.5	12.5	14.5	15.5	10.5	9.5
728	6	16.5	16.5	15.5	15.5	9.5	11.5	12.5	12.5	9.5	8.5
744	6	17.5	19.5	16.5	15.5	12.5	11.5	15.5	15.5	9.5	10.5
746	6	18.5	18.5	17.5	17.5	13.5	12.5	14.5	14.5	10.5	9.5
760	6	18.5	18.5	16.5	16.5	12.5	11.5	15.5	15.5	11.5	11.5
765	6	17.5	19.5	15.5	17.5	12.5	13.5	14.5	13.5	9.5	10.5
796	6	18.5	17.5	15.5	17.5	13.5	13.5	14.5	13.5	9.5	9.5
800	6	15.5	16.5	14.5	15.5	9.5	9.5	11.5	11.5	9.5	9.5
802	6	18.5	19.5	17.5	16.5	11.5	11.5	15.5	13.5	9.5	9.5
816	6	18.5	19.5	16.5	16.5	13.5	12.5	14.5	13.5	11.5	9.5
821	6	15.5	16.5	14.5	15.5	11.5	10.5	12.5	12.5	8.5	8.5
827	6	18.5	19.5	17.5	17.5	11.5	13.5	13.5	15.5	11.5	10.5
831	6	18.5	19.5	17.5	17.5	13.5	12.5	14.5	13.5	10.5	11.5
834	6	19.5	17.5	15.5	17.5	12.5	11.5	15.5	15.5	10.5	10.5
839	6	18.5	19.5	15.5	17.5	12.5	12.5	13.5	13.5	10.5	11.5
840	6	17.5	18.5	17.5	15.5	12.5	12.5	14.5	13.5	10.5	11.5
844	6	19.5	19.5	15.5	17.5	13.5	13.5	14.5	13.5	9.5	10.5
855	6	17.5	17.5	17.5	17.5	13.5	13.5	14.5	15.5	10.5	9.5
868	6	18.5	19.5	16.5	16.5	12.5	13.5	14.5	15.5	10.5	11.5
877	6	17.5	17.5	15.5	17.5	12.5	11.5	13.5	14.5	9.5	10.5
889	6	17.5	17.5	17.5	17.5	12.5	11.5	13.5	15.5	10.5	11.5
901	6	17.5	17.5	16.5	17.5	12.5	12.5	13.5	15.5	11.5	9.5
933	6	18.5	19.5	16.5	15.5	13.5	11.5	13.5	15.5	11.5	11.5
934	6	17.5	17.5	17.5	15.5	12.5	12.5	15.5	13.5	9.5	9.5
947	6	19.5	19.5	16.5	16.5	13.5	11.5	15.5	13.5	10.5	11.5
949	6	18.5	18.5	15.5	16.5	12.5	12.5	15.5	15.5	10.5	10.5
951	6	19.5	17.5	15.5	16.5	11.5	12.5	14.5	15.5	9.5	11.5
956	6	27.5	27.5	27.5	26.5	23.5	23.5	23.5	24.5	19.5	20.5
968	6	17.5	19.5	17.5	16.5	13.5	11.5	14.5	15.5	11.5	9.5
972	6	27.5	29.5	27.5	26.5	21.5	23.5	25.5	23.5	20.5	20.5
974	6	19.5	19.5	17.5	17.5	11.5	13.5	13.5	14.5	9.5	11.5
977	6	17.5	19.5	17.5	16.5	13.5	11.5	14.5	14.5	10.5	10.5
983	6	19.5	18.5	16.5	15.5	11.5	11.5	13.5	14.5	11.5	9.5
987	6	19.5	19.5	17.5	17.5	13.5	11.5	15.5	14.5	10.5	9.5
988	6	19.5	18.5	15.5	17.5	13.5	12.5	14.5	15.5	11.5	9.5
990	6	18.5	17.5	16.5	17.5	13.5	12.5	13.5	14.5	9.5	10.5
994	6	17.5	18.5	17.5	15.5	11.5	13.5	14.5	14.5	9.5	11.5
997	6	18.5	18.5	15.5	17.5	13.5	13.5	13.5	14.5	11.5	10.5
998	6	19.5	17.5	16.5	17.5	13.5	12.5	14.5	13.5	10.5	11.5
1011	6	19.5	19.5	17.5	15.5	12.5	11.5	15.5	15.5	10.5	10.5
1041	6	18.5	19.5	17.5	17.5	11.5	13.5	13.5	15.5	11.5	9.5
1042	6	19.5	18.5	16.5	17.5	12.5	11.5	13.5	15.5	11.5	10.5
1052	6	17.5	18.5	16.5	17.5	11.5	11.5	13.5	14.5	11.5	10.5
1068	6	17.5	19.5	17.5	17.5	11.5	11.5	14.5	15.5	10.5	9.5
1070	6	29.5	28.5	25.5	26.5	22.5	23.5	24.5	24.5	20.5	19.5
1071	6	17.5	19.5	17.5	15.5	11.5	12.5	14.5	13.5	9.5	11.5
1074	6	17.5	19.5	17.5	16.5	12.5	13.5	13.5	13.5	9.5	9.5
1086	6	18.5	18.5	16.5	15.5	11.5	12.5	13.5	14.5	9.5	11.5
1090	6	18.5	17.5	17.5	15.5	12.5	13.5	14.5	15.5	9.5	9.5
1096	6	18.5	17.5	15.5	17.5	11.5	13.5	15.5	13.5	10.5	9.5
1099	6	18.5	19.5	15.5	17.5	13.5	11.5	15.5	14.5	10.5	9.5
1102	6	18.5	17.5	17.5	16.5	12.5	11.5	13.5	13.5	9.5	11.5
1106	6	19.5	19.5	17.5	17.5	13.5	11.5	13.5	14.5	9.5	11.5
1108	6	18.5	19.5	17.5	16.5	11.5	11.5	13.5	14.5	9.5	9.5
1109	6	18.5	19.5	15.5	17.5	12.5	11.5	13.5	13.5	10.5	11.5
1121	6	18.5	19.5	16.5	15.5	13.5	12.5	15.5	13.5	10.5	11.5
1122	6	29.5	29.5	25.5	26.5	23.5	23.5	25.5	23.5	19.5	19.5
1134	6	17.5	19.5	15.5	16.5	11.5	13.5	13.5	13.5	9.5	9.5
1142	6	18.5	17.5	15.5	15.5	13.5	12.5	14.5	13.5	9.5	11.5
1144	6	18.5	17.5	16.5	15.5	11.5	12.5	13.5	13.5	10.5	11.5
1145	6	18.5	18.5	17.5	16.5	12.5	11.5	13.5	15.5	11.5	10.5
1148	6	19.5	19.5	17.5	15.5	11.5	13.5	15.5	13.5	11.5	9.5
1153	6	17.5	19.5	16.5	17.5	12.5	11.5	15.5	15.5	9.5	11.5
1154	6	17.5	19.5	15.5	15.5	12.5	12.5	14.5	13.5	10.5	11.5
1158	6	18.5	19.5	17.5	17.5	13.5	12.5	15.5	15.5	9.5	9.5
1174	6	17.5	17.5	15.5	15.5	13.5	13.5	13.5	15.5	10.5	9.5
1175	6	18.5	18.5	17.5	15.5	13.5	12.5	14.5	13.5	9.5	11.5
1187	6	18.5	18.5	15.5	17.5	12.5	11.5	14.5	15.5	10.5	10.5
1191	6	19.5	17.5	16.5	16.5	12.5	11.5	14.5	15.5	9.5	11.5
1192	6	17.5	19.5	15.5	17.5	13.5	13.5	15.5	14.5	10.5	10.5
1193	6	18.5	17.5	15.5	15.5	12.5	13.5	14.5	14.5	9.5	10.5
1211	6	18.5	19.5	17.5	15.5	11.5	12.5	13.5	14.5	10.5	11.5
1213	6	18.5	18.5	17.5	15.5	13.5	12.5	14.5	13.5	11.5	9.5
1229	6	18.5	19.5	17.5	16.5	12.5	11.5	15.5	14.5	11.5	11.5
1236	6	17.5	17.5	15.5	16.5	12.5	11.5	13.5	14.5	10.5	9.5
1241	6	18.5	18.5	16.5	16.5	13.5	13.5	13.5	15.5	11.5	11.5
1242	6	19.5	19.5	16.5	16.5	13.5	12.5	14.5	13.5	10.5	10.5
1246	6	18.5	18.5	15.5	15.5	13.5	11.5	13.5	14.5	11.5	9.5
1257	6	17.5	19.5	17.5	15.5	13.5	13.5	13.5	14.5	11.5	11.5
1269	6	18.5	17.5	17.5	17.5	11.5	12.5	13.5	15.5	9.5	9.5
1281	6	17.5	17.5	17.5	16.5	12.5	12.5	15.5	15.5	9.5	9.5
1282	6	17.5	18.5	17.5	17.5	11.5	11.5	14.5	15.5	9.5	11.5
1288	6	18.5	17.5	16.5	16.5	13.5	11.5	14.5	15.5	9.5	10.5
1290	6	19.5	18.5	16.5	17.5	13.5	12.5	13.5	15.5	10.5	10.5
1295	6	19.5	17.5	15.5	15.5	13.5	13.5	15.5	14.5	9.5	10.5
1307	6	19.5	18.5	16.5	17.5	11.5	12.5	14.5	13.5	11.5	11.5
1308	6	17.5	19.5	15.5	17.5	12.5	13.5	13.5	13.5	9.5	9.5
1309	6	19.5	19.5	16.5	16.5	11.5	11.5	13.5	15.5	9.5	11.5
1319	6	18.5	19.5	15.5	15.5	12.5	12.5	14.5	13.5	9.5	11.5
1326	6	17.5	18.5	15.5	16.5	12.5	11.5	14.5	15.5	11.5	9.5
1330	6	18.5	17.5	15.5	17.5	11.5	13.5	15.5	14.5	10.5	10.5
1332	6	17.5	18.5	16.5	17.5	13.5	12.5	14.5	14.5	10.5	11.5
1343	6	17.5	17.5	17.5	17.5	11.5	13.5	13.5	14.5	9.5	10.5
1344	6	19.5	19.5	17.5	15.5	13.5	13.5	13.5	13.5	11.5	10.5
1346	6	17.5	17.5	15.5	15.5	12.5	13.5	13.5	14.5	10.5	9.5
1355	6	17.5	19.5	17.5	16.5	13.5	13.5	15.5	15.5	10.5	11.5
1356	6	17.5	19.5	15.5	17.5	12.5	11.5	14.5	13.5	10.5	9.5
1371	6	28.5	29.5	27.5	25.5	21.5	21.5	25.5	25.5	21.5	20.5
1374	6	17.5	18.5	16.5	17.5	13.5	11.5	13.5	15.5	10.5	9.5
1376	6	17.5	18.5	16.5	16.5	13.5	11.5	14.5	14.5	9.5	11.5
1400	6	27.5	28.5	25.5	26.5	21.5	23.5	23.5	25.5	19.5	19.5
1409	6	17.5	19.5	15.5	16.5	13.5	11.5	14.5	14.5	10.5	10.5
1421	6	28.5	28.5	25.5	26.5	22.5	23.5	23.5	25.5	19.5	20.5
1422	6	19.5	18.5	15.5	17.5	12.5	12.5	14.5	14.5	10.5	10.5
1423	6	27.5	28.5	26.5	26.5	23.5	22.5	23.5	25.5	21.5	21.5
1427	6	19.5	18.5	15.5	16.5	13.5	12.5	14.5	15.5	11.5	11.5
1428	6	18.5	17.5	16.5	15.5	11.5	13.5	15.5	14.5	11.5	9.5
1432	6	19.5	19.5	16.5	15.5	11.5	13.5	15.5	14.5	10.5	10.5
1440	6	19.5	19.5	15.5	17.5	11.5	13.5	13.5	14.5	10.5	10.5
1445	6	17.5	17.5	15.5	15.5	11.5	13.5	13.5	15.5	11.5	9.5
1462	6	19.5	17.5	15.5	16.5	13.5	13.5	14.5	13.5	9.5	9.5
1463	6	19.5	18.5	16.5	15.5	12.5	11.5	14.5	15.5	11.5	10.5
1468	6	18.5	18.5	17.5	17.5	13.5	13.5	13.5	13.5	9.5	11.5
1490	6	19.5	19.5	15.5	15.5	12.5	11.5	15.5	15.5	11.5	11.5
1493	6	17.5	19.5	15.5	16.5	11.5	13.5	15.5	13.5	11.5	11.5
1494	6	17.5	19.5	15.5	16.5	12.5	11.5	15.5	15.5	10.5	11.5
1514	6	17.5	19.5	16.5	15.5	13.5	13.5	13.5	15.5	11.5	11.5
1522	6	17.5	19.5	16.5	17.5	13.5	13.5	15.5	15.5	10.5	9.5
1526	6	19.5	18.5	15.5	16.5	12.5	11.5	14.5	15.5	11.5	11.5
1529	6	19.5	17.5	17.5	16.5	11.5	13.5	13.5	14.5	9.5	10.5
1539	6	19.5	17.5	17.5	15.5	12.5	11.5	13.5	14.5	10.5	9.5
1546	6	17.5	19.5	16.5	17.5	13.5	11.5	15.5	13.5	9.5	11.5
1553	6	19.5	19.5	17.5	17.5	12.5	13.5	14.5	13.5	9.5	9.5
1559	6	18.5	17.5	17.5	15.5	11.5	13.5	15.5	13.5	10.5	10.5
1561	6	18.5	18.5	17.5	16.5	13.5	13.5	15.5	15.5	9.5	9.5
1580	6	19.5	17.5	16.5	15.5	13.5	12.5	15.5	13.5	9.5	10.5
1582	6	19.5	19.5	16.5	17.5	11.5	12.5	14.5	13.5	10.5	10.5
1585	6	18.5	18.5	17.5	17.5	12.5	13.5	15.5	14.5	11.5	11.5
1591	6	18.5	19.5	16.5	16.5	11.5	13.5	15.5	13.5	11.5	10.5
1609	6	19.5	19.5	17.5	15.5	11.5	13.5	15.5	15.5	9.5	10.5
1611	6	17.5	19.5	16.5	17.5	11.5	12.5	15.5	13.5	9.5	9.5
1612	6	37.5	37.5	36.5	37.5	31.5	31.5	33.5	33.5	29.5	31.5
1628	6	19.5	19.5	16.5	17.5	12.5	12.5	13.5	13.5	10.5	11.5
1637	6	17.5	17.5	16.5	16.5	13.5	11.5	15.5	15.5	9.5	10.5
1646	6	19.5	19.5	16.5	17.5	11.5	12.5	15.5	14.5	10.5	9.5
1648	6	28.5	29.5	26.5	27.5	21.5	22.5	24.5	24.5	20.5	21.5
1650	6	17.5	17.5	16.5	16.5	13.5	11.5	14.5	14.5	10.5	9.5
1656	6	17.5	18.5	15.5	17.5	11.5	11.5	13.5	15.5	11.5	9.5
1659	6	19.5	19.5	16.5	15.5	11.5	13.5	13.5	14.5	10.5	10.5
1664	6	19.5	19.5	15.5	15.5	11.5	11.5	14.5	15.5	11.5	11.5
1669	6	18.5	19.5	15.5	16.5	11.5	11.5	15.5	13.5	10.5	9.5
1672	6	18.5	18.5	16.5	15.5	13.5	12.5	14.5	15.5	11.5	9.5
1673	6	17.5	17.5	16.5	17.5	13.5	12.5	13.5	15.5	9.5	11.5
1683	6	17.5	17.5	16.5	15.5	13.5	13.5	15.5	13.5	10.5	10.5
1689	6	19.5	19.5	16.5	17.5	13.5	12.5	13.5	14.5	11.5	11.5
1696	6	19.5	17.5	15.5	15.5	11.5	11.5	14.5	14.5	9.5	10.5
1702	6	17.5	19.5	15.5	17.5	12.5	11.5	14.5	15.5	9.5	9.5
1710	6	17.5	19.5	15.5	17.5	11.5	13.5	13.5	14.5	11.5	10.5
1711	6	19.5	17.5	15.5	16.5	11.5	12.5	15.5	15.5	10.5	9.5
1714	6	17.5	19.5	16.5	15.5	11.5	12.5	15.5	15.5	9.5	10.5
1728	6	39.5	37.5	35.5	37.5	32.5	31.5	34.5	34.5	29.5	30.5
1745	6	17.5	17.5	17.5	17.5	13.5	13.5	14.5	14.5	9.5	10.5
1747	6	17.5	19.5	17.5	17.5	11.5	13.5	14.5	14.5	10.5	11.5
1748	6	17.5	18.5	15.5	15.5	12.5	13.5	14.5	14.5	9.5	10.5
1750	6	19.5	19.5	16.5	15.5	12.5	13.5	15.5	14.5	10.5	10.5
1755	6	17.5	17.5	15.5	17.5	12.5	13.5	15.5	13.5	10.5	10.5
1756	6	17.5	18.5	17.5	15.5	12.5	11.5	15.5	14.5	9.5	9.5
1757	6	19.5	18.5	17.5	16.5	12.5	13.5	13.5	13.5	11.5	9.5
1760	6	24.5	23.5	22.5	22.5	17.5	17.5	19.5	21.5	17.5	15.5
1761	6	16.5	17.5	15.5	14.5	9.5	10.5	13.5	11.5	9.5	9.5
1763	6	19.5	19.5	15.5	16.5	13.5	11.5	14.5	14.5	11.5	10.5
1774	6	19.5	17.5	16.5	15.5	13.5	12.5	13.5	14.5	10.5	11.5
1777	6	19.5	18.5	15.5	15.5	12.5	12.5	14.5	13.5	9.5	11.5
1787	6	19.5	17.5	15.5	15.5	13.5	12.5	13.5	15.5	10.5	11.5
1789	6	18.5	18.5	17.5	16.5	13.5	11.5	14.5	15.5	9.5	10.5
1791	6	19.5	18.5	17.5	16.5	13.5	12.5	15.5	13.5	10.5	10.5
1792	6	17.5	19.5	15.5	17.5	11.5	13.5	14.5	13.5	9.5	11.5
1795	6	19.5	19.5	15.5	15.5	11.5	13.5	14.5	15.5	9.5	10.5
1802	6	17.5	17.5	16.5	15.5	13.5	11.5	14.5	13.5	10.5	9.5
1803	6	19.5	18.5	16.5	16.5	13.5	12.5	15.5	14.5	11.5	10.5
1811	6	19.5	19.5	17.5	16.5	12.5	12.5	14.5	13.5	11.5	11.5
1827	6	18.5	18.5	17.5	15.5	13.5	13.5	15.5	13.5	11.5	10.5
1828	6	17.5	18.5	17.5	16.5	11.5	11.5	13.5	14.5	10.5	10.5
1830	6	17.5	19.5	15.5	16.5	12.5	11.5	15.5	14.5	9.5	9.5
1835	6	19.5	19.5	15.5	17.5	12.5	11.5	15.5	15.5	10.5	9.5
1838	6	0	0	0	0	0	0	0	0	0	0
253	7	17	17	16	15	12	12	14	13	11	10
265	7	18	17	15	17	11	13	15	13	9	9
268	7	24	25	21	23	18	17	19	20	16	17
271	7	17	17	16	16	12	12	13	14	9	9
275	7	19	17	17	15	13	11	13	13	11	10
282	7	17	17	16	16	12	11	15	13	11	11
286	7	39	39	37	36	31	31	34	33	30	30
294	7	18	19	17	16	13	11	14	14	10	10
302	7	17	15	13	15	10	10	13	12	7	8
305	7	19	18	17	17	12	12	13	14	9	9
320	7	18	19	17	17	11	11	15	13	9	10
323	7	15	15	15	13	10	11	11	13	7	8
328	7	17	19	16	16	11	13	14	13	11	9
331	7	17	18	15	15	11	11	15	14	9	9
339	7	15	17	15	15	10	10	11	12	9	8
348	7	18	17	17	17	12	11	13	15	9	10
350	7	19	19	17	16	13	13	15	13	9	9
351	7	18	17	17	15	11	12	14	14	10	11
352	7	18	18	16	15	13	13	14	13	9	10
362	7	19	19	17	16	11	12	14	13	11	9
376	7	17	18	17	16	12	12	15	13	11	10
377	7	17	19	15	16	12	12	15	15	9	9
392	7	19	19	17	15	11	11	14	15	9	9
404	7	17	19	17	16	13	12	13	15	10	9
406	7	19	18	15	15	12	11	15	15	10	9
410	7	37	39	35	37	31	32	33	35	29	31
419	7	18	17	15	16	12	13	15	13	11	10
429	7	18	18	17	15	12	12	13	13	11	9
439	7	17	18	15	15	13	11	14	15	9	10
444	7	19	18	15	15	11	13	14	13	9	11
450	7	19	19	17	17	12	12	14	13	9	10
454	7	19	18	17	17	11	11	13	14	10	10
457	7	19	17	15	15	12	13	15	14	11	9
465	7	17	17	15	17	11	13	15	14	9	10
468	7	28	27	26	25	23	21	24	24	19	20
497	7	19	19	16	15	11	12	14	13	11	9
501	7	19	19	15	16	13	11	13	14	9	10
502	7	18	19	15	17	12	13	15	14	9	9
508	7	19	17	15	15	11	12	14	15	10	10
513	7	18	17	17	17	11	13	13	13	11	11
514	7	17	18	16	15	12	12	14	15	10	9
521	7	19	17	16	17	13	13	15	13	10	10
536	7	19	18	17	15	13	11	15	14	10	10
537	7	17	17	17	17	13	13	13	15	10	11
540	7	18	18	16	15	12	11	13	14	9	11
542	7	17	19	16	17	12	12	13	13	9	11
544	7	19	19	17	15	11	11	13	13	11	9
547	7	17	19	15	17	13	12	15	15	9	9
550	7	17	19	17	16	13	12	15	15	11	11
562	7	17	17	17	17	13	12	14	13	9	9
565	7	19	19	15	16	11	11	13	13	11	9
577	7	18	18	15	15	12	11	15	15	10	10
579	7	17	18	16	15	12	12	13	15	11	9
591	7	18	17	17	17	12	12	13	14	9	9
602	7	18	17	17	17	11	11	14	15	11	11
610	7	18	19	17	17	13	11	13	14	9	11
613	7	18	17	16	15	13	11	13	13	9	11
615	7	19	17	17	17	11	12	14	15	11	9
621	7	18	19	15	15	11	12	14	13	10	11
625	7	17	17	17	17	13	12	14	14	11	11
626	7	18	19	16	17	13	12	15	13	11	11
627	7	19	18	17	15	12	11	14	15	9	10
628	7	18	17	15	17	12	11	13	13	10	9
630	7	15	16	15	14	10	10	13	11	8	7
634	7	15	16	13	13	9	10	13	13	7	8
644	7	17	17	16	15	12	12	14	13	11	10
645	7	27	28	26	26	22	22	25	23	20	20
652	7	17	19	17	17	13	13	13	15	10	10
656	7	17	17	16	15	12	13	15	13	11	9
662	7	19	19	16	17	11	11	14	15	10	11
683	7	65	64	62	63	59	58	59	59	56	57
693	7	18	17	17	17	13	12	13	15	10	10
697	7	19	17	15	15	12	13	15	15	11	11
708	7	18	17	16	15	12	13	13	14	9	10
710	7	18	17	15	16	13	13	13	14	10	10
712	7	19	17	16	16	11	12	13	13	9	10
721	7	17	19	16	15	13	12	14	15	10	9
728	7	16	16	15	15	9	11	12	12	9	8
744	7	17	19	16	15	12	11	15	15	9	10
746	7	18	18	17	17	13	12	14	14	10	9
760	7	18	18	16	16	12	11	15	15	11	11
765	7	17	19	15	17	12	13	14	13	9	10
796	7	18	17	15	17	13	13	14	13	9	9
800	7	15	16	14	15	9	9	11	11	9	9
802	7	18	19	17	16	11	11	15	13	9	9
816	7	18	19	16	16	13	12	14	13	11	9
821	7	15	16	14	15	11	10	12	12	8	8
827	7	18	19	17	17	11	13	13	15	11	10
831	7	18	19	17	17	13	12	14	13	10	11
834	7	19	17	15	17	12	11	15	15	10	10
839	7	18	19	15	17	12	12	13	13	10	11
840	7	17	18	17	15	12	12	14	13	10	11
844	7	19	19	15	17	13	13	14	13	9	10
855	7	17	17	17	17	13	13	14	15	10	9
868	7	18	19	16	16	12	13	14	15	10	11
877	7	17	17	15	17	12	11	13	14	9	10
889	7	17	17	17	17	12	11	13	15	10	11
901	7	17	17	16	17	12	12	13	15	11	9
933	7	18	19	16	15	13	11	13	15	11	11
934	7	17	17	17	15	12	12	15	13	9	9
947	7	19	19	16	16	13	11	15	13	10	11
949	7	18	18	15	16	12	12	15	15	10	10
951	7	19	17	15	16	11	12	14	15	9	11
956	7	27	27	27	26	23	23	23	24	19	20
968	7	17	19	17	16	13	11	14	15	11	9
972	7	27	29	27	26	21	23	25	23	20	20
974	7	19	19	17	17	11	13	13	14	9	11
977	7	17	19	17	16	13	11	14	14	10	10
983	7	19	18	16	15	11	11	13	14	11	9
987	7	19	19	17	17	13	11	15	14	10	9
988	7	19	18	15	17	13	12	14	15	11	9
990	7	18	17	16	17	13	12	13	14	9	10
994	7	17	18	17	15	11	13	14	14	9	11
997	7	18	18	15	17	13	13	13	14	11	10
998	7	19	17	16	17	13	12	14	13	10	11
1011	7	19	19	17	15	12	11	15	15	10	10
1041	7	18	19	17	17	11	13	13	15	11	9
1042	7	19	18	16	17	12	11	13	15	11	10
1052	7	17	18	16	17	11	11	13	14	11	10
1068	7	17	19	17	17	11	11	14	15	10	9
1070	7	29	28	25	26	22	23	24	24	20	19
1071	7	17	19	17	15	11	12	14	13	9	11
1074	7	17	19	17	16	12	13	13	13	9	9
1086	7	18	18	16	15	11	12	13	14	9	11
1090	7	18	17	17	15	12	13	14	15	9	9
1096	7	18	17	15	17	11	13	15	13	10	9
1099	7	18	19	15	17	13	11	15	14	10	9
1102	7	18	17	17	16	12	11	13	13	9	11
1106	7	19	19	17	17	13	11	13	14	9	11
1108	7	18	19	17	16	11	11	13	14	9	9
1109	7	18	19	15	17	12	11	13	13	10	11
1121	7	18	19	16	15	13	12	15	13	10	11
1122	7	29	29	25	26	23	23	25	23	19	19
1134	7	17	19	15	16	11	13	13	13	9	9
1142	7	18	17	15	15	13	12	14	13	9	11
1144	7	18	17	16	15	11	12	13	13	10	11
1145	7	18	18	17	16	12	11	13	15	11	10
1148	7	19	19	17	15	11	13	15	13	11	9
1153	7	17	19	16	17	12	11	15	15	9	11
1154	7	17	19	15	15	12	12	14	13	10	11
1158	7	18	19	17	17	13	12	15	15	9	9
1174	7	17	17	15	15	13	13	13	15	10	9
1175	7	18	18	17	15	13	12	14	13	9	11
1187	7	18	18	15	17	12	11	14	15	10	10
1191	7	19	17	16	16	12	11	14	15	9	11
1192	7	17	19	15	17	13	13	15	14	10	10
1193	7	18	17	15	15	12	13	14	14	9	10
1211	7	18	19	17	15	11	12	13	14	10	11
1213	7	18	18	17	15	13	12	14	13	11	9
1229	7	18	19	17	16	12	11	15	14	11	11
1236	7	17	17	15	16	12	11	13	14	10	9
1241	7	18	18	16	16	13	13	13	15	11	11
1242	7	19	19	16	16	13	12	14	13	10	10
1246	7	18	18	15	15	13	11	13	14	11	9
1257	7	17	19	17	15	13	13	13	14	11	11
1269	7	18	17	17	17	11	12	13	15	9	9
1281	7	17	17	17	16	12	12	15	15	9	9
1282	7	17	18	17	17	11	11	14	15	9	11
1288	7	18	17	16	16	13	11	14	15	9	10
1290	7	19	18	16	17	13	12	13	15	10	10
1295	7	19	17	15	15	13	13	15	14	9	10
1307	7	19	18	16	17	11	12	14	13	11	11
1308	7	17	19	15	17	12	13	13	13	9	9
1309	7	19	19	16	16	11	11	13	15	9	11
1319	7	18	19	15	15	12	12	14	13	9	11
1326	7	17	18	15	16	12	11	14	15	11	9
1330	7	18	17	15	17	11	13	15	14	10	10
1332	7	17	18	16	17	13	12	14	14	10	11
1343	7	17	17	17	17	11	13	13	14	9	10
1344	7	19	19	17	15	13	13	13	13	11	10
1346	7	17	17	15	15	12	13	13	14	10	9
1355	7	17	19	17	16	13	13	15	15	10	11
1356	7	17	19	15	17	12	11	14	13	10	9
1371	7	28	29	27	25	21	21	25	25	21	20
1374	7	17	18	16	17	13	11	13	15	10	9
1376	7	17	18	16	16	13	11	14	14	9	11
1400	7	27	28	25	26	21	23	23	25	19	19
1409	7	17	19	15	16	13	11	14	14	10	10
1421	7	28	28	25	26	22	23	23	25	19	20
1422	7	19	18	15	17	12	12	14	14	10	10
1423	7	27	28	26	26	23	22	23	25	21	21
1427	7	19	18	15	16	13	12	14	15	11	11
1428	7	18	17	16	15	11	13	15	14	11	9
1432	7	19	19	16	15	11	13	15	14	10	10
1440	7	19	19	15	17	11	13	13	14	10	10
1445	7	17	17	15	15	11	13	13	15	11	9
1462	7	19	17	15	16	13	13	14	13	9	9
1463	7	19	18	16	15	12	11	14	15	11	10
1468	7	18	18	17	17	13	13	13	13	9	11
1490	7	19	19	15	15	12	11	15	15	11	11
1493	7	17	19	15	16	11	13	15	13	11	11
1494	7	17	19	15	16	12	11	15	15	10	11
1514	7	17	19	16	15	13	13	13	15	11	11
1522	7	17	19	16	17	13	13	15	15	10	9
1526	7	19	18	15	16	12	11	14	15	11	11
1529	7	19	17	17	16	11	13	13	14	9	10
1539	7	19	17	17	15	12	11	13	14	10	9
1546	7	17	19	16	17	13	11	15	13	9	11
1553	7	19	19	17	17	12	13	14	13	9	9
1559	7	18	17	17	15	11	13	15	13	10	10
1561	7	18	18	17	16	13	13	15	15	9	9
1580	7	19	17	16	15	13	12	15	13	9	10
1582	7	19	19	16	17	11	12	14	13	10	10
1585	7	18	18	17	17	12	13	15	14	11	11
1591	7	18	19	16	16	11	13	15	13	11	10
1609	7	19	19	17	15	11	13	15	15	9	10
1611	7	17	19	16	17	11	12	15	13	9	9
1612	7	37	37	36	37	31	31	33	33	29	31
1628	7	19	19	16	17	12	12	13	13	10	11
1637	7	17	17	16	16	13	11	15	15	9	10
1646	7	19	19	16	17	11	12	15	14	10	9
1648	7	28	29	26	27	21	22	24	24	20	21
1650	7	17	17	16	16	13	11	14	14	10	9
1656	7	17	18	15	17	11	11	13	15	11	9
1659	7	19	19	16	15	11	13	13	14	10	10
1664	7	19	19	15	15	11	11	14	15	11	11
1669	7	18	19	15	16	11	11	15	13	10	9
1672	7	18	18	16	15	13	12	14	15	11	9
1673	7	17	17	16	17	13	12	13	15	9	11
1683	7	17	17	16	15	13	13	15	13	10	10
1689	7	19	19	16	17	13	12	13	14	11	11
1696	7	19	17	15	15	11	11	14	14	9	10
1702	7	17	19	15	17	12	11	14	15	9	9
1710	7	17	19	15	17	11	13	13	14	11	10
1711	7	19	17	15	16	11	12	15	15	10	9
1714	7	17	19	16	15	11	12	15	15	9	10
1728	7	39	37	35	37	32	31	34	34	29	30
1745	7	17	17	17	17	13	13	14	14	9	10
1747	7	17	19	17	17	11	13	14	14	10	11
1748	7	17	18	15	15	12	13	14	14	9	10
1750	7	19	19	16	15	12	13	15	14	10	10
1755	7	17	17	15	17	12	13	15	13	10	10
1756	7	17	18	17	15	12	11	15	14	9	9
1757	7	19	18	17	16	12	13	13	13	11	9
1760	7	24	23	22	22	17	17	19	21	17	15
1761	7	16	17	15	14	9	10	13	11	9	9
1763	7	19	19	15	16	13	11	14	14	11	10
1774	7	19	17	16	15	13	12	13	14	10	11
1777	7	19	18	15	15	12	12	14	13	9	11
1787	7	19	17	15	15	13	12	13	15	10	11
1789	7	18	18	17	16	13	11	14	15	9	10
1791	7	19	18	17	16	13	12	15	13	10	10
1792	7	17	19	15	17	11	13	14	13	9	11
1795	7	19	19	15	15	11	13	14	15	9	10
1802	7	17	17	16	15	13	11	14	13	10	9
1803	7	19	18	16	16	13	12	15	14	11	10
1811	7	19	19	17	16	12	12	14	13	11	11
1827	7	18	18	17	15	13	13	15	13	11	10
1828	7	17	18	17	16	11	11	13	14	10	10
1830	7	17	19	15	16	12	11	15	14	9	9
1835	7	19	19	15	17	12	11	15	15	10	9
1838	7	0	0	0	0	0	0	0	0	0	0
253	8	16.5	16.5	15.5	14.5	11.5	11.5	13.5	12.5	10.5	9.5
265	8	17.5	16.5	14.5	16.5	10.5	12.5	14.5	12.5	8.5	8.5
268	8	23.5	24.5	20.5	22.5	17.5	16.5	18.5	19.5	15.5	16.5
271	8	16.5	16.5	15.5	15.5	11.5	11.5	12.5	13.5	8.5	8.5
275	8	18.5	16.5	16.5	14.5	12.5	10.5	12.5	12.5	10.5	9.5
282	8	16.5	16.5	15.5	15.5	11.5	10.5	14.5	12.5	10.5	10.5
286	8	38.5	38.5	36.5	35.5	30.5	30.5	33.5	32.5	29.5	29.5
294	8	17.5	18.5	16.5	15.5	12.5	10.5	13.5	13.5	9.5	9.5
302	8	16.5	14.5	12.5	14.5	9.5	9.5	12.5	11.5	6.5	7.5
305	8	18.5	17.5	16.5	16.5	11.5	11.5	12.5	13.5	8.5	8.5
320	8	17.5	18.5	16.5	16.5	10.5	10.5	14.5	12.5	8.5	9.5
323	8	14.5	14.5	14.5	12.5	9.5	10.5	10.5	12.5	6.5	7.5
328	8	16.5	18.5	15.5	15.5	10.5	12.5	13.5	12.5	10.5	8.5
331	8	16.5	17.5	14.5	14.5	10.5	10.5	14.5	13.5	8.5	8.5
339	8	14.5	16.5	14.5	14.5	9.5	9.5	10.5	11.5	8.5	7.5
348	8	17.5	16.5	16.5	16.5	11.5	10.5	12.5	14.5	8.5	9.5
350	8	18.5	18.5	16.5	15.5	12.5	12.5	14.5	12.5	8.5	8.5
351	8	17.5	16.5	16.5	14.5	10.5	11.5	13.5	13.5	9.5	10.5
352	8	17.5	17.5	15.5	14.5	12.5	12.5	13.5	12.5	8.5	9.5
362	8	18.5	18.5	16.5	15.5	10.5	11.5	13.5	12.5	10.5	8.5
376	8	16.5	17.5	16.5	15.5	11.5	11.5	14.5	12.5	10.5	9.5
377	8	16.5	18.5	14.5	15.5	11.5	11.5	14.5	14.5	8.5	8.5
392	8	18.5	18.5	16.5	14.5	10.5	10.5	13.5	14.5	8.5	8.5
404	8	16.5	18.5	16.5	15.5	12.5	11.5	12.5	14.5	9.5	8.5
406	8	18.5	17.5	14.5	14.5	11.5	10.5	14.5	14.5	9.5	8.5
410	8	36.5	38.5	34.5	36.5	30.5	31.5	32.5	34.5	28.5	30.5
419	8	17.5	16.5	14.5	15.5	11.5	12.5	14.5	12.5	10.5	9.5
429	8	17.5	17.5	16.5	14.5	11.5	11.5	12.5	12.5	10.5	8.5
439	8	16.5	17.5	14.5	14.5	12.5	10.5	13.5	14.5	8.5	9.5
444	8	18.5	17.5	14.5	14.5	10.5	12.5	13.5	12.5	8.5	10.5
450	8	18.5	18.5	16.5	16.5	11.5	11.5	13.5	12.5	8.5	9.5
454	8	18.5	17.5	16.5	16.5	10.5	10.5	12.5	13.5	9.5	9.5
457	8	18.5	16.5	14.5	14.5	11.5	12.5	14.5	13.5	10.5	8.5
465	8	16.5	16.5	14.5	16.5	10.5	12.5	14.5	13.5	8.5	9.5
468	8	27.5	26.5	25.5	24.5	22.5	20.5	23.5	23.5	18.5	19.5
497	8	18.5	18.5	15.5	14.5	10.5	11.5	13.5	12.5	10.5	8.5
501	8	18.5	18.5	14.5	15.5	12.5	10.5	12.5	13.5	8.5	9.5
502	8	17.5	18.5	14.5	16.5	11.5	12.5	14.5	13.5	8.5	8.5
508	8	18.5	16.5	14.5	14.5	10.5	11.5	13.5	14.5	9.5	9.5
513	8	17.5	16.5	16.5	16.5	10.5	12.5	12.5	12.5	10.5	10.5
514	8	16.5	17.5	15.5	14.5	11.5	11.5	13.5	14.5	9.5	8.5
521	8	18.5	16.5	15.5	16.5	12.5	12.5	14.5	12.5	9.5	9.5
536	8	18.5	17.5	16.5	14.5	12.5	10.5	14.5	13.5	9.5	9.5
537	8	16.5	16.5	16.5	16.5	12.5	12.5	12.5	14.5	9.5	10.5
540	8	17.5	17.5	15.5	14.5	11.5	10.5	12.5	13.5	8.5	10.5
542	8	16.5	18.5	15.5	16.5	11.5	11.5	12.5	12.5	8.5	10.5
544	8	18.5	18.5	16.5	14.5	10.5	10.5	12.5	12.5	10.5	8.5
547	8	16.5	18.5	14.5	16.5	12.5	11.5	14.5	14.5	8.5	8.5
550	8	16.5	18.5	16.5	15.5	12.5	11.5	14.5	14.5	10.5	10.5
562	8	16.5	16.5	16.5	16.5	12.5	11.5	13.5	12.5	8.5	8.5
565	8	18.5	18.5	14.5	15.5	10.5	10.5	12.5	12.5	10.5	8.5
577	8	17.5	17.5	14.5	14.5	11.5	10.5	14.5	14.5	9.5	9.5
579	8	16.5	17.5	15.5	14.5	11.5	11.5	12.5	14.5	10.5	8.5
591	8	17.5	16.5	16.5	16.5	11.5	11.5	12.5	13.5	8.5	8.5
602	8	17.5	16.5	16.5	16.5	10.5	10.5	13.5	14.5	10.5	10.5
610	8	17.5	18.5	16.5	16.5	12.5	10.5	12.5	13.5	8.5	10.5
613	8	17.5	16.5	15.5	14.5	12.5	10.5	12.5	12.5	8.5	10.5
615	8	18.5	16.5	16.5	16.5	10.5	11.5	13.5	14.5	10.5	8.5
621	8	17.5	18.5	14.5	14.5	10.5	11.5	13.5	12.5	9.5	10.5
625	8	16.5	16.5	16.5	16.5	12.5	11.5	13.5	13.5	10.5	10.5
626	8	17.5	18.5	15.5	16.5	12.5	11.5	14.5	12.5	10.5	10.5
627	8	18.5	17.5	16.5	14.5	11.5	10.5	13.5	14.5	8.5	9.5
628	8	17.5	16.5	14.5	16.5	11.5	10.5	12.5	12.5	9.5	8.5
630	8	14.5	15.5	14.5	13.5	9.5	9.5	12.5	10.5	7.5	6.5
634	8	14.5	15.5	12.5	12.5	8.5	9.5	12.5	12.5	6.5	7.5
644	8	16.5	16.5	15.5	14.5	11.5	11.5	13.5	12.5	10.5	9.5
645	8	26.5	27.5	25.5	25.5	21.5	21.5	24.5	22.5	19.5	19.5
652	8	16.5	18.5	16.5	16.5	12.5	12.5	12.5	14.5	9.5	9.5
656	8	16.5	16.5	15.5	14.5	11.5	12.5	14.5	12.5	10.5	8.5
662	8	18.5	18.5	15.5	16.5	10.5	10.5	13.5	14.5	9.5	10.5
683	8	64.5	63.5	61.5	62.5	58.5	57.5	58.5	58.5	55.5	56.5
693	8	17.5	16.5	16.5	16.5	12.5	11.5	12.5	14.5	9.5	9.5
697	8	18.5	16.5	14.5	14.5	11.5	12.5	14.5	14.5	10.5	10.5
708	8	17.5	16.5	15.5	14.5	11.5	12.5	12.5	13.5	8.5	9.5
710	8	17.5	16.5	14.5	15.5	12.5	12.5	12.5	13.5	9.5	9.5
712	8	18.5	16.5	15.5	15.5	10.5	11.5	12.5	12.5	8.5	9.5
721	8	16.5	18.5	15.5	14.5	12.5	11.5	13.5	14.5	9.5	8.5
728	8	15.5	15.5	14.5	14.5	8.5	10.5	11.5	11.5	8.5	7.5
744	8	16.5	18.5	15.5	14.5	11.5	10.5	14.5	14.5	8.5	9.5
746	8	17.5	17.5	16.5	16.5	12.5	11.5	13.5	13.5	9.5	8.5
760	8	17.5	17.5	15.5	15.5	11.5	10.5	14.5	14.5	10.5	10.5
765	8	16.5	18.5	14.5	16.5	11.5	12.5	13.5	12.5	8.5	9.5
796	8	17.5	16.5	14.5	16.5	12.5	12.5	13.5	12.5	8.5	8.5
800	8	14.5	15.5	13.5	14.5	8.5	8.5	10.5	10.5	8.5	8.5
802	8	17.5	18.5	16.5	15.5	10.5	10.5	14.5	12.5	8.5	8.5
816	8	17.5	18.5	15.5	15.5	12.5	11.5	13.5	12.5	10.5	8.5
821	8	14.5	15.5	13.5	14.5	10.5	9.5	11.5	11.5	7.5	7.5
827	8	17.5	18.5	16.5	16.5	10.5	12.5	12.5	14.5	10.5	9.5
831	8	17.5	18.5	16.5	16.5	12.5	11.5	13.5	12.5	9.5	10.5
834	8	18.5	16.5	14.5	16.5	11.5	10.5	14.5	14.5	9.5	9.5
839	8	17.5	18.5	14.5	16.5	11.5	11.5	12.5	12.5	9.5	10.5
840	8	16.5	17.5	16.5	14.5	11.5	11.5	13.5	12.5	9.5	10.5
844	8	18.5	18.5	14.5	16.5	12.5	12.5	13.5	12.5	8.5	9.5
855	8	16.5	16.5	16.5	16.5	12.5	12.5	13.5	14.5	9.5	8.5
868	8	17.5	18.5	15.5	15.5	11.5	12.5	13.5	14.5	9.5	10.5
877	8	16.5	16.5	14.5	16.5	11.5	10.5	12.5	13.5	8.5	9.5
889	8	16.5	16.5	16.5	16.5	11.5	10.5	12.5	14.5	9.5	10.5
901	8	16.5	16.5	15.5	16.5	11.5	11.5	12.5	14.5	10.5	8.5
933	8	17.5	18.5	15.5	14.5	12.5	10.5	12.5	14.5	10.5	10.5
934	8	16.5	16.5	16.5	14.5	11.5	11.5	14.5	12.5	8.5	8.5
947	8	18.5	18.5	15.5	15.5	12.5	10.5	14.5	12.5	9.5	10.5
949	8	17.5	17.5	14.5	15.5	11.5	11.5	14.5	14.5	9.5	9.5
951	8	18.5	16.5	14.5	15.5	10.5	11.5	13.5	14.5	8.5	10.5
956	8	26.5	26.5	26.5	25.5	22.5	22.5	22.5	23.5	18.5	19.5
968	8	16.5	18.5	16.5	15.5	12.5	10.5	13.5	14.5	10.5	8.5
972	8	26.5	28.5	26.5	25.5	20.5	22.5	24.5	22.5	19.5	19.5
974	8	18.5	18.5	16.5	16.5	10.5	12.5	12.5	13.5	8.5	10.5
977	8	16.5	18.5	16.5	15.5	12.5	10.5	13.5	13.5	9.5	9.5
983	8	18.5	17.5	15.5	14.5	10.5	10.5	12.5	13.5	10.5	8.5
987	8	18.5	18.5	16.5	16.5	12.5	10.5	14.5	13.5	9.5	8.5
988	8	18.5	17.5	14.5	16.5	12.5	11.5	13.5	14.5	10.5	8.5
990	8	17.5	16.5	15.5	16.5	12.5	11.5	12.5	13.5	8.5	9.5
994	8	16.5	17.5	16.5	14.5	10.5	12.5	13.5	13.5	8.5	10.5
997	8	17.5	17.5	14.5	16.5	12.5	12.5	12.5	13.5	10.5	9.5
998	8	18.5	16.5	15.5	16.5	12.5	11.5	13.5	12.5	9.5	10.5
1011	8	18.5	18.5	16.5	14.5	11.5	10.5	14.5	14.5	9.5	9.5
1041	8	17.5	18.5	16.5	16.5	10.5	12.5	12.5	14.5	10.5	8.5
1042	8	18.5	17.5	15.5	16.5	11.5	10.5	12.5	14.5	10.5	9.5
1052	8	16.5	17.5	15.5	16.5	10.5	10.5	12.5	13.5	10.5	9.5
1068	8	16.5	18.5	16.5	16.5	10.5	10.5	13.5	14.5	9.5	8.5
1070	8	28.5	27.5	24.5	25.5	21.5	22.5	23.5	23.5	19.5	18.5
1071	8	16.5	18.5	16.5	14.5	10.5	11.5	13.5	12.5	8.5	10.5
1074	8	16.5	18.5	16.5	15.5	11.5	12.5	12.5	12.5	8.5	8.5
1086	8	17.5	17.5	15.5	14.5	10.5	11.5	12.5	13.5	8.5	10.5
1090	8	17.5	16.5	16.5	14.5	11.5	12.5	13.5	14.5	8.5	8.5
1096	8	17.5	16.5	14.5	16.5	10.5	12.5	14.5	12.5	9.5	8.5
1099	8	17.5	18.5	14.5	16.5	12.5	10.5	14.5	13.5	9.5	8.5
1102	8	17.5	16.5	16.5	15.5	11.5	10.5	12.5	12.5	8.5	10.5
1106	8	18.5	18.5	16.5	16.5	12.5	10.5	12.5	13.5	8.5	10.5
1108	8	17.5	18.5	16.5	15.5	10.5	10.5	12.5	13.5	8.5	8.5
1109	8	17.5	18.5	14.5	16.5	11.5	10.5	12.5	12.5	9.5	10.5
1121	8	17.5	18.5	15.5	14.5	12.5	11.5	14.5	12.5	9.5	10.5
1122	8	28.5	28.5	24.5	25.5	22.5	22.5	24.5	22.5	18.5	18.5
1134	8	16.5	18.5	14.5	15.5	10.5	12.5	12.5	12.5	8.5	8.5
1142	8	17.5	16.5	14.5	14.5	12.5	11.5	13.5	12.5	8.5	10.5
1144	8	17.5	16.5	15.5	14.5	10.5	11.5	12.5	12.5	9.5	10.5
1145	8	17.5	17.5	16.5	15.5	11.5	10.5	12.5	14.5	10.5	9.5
1148	8	18.5	18.5	16.5	14.5	10.5	12.5	14.5	12.5	10.5	8.5
1153	8	16.5	18.5	15.5	16.5	11.5	10.5	14.5	14.5	8.5	10.5
1154	8	16.5	18.5	14.5	14.5	11.5	11.5	13.5	12.5	9.5	10.5
1158	8	17.5	18.5	16.5	16.5	12.5	11.5	14.5	14.5	8.5	8.5
1174	8	16.5	16.5	14.5	14.5	12.5	12.5	12.5	14.5	9.5	8.5
1175	8	17.5	17.5	16.5	14.5	12.5	11.5	13.5	12.5	8.5	10.5
1187	8	17.5	17.5	14.5	16.5	11.5	10.5	13.5	14.5	9.5	9.5
1191	8	18.5	16.5	15.5	15.5	11.5	10.5	13.5	14.5	8.5	10.5
1192	8	16.5	18.5	14.5	16.5	12.5	12.5	14.5	13.5	9.5	9.5
1193	8	17.5	16.5	14.5	14.5	11.5	12.5	13.5	13.5	8.5	9.5
1211	8	17.5	18.5	16.5	14.5	10.5	11.5	12.5	13.5	9.5	10.5
1213	8	17.5	17.5	16.5	14.5	12.5	11.5	13.5	12.5	10.5	8.5
1229	8	17.5	18.5	16.5	15.5	11.5	10.5	14.5	13.5	10.5	10.5
1236	8	16.5	16.5	14.5	15.5	11.5	10.5	12.5	13.5	9.5	8.5
1241	8	17.5	17.5	15.5	15.5	12.5	12.5	12.5	14.5	10.5	10.5
1242	8	18.5	18.5	15.5	15.5	12.5	11.5	13.5	12.5	9.5	9.5
1246	8	17.5	17.5	14.5	14.5	12.5	10.5	12.5	13.5	10.5	8.5
1257	8	16.5	18.5	16.5	14.5	12.5	12.5	12.5	13.5	10.5	10.5
1269	8	17.5	16.5	16.5	16.5	10.5	11.5	12.5	14.5	8.5	8.5
1281	8	16.5	16.5	16.5	15.5	11.5	11.5	14.5	14.5	8.5	8.5
1282	8	16.5	17.5	16.5	16.5	10.5	10.5	13.5	14.5	8.5	10.5
1288	8	17.5	16.5	15.5	15.5	12.5	10.5	13.5	14.5	8.5	9.5
1290	8	18.5	17.5	15.5	16.5	12.5	11.5	12.5	14.5	9.5	9.5
1295	8	18.5	16.5	14.5	14.5	12.5	12.5	14.5	13.5	8.5	9.5
1307	8	18.5	17.5	15.5	16.5	10.5	11.5	13.5	12.5	10.5	10.5
1308	8	16.5	18.5	14.5	16.5	11.5	12.5	12.5	12.5	8.5	8.5
1309	8	18.5	18.5	15.5	15.5	10.5	10.5	12.5	14.5	8.5	10.5
1319	8	17.5	18.5	14.5	14.5	11.5	11.5	13.5	12.5	8.5	10.5
1326	8	16.5	17.5	14.5	15.5	11.5	10.5	13.5	14.5	10.5	8.5
1330	8	17.5	16.5	14.5	16.5	10.5	12.5	14.5	13.5	9.5	9.5
1332	8	16.5	17.5	15.5	16.5	12.5	11.5	13.5	13.5	9.5	10.5
1343	8	16.5	16.5	16.5	16.5	10.5	12.5	12.5	13.5	8.5	9.5
1344	8	18.5	18.5	16.5	14.5	12.5	12.5	12.5	12.5	10.5	9.5
1346	8	16.5	16.5	14.5	14.5	11.5	12.5	12.5	13.5	9.5	8.5
1355	8	16.5	18.5	16.5	15.5	12.5	12.5	14.5	14.5	9.5	10.5
1356	8	16.5	18.5	14.5	16.5	11.5	10.5	13.5	12.5	9.5	8.5
1371	8	27.5	28.5	26.5	24.5	20.5	20.5	24.5	24.5	20.5	19.5
1374	8	16.5	17.5	15.5	16.5	12.5	10.5	12.5	14.5	9.5	8.5
1376	8	16.5	17.5	15.5	15.5	12.5	10.5	13.5	13.5	8.5	10.5
1400	8	26.5	27.5	24.5	25.5	20.5	22.5	22.5	24.5	18.5	18.5
1409	8	16.5	18.5	14.5	15.5	12.5	10.5	13.5	13.5	9.5	9.5
1421	8	27.5	27.5	24.5	25.5	21.5	22.5	22.5	24.5	18.5	19.5
1422	8	18.5	17.5	14.5	16.5	11.5	11.5	13.5	13.5	9.5	9.5
1423	8	26.5	27.5	25.5	25.5	22.5	21.5	22.5	24.5	20.5	20.5
1427	8	18.5	17.5	14.5	15.5	12.5	11.5	13.5	14.5	10.5	10.5
1428	8	17.5	16.5	15.5	14.5	10.5	12.5	14.5	13.5	10.5	8.5
1432	8	18.5	18.5	15.5	14.5	10.5	12.5	14.5	13.5	9.5	9.5
1440	8	18.5	18.5	14.5	16.5	10.5	12.5	12.5	13.5	9.5	9.5
1445	8	16.5	16.5	14.5	14.5	10.5	12.5	12.5	14.5	10.5	8.5
1462	8	18.5	16.5	14.5	15.5	12.5	12.5	13.5	12.5	8.5	8.5
1463	8	18.5	17.5	15.5	14.5	11.5	10.5	13.5	14.5	10.5	9.5
1468	8	17.5	17.5	16.5	16.5	12.5	12.5	12.5	12.5	8.5	10.5
1490	8	18.5	18.5	14.5	14.5	11.5	10.5	14.5	14.5	10.5	10.5
1493	8	16.5	18.5	14.5	15.5	10.5	12.5	14.5	12.5	10.5	10.5
1494	8	16.5	18.5	14.5	15.5	11.5	10.5	14.5	14.5	9.5	10.5
1514	8	16.5	18.5	15.5	14.5	12.5	12.5	12.5	14.5	10.5	10.5
1522	8	16.5	18.5	15.5	16.5	12.5	12.5	14.5	14.5	9.5	8.5
1526	8	18.5	17.5	14.5	15.5	11.5	10.5	13.5	14.5	10.5	10.5
1529	8	18.5	16.5	16.5	15.5	10.5	12.5	12.5	13.5	8.5	9.5
1539	8	18.5	16.5	16.5	14.5	11.5	10.5	12.5	13.5	9.5	8.5
1546	8	16.5	18.5	15.5	16.5	12.5	10.5	14.5	12.5	8.5	10.5
1553	8	18.5	18.5	16.5	16.5	11.5	12.5	13.5	12.5	8.5	8.5
1559	8	17.5	16.5	16.5	14.5	10.5	12.5	14.5	12.5	9.5	9.5
1561	8	17.5	17.5	16.5	15.5	12.5	12.5	14.5	14.5	8.5	8.5
1580	8	18.5	16.5	15.5	14.5	12.5	11.5	14.5	12.5	8.5	9.5
1582	8	18.5	18.5	15.5	16.5	10.5	11.5	13.5	12.5	9.5	9.5
1585	8	17.5	17.5	16.5	16.5	11.5	12.5	14.5	13.5	10.5	10.5
1591	8	17.5	18.5	15.5	15.5	10.5	12.5	14.5	12.5	10.5	9.5
1609	8	18.5	18.5	16.5	14.5	10.5	12.5	14.5	14.5	8.5	9.5
1611	8	16.5	18.5	15.5	16.5	10.5	11.5	14.5	12.5	8.5	8.5
1612	8	36.5	36.5	35.5	36.5	30.5	30.5	32.5	32.5	28.5	30.5
1628	8	18.5	18.5	15.5	16.5	11.5	11.5	12.5	12.5	9.5	10.5
1637	8	16.5	16.5	15.5	15.5	12.5	10.5	14.5	14.5	8.5	9.5
1646	8	18.5	18.5	15.5	16.5	10.5	11.5	14.5	13.5	9.5	8.5
1648	8	27.5	28.5	25.5	26.5	20.5	21.5	23.5	23.5	19.5	20.5
1650	8	16.5	16.5	15.5	15.5	12.5	10.5	13.5	13.5	9.5	8.5
1656	8	16.5	17.5	14.5	16.5	10.5	10.5	12.5	14.5	10.5	8.5
1659	8	18.5	18.5	15.5	14.5	10.5	12.5	12.5	13.5	9.5	9.5
1664	8	18.5	18.5	14.5	14.5	10.5	10.5	13.5	14.5	10.5	10.5
1669	8	17.5	18.5	14.5	15.5	10.5	10.5	14.5	12.5	9.5	8.5
1672	8	17.5	17.5	15.5	14.5	12.5	11.5	13.5	14.5	10.5	8.5
1673	8	16.5	16.5	15.5	16.5	12.5	11.5	12.5	14.5	8.5	10.5
1683	8	16.5	16.5	15.5	14.5	12.5	12.5	14.5	12.5	9.5	9.5
1689	8	18.5	18.5	15.5	16.5	12.5	11.5	12.5	13.5	10.5	10.5
1696	8	18.5	16.5	14.5	14.5	10.5	10.5	13.5	13.5	8.5	9.5
1702	8	16.5	18.5	14.5	16.5	11.5	10.5	13.5	14.5	8.5	8.5
1710	8	16.5	18.5	14.5	16.5	10.5	12.5	12.5	13.5	10.5	9.5
1711	8	18.5	16.5	14.5	15.5	10.5	11.5	14.5	14.5	9.5	8.5
1714	8	16.5	18.5	15.5	14.5	10.5	11.5	14.5	14.5	8.5	9.5
1728	8	38.5	36.5	34.5	36.5	31.5	30.5	33.5	33.5	28.5	29.5
1745	8	16.5	16.5	16.5	16.5	12.5	12.5	13.5	13.5	8.5	9.5
1747	8	16.5	18.5	16.5	16.5	10.5	12.5	13.5	13.5	9.5	10.5
1748	8	16.5	17.5	14.5	14.5	11.5	12.5	13.5	13.5	8.5	9.5
1750	8	18.5	18.5	15.5	14.5	11.5	12.5	14.5	13.5	9.5	9.5
1755	8	16.5	16.5	14.5	16.5	11.5	12.5	14.5	12.5	9.5	9.5
1756	8	16.5	17.5	16.5	14.5	11.5	10.5	14.5	13.5	8.5	8.5
1757	8	18.5	17.5	16.5	15.5	11.5	12.5	12.5	12.5	10.5	8.5
1760	8	23.5	22.5	21.5	21.5	16.5	16.5	18.5	20.5	16.5	14.5
1761	8	15.5	16.5	14.5	13.5	8.5	9.5	12.5	10.5	8.5	8.5
1763	8	18.5	18.5	14.5	15.5	12.5	10.5	13.5	13.5	10.5	9.5
1774	8	18.5	16.5	15.5	14.5	12.5	11.5	12.5	13.5	9.5	10.5
1777	8	18.5	17.5	14.5	14.5	11.5	11.5	13.5	12.5	8.5	10.5
1787	8	18.5	16.5	14.5	14.5	12.5	11.5	12.5	14.5	9.5	10.5
1789	8	17.5	17.5	16.5	15.5	12.5	10.5	13.5	14.5	8.5	9.5
1791	8	18.5	17.5	16.5	15.5	12.5	11.5	14.5	12.5	9.5	9.5
1792	8	16.5	18.5	14.5	16.5	10.5	12.5	13.5	12.5	8.5	10.5
1795	8	18.5	18.5	14.5	14.5	10.5	12.5	13.5	14.5	8.5	9.5
1802	8	16.5	16.5	15.5	14.5	12.5	10.5	13.5	12.5	9.5	8.5
1803	8	18.5	17.5	15.5	15.5	12.5	11.5	14.5	13.5	10.5	9.5
1811	8	18.5	18.5	16.5	15.5	11.5	11.5	13.5	12.5	10.5	10.5
1827	8	17.5	17.5	16.5	14.5	12.5	12.5	14.5	12.5	10.5	9.5
1828	8	16.5	17.5	16.5	15.5	10.5	10.5	12.5	13.5	9.5	9.5
1830	8	16.5	18.5	14.5	15.5	11.5	10.5	14.5	13.5	8.5	8.5
1835	8	18.5	18.5	14.5	16.5	11.5	10.5	14.5	14.5	9.5	8.5
1838	8	0	0	0	0	0	0	0	0	0	0
0	1	0	0	0	0	0	0	0	0	0	0
0	2	0	0	0	0	0	0	0	0	0	0
0	3	0	0	0	0	0	0	0	0	0	0
0	4	0	0	0	0	0	0	0	0	0	0
0	5	0	0	0	0	0	0	0	0	0	0
0	6	0	0	0	0	0	0	0	0	0	0
0	7	0	0	0	0	0	0	0	0	0	0
0	8	0	0	0	0	0	0	0	0	0	0
