N	D	1	2	3	4	5	6	7	8	9	10
116	1	16	15	15	13	10	10	11	13	8	8
141	1	19	19	17	18	13	12	16	16	12	11
177	1	17	18	15	16	12	11	14	13	8	8
180	1	20	18	18	18	13	12	15	15	10	11
190	1	20	19	17	16	14	14	16	16	12	10
194	1	19	18	16	18	12	14	15	15	12	11
197	1	19	18	17	16	12	12	15	16	11	10
201	1	19	19	18	16	12	14	15	14	12	10
213	1	32	32	31	31	27	26	29	28	25	26
214	1	18	20	18	16	12	12	14	14	10	12
228	1	20	20	16	17	13	13	14	15	11	11
229	1	20	18	17	18	13	14	14	15	10	10
240	1	40	39	38	38	32	33	34	34	30	30
251	1	20	19	18	17	14	12	14	15	11	11
262	1	20	19	18	17	14	14	14	16	10	12
278	1	20	20	16	17	12	13	16	14	12	11
319	1	19	18	17	17	14	14	14	14	11	12
327	1	19	18	18	18	13	13	14	14	10	12
338	1	28	28	28	28	22	22	25	26	21	22
368	1	20	19	16	16	13	13	16	16	10	10
373	1	19	18	16	16	14	13	15	14	10	12
385	1	19	18	18	16	13	12	14	14	12	12
414	1	20	18	18	17	13	14	14	14	11	12
421	1	18	19	16	18	14	14	14	16	11	10
425	1	29	30	27	28	22	23	25	25	21	20
460	1	18	18	16	16	12	12	15	15	12	12
495	1	20	20	18	16	13	13	16	15	10	10
528	1	19	20	17	17	13	12	14	15	12	11
555	1	20	18	17	18	12	12	15	16	10	11
586	1	20	19	16	16	12	13	15	15	12	10
591	1	20	18	18	16	14	12	16	16	11	12
592	1	18	20	18	17	12	12	15	15	12	10
594	1	20	20	17	17	14	14	16	14	12	11
606	1	20	19	18	18	12	14	16	16	12	10
609	1	19	19	18	18	12	12	16	16	10	12
611	1	18	18	18	16	14	14	16	16	12	11
633	1	18	18	16	16	12	12	13	13	9	10
644	1	0	0	0	0	0	0	0	0	0	0
649	1	19	19	18	18	14	14	15	15	10	12
658	1	19	18	16	16	13	13	16	15	11	10
659	1	19	18	16	16	12	14	16	14	12	10
661	1	19	20	16	16	13	12	14	15	12	12
668	1	20	20	18	17	12	14	16	16	12	12
690	1	19	20	17	16	14	14	16	14	11	10
692	1	20	20	16	16	12	13	14	14	11	11
702	1	19	20	16	17	14	12	14	16	12	10
706	1	18	20	17	16	14	14	15	14	10	11
747	1	17	16	15	15	10	10	14	13	9	8
762	1	20	20	18	18	13	12	14	16	11	12
776	1	19	19	17	16	12	14	15	16	10	11
782	1	18	20	16	16	12	14	15	16	10	10
785	1	19	19	16	18	12	12	16	14	12	12
812	1	19	19	18	16	12	14	16	16	11	11
817	1	28	29	26	27	23	24	26	24	20	22
849	1	19	20	17	16	14	12	14	14	11	11
856	1	19	19	17	16	14	13	16	15	12	12
857	1	19	19	18	18	14	13	14	15	11	10
882	1	18	20	17	16	12	13	16	15	10	12
927	1	19	19	18	18	14	12	15	16	11	12
928	1	28	29	28	26	23	23	24	25	22	22
937	1	20	18	16	16	14	13	16	14	12	12
943	1	18	20	17	17	12	14	14	14	11	10
967	1	40	39	37	38	33	32	35	35	30	31
999	1	20	18	16	16	13	14	16	14	12	11
1008	1	19	20	18	16	12	13	14	14	10	12
1011	1	19	19	17	18	14	13	15	14	12	10
1013	1	20	18	18	18	13	14	15	14	12	12
1014	1	18	19	16	16	13	13	16	16	11	10
1020	1	20	18	17	17	12	12	14	15	11	12
1029	1	20	20	17	18	12	14	16	15	11	11
1038	1	20	19	16	18	13	14	14	14	11	10
1043	1	19	19	18	16	14	12	14	14	10	11
1100	1	20	19	16	18	12	14	14	16	10	10
1101	1	19	19	17	18	12	13	14	15	11	11
1130	1	19	18	18	18	14	13	15	15	12	12
1175	1	19	18	16	17	14	12	16	16	10	10
1179	1	19	18	17	17	12	12	15	15	11	12
1247	1	19	18	17	17	14	13	16	14	10	12
1260	1	19	20	18	17	14	13	14	16	12	12
1287	1	18	19	16	17	12	13	14	14	12	10
1305	1	19	19	16	17	14	14	14	15	12	11
1310	1	19	18	16	18	14	13	14	15	11	10
1324	1	20	18	18	17	12	14	14	16	12	11
1332	1	19	19	18	16	13	14	14	14	11	11
1361	1	19	19	16	18	13	13	15	15	11	11
1367	1	20	19	16	18	13	12	14	14	10	11
1420	1	20	18	17	17	14	13	14	16	10	12
1433	1	20	20	17	16	13	14	15	14	10	11
1438	1	19	19	18	18	14	14	14	16	10	12
1456	1	18	19	16	16	13	12	14	14	11	12
1466	1	19	18	18	16	13	14	16	16	10	10
1500	1	18	18	17	18	12	14	15	16	10	11
1515	1	18	20	17	16	12	13	14	14	12	12
1531	1	19	18	18	16	12	13	16	14	12	10
1578	1	19	20	18	17	14	13	16	14	11	10
1588	1	19	20	16	18	14	14	16	15	10	10
1592	1	20	20	16	18	14	13	14	15	11	12
1599	1	38	40	38	38	33	34	35	36	32	32
1628	1	18	19	18	18	13	13	16	16	12	12
1631	1	20	20	16	16	12	14	16	16	10	12
1632	1	18	19	16	17	14	14	15	16	10	12
1635	1	30	28	26	27	22	24	25	25	20	20
1642	1	18	19	18	17	13	12	16	15	10	10
1663	1	18	20	18	18	13	12	15	15	10	10
1678	1	20	20	18	17	14	12	15	15	10	11
1681	1	20	19	17	16	12	13	14	16	11	11
1682	1	19	20	18	16	14	13	14	15	10	10
1684	1	20	20	17	18	12	14	15	14	12	11
1685	1	19	19	17	16	14	13	16	16	10	11
1708	1	18	18	18	17	13	14	16	16	10	10
1718	1	20	20	17	17	14	13	14	15	10	11
1720	1	19	20	16	18	14	14	14	16	11	12
1739	1	26	24	24	22	19	18	22	22	17	17
1746	1	19	19	16	17	14	12	15	15	12	12
1794	1	19	20	17	18	14	13	15	16	11	10
1802	1	18	19	16	16	12	14	14	15	11	10
1806	1	18	18	16	18	12	12	15	16	10	10
116	2	16.5	15.5	15.5	13.5	10.5	10.5	11.5	13.5	8.5	8.5
141	2	19.5	19.5	17.5	18.5	13.5	12.5	16.5	16.5	12.5	11.5
177	2	17.5	18.5	15.5	16.5	12.5	11.5	14.5	13.5	8.5	8.5
180	2	20.5	18.5	18.5	18.5	13.5	12.5	15.5	15.5	10.5	11.5
190	2	20.5	19.5	17.5	16.5	14.5	14.5	16.5	16.5	12.5	10.5
194	2	19.5	18.5	16.5	18.5	12.5	14.5	15.5	15.5	12.5	11.5
197	2	19.5	18.5	17.5	16.5	12.5	12.5	15.5	16.5	11.5	10.5
201	2	19.5	19.5	18.5	16.5	12.5	14.5	15.5	14.5	12.5	10.5
213	2	32.5	32.5	31.5	31.5	27.5	26.5	29.5	28.5	25.5	26.5
214	2	18.5	20.5	18.5	16.5	12.5	12.5	14.5	14.5	10.5	12.5
228	2	20.5	20.5	16.5	17.5	13.5	13.5	14.5	15.5	11.5	11.5
229	2	20.5	18.5	17.5	18.5	13.5	14.5	14.5	15.5	10.5	10.5
240	2	40.5	39.5	38.5	38.5	32.5	33.5	34.5	34.5	30.5	30.5
251	2	20.5	19.5	18.5	17.5	14.5	12.5	14.5	15.5	11.5	11.5
262	2	20.5	19.5	18.5	17.5	14.5	14.5	14.5	16.5	10.5	12.5
278	2	20.5	20.5	16.5	17.5	12.5	13.5	16.5	14.5	12.5	11.5
319	2	19.5	18.5	17.5	17.5	14.5	14.5	14.5	14.5	11.5	12.5
327	2	19.5	18.5	18.5	18.5	13.5	13.5	14.5	14.5	10.5	12.5
338	2	28.5	28.5	28.5	28.5	22.5	22.5	25.5	26.5	21.5	22.5
368	2	20.5	19.5	16.5	16.5	13.5	13.5	16.5	16.5	10.5	10.5
373	2	19.5	18.5	16.5	16.5	14.5	13.5	15.5	14.5	10.5	12.5
385	2	19.5	18.5	18.5	16.5	13.5	12.5	14.5	14.5	12.5	12.5
414	2	20.5	18.5	18.5	17.5	13.5	14.5	14.5	14.5	11.5	12.5
421	2	18.5	19.5	16.5	18.5	14.5	14.5	14.5	16.5	11.5	10.5
425	2	29.5	30.5	27.5	28.5	22.5	23.5	25.5	25.5	21.5	20.5
460	2	18.5	18.5	16.5	16.5	12.5	12.5	15.5	15.5	12.5	12.5
495	2	20.5	20.5	18.5	16.5	13.5	13.5	16.5	15.5	10.5	10.5
528	2	19.5	20.5	17.5	17.5	13.5	12.5	14.5	15.5	12.5	11.5
555	2	20.5	18.5	17.5	18.5	12.5	12.5	15.5	16.5	10.5	11.5
586	2	20.5	19.5	16.5	16.5	12.5	13.5	15.5	15.5	12.5	10.5
591	2	20.5	18.5	18.5	16.5	14.5	12.5	16.5	16.5	11.5	12.5
592	2	18.5	20.5	18.5	17.5	12.5	12.5	15.5	15.5	12.5	10.5
594	2	20.5	20.5	17.5	17.5	14.5	14.5	16.5	14.5	12.5	11.5
606	2	20.5	19.5	18.5	18.5	12.5	14.5	16.5	16.5	12.5	10.5
609	2	19.5	19.5	18.5	18.5	12.5	12.5	16.5	16.5	10.5	12.5
611	2	18.5	18.5	18.5	16.5	14.5	14.5	16.5	16.5	12.5	11.5
633	2	18.5	18.5	16.5	16.5	12.5	12.5	13.5	13.5	9.5	10.5
644	2	0.5	0.5	0.5	0.5	0.5	0.5	0.5	0.5	0.5	0.5
649	2	19.5	19.5	18.5	18.5	14.5	14.5	15.5	15.5	10.5	12.5
658	2	19.5	18.5	16.5	16.5	13.5	13.5	16.5	15.5	11.5	10.5
659	2	19.5	18.5	16.5	16.5	12.5	14.5	16.5	14.5	12.5	10.5
661	2	19.5	20.5	16.5	16.5	13.5	12.5	14.5	15.5	12.5	12.5
668	2	20.5	20.5	18.5	17.5	12.5	14.5	16.5	16.5	12.5	12.5
690	2	19.5	20.5	17.5	16.5	14.5	14.5	16.5	14.5	11.5	10.5
692	2	20.5	20.5	16.5	16.5	12.5	13.5	14.5	14.5	11.5	11.5
702	2	19.5	20.5	16.5	17.5	14.5	12.5	14.5	16.5	12.5	10.5
706	2	18.5	20.5	17.5	16.5	14.5	14.5	15.5	14.5	10.5	11.5
747	2	17.5	16.5	15.5	15.5	10.5	10.5	14.5	13.5	9.5	8.5
762	2	20.5	20.5	18.5	18.5	13.5	12.5	14.5	16.5	11.5	12.5
776	2	19.5	19.5	17.5	16.5	12.5	14.5	15.5	16.5	10.5	11.5
782	2	18.5	20.5	16.5	16.5	12.5	14.5	15.5	16.5	10.5	10.5
785	2	19.5	19.5	16.5	18.5	12.5	12.5	16.5	14.5	12.5	12.5
812	2	19.5	19.5	18.5	16.5	12.5	14.5	16.5	16.5	11.5	11.5
817	2	28.5	29.5	26.5	27.5	23.5	24.5	26.5	24.5	20.5	22.5
849	2	19.5	20.5	17.5	16.5	14.5	12.5	14.5	14.5	11.5	11.5
856	2	19.5	19.5	17.5	16.5	14.5	13.5	16.5	15.5	12.5	12.5
857	2	19.5	19.5	18.5	18.5	14.5	13.5	14.5	15.5	11.5	10.5
882	2	18.5	20.5	17.5	16.5	12.5	13.5	16.5	15.5	10.5	12.5
927	2	19.5	19.5	18.5	18.5	14.5	12.5	15.5	16.5	11.5	12.5
928	2	28.5	29.5	28.5	26.5	23.5	23.5	24.5	25.5	22.5	22.5
937	2	20.5	18.5	16.5	16.5	14.5	13.5	16.5	14.5	12.5	12.5
943	2	18.5	20.5	17.5	17.5	12.5	14.5	14.5	14.5	11.5	10.5
967	2	40.5	39.5	37.5	38.5	33.5	32.5	35.5	35.5	30.5	31.5
999	2	20.5	18.5	16.5	16.5	13.5	14.5	16.5	14.5	12.5	11.5
1008	2	19.5	20.5	18.5	16.5	12.5	13.5	14.5	14.5	10.5	12.5
1011	2	19.5	19.5	17.5	18.5	14.5	13.5	15.5	14.5	12.5	10.5
1013	2	20.5	18.5	18.5	18.5	13.5	14.5	15.5	14.5	12.5	12.5
1014	2	18.5	19.5	16.5	16.5	13.5	13.5	16.5	16.5	11.5	10.5
1020	2	20.5	18.5	17.5	17.5	12.5	12.5	14.5	15.5	11.5	12.5
1029	2	20.5	20.5	17.5	18.5	12.5	14.5	16.5	15.5	11.5	11.5
1038	2	20.5	19.5	16.5	18.5	13.5	14.5	14.5	14.5	11.5	10.5
1043	2	19.5	19.5	18.5	16.5	14.5	12.5	14.5	14.5	10.5	11.5
1100	2	20.5	19.5	16.5	18.5	12.5	14.5	14.5	16.5	10.5	10.5
1101	2	19.5	19.5	17.5	18.5	12.5	13.5	14.5	15.5	11.5	11.5
1130	2	19.5	18.5	18.5	18.5	14.5	13.5	15.5	15.5	12.5	12.5
1175	2	19.5	18.5	16.5	17.5	14.5	12.5	16.5	16.5	10.5	10.5
1179	2	19.5	18.5	17.5	17.5	12.5	12.5	15.5	15.5	11.5	12.5
1247	2	19.5	18.5	17.5	17.5	14.5	13.5	16.5	14.5	10.5	12.5
1260	2	19.5	20.5	18.5	17.5	14.5	13.5	14.5	16.5	12.5	12.5
1287	2	18.5	19.5	16.5	17.5	12.5	13.5	14.5	14.5	12.5	10.5
1305	2	19.5	19.5	16.5	17.5	14.5	14.5	14.5	15.5	12.5	11.5
1310	2	19.5	18.5	16.5	18.5	14.5	13.5	14.5	15.5	11.5	10.5
1324	2	20.5	18.5	18.5	17.5	12.5	14.5	14.5	16.5	12.5	11.5
1332	2	19.5	19.5	18.5	16.5	13.5	14.5	14.5	14.5	11.5	11.5
1361	2	19.5	19.5	16.5	18.5	13.5	13.5	15.5	15.5	11.5	11.5
1367	2	20.5	19.5	16.5	18.5	13.5	12.5	14.5	14.5	10.5	11.5
1420	2	20.5	18.5	17.5	17.5	14.5	13.5	14.5	16.5	10.5	12.5
1433	2	20.5	20.5	17.5	16.5	13.5	14.5	15.5	14.5	10.5	11.5
1438	2	19.5	19.5	18.5	18.5	14.5	14.5	14.5	16.5	10.5	12.5
1456	2	18.5	19.5	16.5	16.5	13.5	12.5	14.5	14.5	11.5	12.5
1466	2	19.5	18.5	18.5	16.5	13.5	14.5	16.5	16.5	10.5	10.5
1500	2	18.5	18.5	17.5	18.5	12.5	14.5	15.5	16.5	10.5	11.5
1515	2	18.5	20.5	17.5	16.5	12.5	13.5	14.5	14.5	12.5	12.5
1531	2	19.5	18.5	18.5	16.5	12.5	13.5	16.5	14.5	12.5	10.5
1578	2	19.5	20.5	18.5	17.5	14.5	13.5	16.5	14.5	11.5	10.5
1588	2	19.5	20.5	16.5	18.5	14.5	14.5	16.5	15.5	10.5	10.5
1592	2	20.5	20.5	16.5	18.5	14.5	13.5	14.5	15.5	11.5	12.5
1599	2	38.5	40.5	38.5	38.5	33.5	34.5	35.5	36.5	32.5	32.5
1628	2	18.5	19.5	18.5	18.5	13.5	13.5	16.5	16.5	12.5	12.5
1631	2	20.5	20.5	16.5	16.5	12.5	14.5	16.5	16.5	10.5	12.5
1632	2	18.5	19.5	16.5	17.5	14.5	14.5	15.5	16.5	10.5	12.5
1635	2	30.5	28.5	26.5	27.5	22.5	24.5	25.5	25.5	20.5	20.5
1642	2	18.5	19.5	18.5	17.5	13.5	12.5	16.5	15.5	10.5	10.5
1663	2	18.5	20.5	18.5	18.5	13.5	12.5	15.5	15.5	10.5	10.5
1678	2	20.5	20.5	18.5	17.5	14.5	12.5	15.5	15.5	10.5	11.5
1681	2	20.5	19.5	17.5	16.5	12.5	13.5	14.5	16.5	11.5	11.5
1682	2	19.5	20.5	18.5	16.5	14.5	13.5	14.5	15.5	10.5	10.5
1684	2	20.5	20.5	17.5	18.5	12.5	14.5	15.5	14.5	12.5	11.5
1685	2	19.5	19.5	17.5	16.5	14.5	13.5	16.5	16.5	10.5	11.5
1708	2	18.5	18.5	18.5	17.5	13.5	14.5	16.5	16.5	10.5	10.5
1718	2	20.5	20.5	17.5	17.5	14.5	13.5	14.5	15.5	10.5	11.5
1720	2	19.5	20.5	16.5	18.5	14.5	14.5	14.5	16.5	11.5	12.5
1739	2	26.5	24.5	24.5	22.5	19.5	18.5	22.5	22.5	17.5	17.5
1746	2	19.5	19.5	16.5	17.5	14.5	12.5	15.5	15.5	12.5	12.5
1794	2	19.5	20.5	17.5	18.5	14.5	13.5	15.5	16.5	11.5	10.5
1802	2	18.5	19.5	16.5	16.5	12.5	14.5	14.5	15.5	11.5	10.5
1806	2	18.5	18.5	16.5	18.5	12.5	12.5	15.5	16.5	10.5	10.5
116	3	17	16	16	14	11	11	12	14	9	9
141	3	20	20	18	19	14	13	17	17	13	12
177	3	18	19	16	17	13	12	15	14	9	9
180	3	21	19	19	19	14	13	16	16	11	12
190	3	21	20	18	17	15	15	17	17	13	11
194	3	20	19	17	19	13	15	16	16	13	12
197	3	20	19	18	17	13	13	16	17	12	11
201	3	20	20	19	17	13	15	16	15	13	11
213	3	33	33	32	32	28	27	30	29	26	27
214	3	19	21	19	17	13	13	15	15	11	13
228	3	21	21	17	18	14	14	15	16	12	12
229	3	21	19	18	19	14	15	15	16	11	11
240	3	41	40	39	39	33	34	35	35	31	31
251	3	21	20	19	18	15	13	15	16	12	12
262	3	21	20	19	18	15	15	15	17	11	13
278	3	21	21	17	18	13	14	17	15	13	12
319	3	20	19	18	18	15	15	15	15	12	13
327	3	20	19	19	19	14	14	15	15	11	13
338	3	29	29	29	29	23	23	26	27	22	23
368	3	21	20	17	17	14	14	17	17	11	11
373	3	20	19	17	17	15	14	16	15	11	13
385	3	20	19	19	17	14	13	15	15	13	13
414	3	21	19	19	18	14	15	15	15	12	13
421	3	19	20	17	19	15	15	15	17	12	11
425	3	30	31	28	29	23	24	26	26	22	21
460	3	19	19	17	17	13	13	16	16	13	13
495	3	21	21	19	17	14	14	17	16	11	11
528	3	20	21	18	18	14	13	15	16	13	12
555	3	21	19	18	19	13	13	16	17	11	12
586	3	21	20	17	17	13	14	16	16	13	11
591	3	21	19	19	17	15	13	17	17	12	13
592	3	19	21	19	18	13	13	16	16	13	11
594	3	21	21	18	18	15	15	17	15	13	12
606	3	21	20	19	19	13	15	17	17	13	11
609	3	20	20	19	19	13	13	17	17	11	13
611	3	19	19	19	17	15	15	17	17	13	12
633	3	19	19	17	17	13	13	14	14	10	11
644	3	1	1	1	1	1	1	1	1	1	1
649	3	20	20	19	19	15	15	16	16	11	13
658	3	20	19	17	17	14	14	17	16	12	11
659	3	20	19	17	17	13	15	17	15	13	11
661	3	20	21	17	17	14	13	15	16	13	13
668	3	21	21	19	18	13	15	17	17	13	13
690	3	20	21	18	17	15	15	17	15	12	11
692	3	21	21	17	17	13	14	15	15	12	12
702	3	20	21	17	18	15	13	15	17	13	11
706	3	19	21	18	17	15	15	16	15	11	12
747	3	18	17	16	16	11	11	15	14	10	9
762	3	21	21	19	19	14	13	15	17	12	13
776	3	20	20	18	17	13	15	16	17	11	12
782	3	19	21	17	17	13	15	16	17	11	11
785	3	20	20	17	19	13	13	17	15	13	13
812	3	20	20	19	17	13	15	17	17	12	12
817	3	29	30	27	28	24	25	27	25	21	23
849	3	20	21	18	17	15	13	15	15	12	12
856	3	20	20	18	17	15	14	17	16	13	13
857	3	20	20	19	19	15	14	15	16	12	11
882	3	19	21	18	17	13	14	17	16	11	13
927	3	20	20	19	19	15	13	16	17	12	13
928	3	29	30	29	27	24	24	25	26	23	23
937	3	21	19	17	17	15	14	17	15	13	13
943	3	19	21	18	18	13	15	15	15	12	11
967	3	41	40	38	39	34	33	36	36	31	32
999	3	21	19	17	17	14	15	17	15	13	12
1008	3	20	21	19	17	13	14	15	15	11	13
1011	3	20	20	18	19	15	14	16	15	13	11
1013	3	21	19	19	19	14	15	16	15	13	13
1014	3	19	20	17	17	14	14	17	17	12	11
1020	3	21	19	18	18	13	13	15	16	12	13
1029	3	21	21	18	19	13	15	17	16	12	12
1038	3	21	20	17	19	14	15	15	15	12	11
1043	3	20	20	19	17	15	13	15	15	11	12
1100	3	21	20	17	19	13	15	15	17	11	11
1101	3	20	20	18	19	13	14	15	16	12	12
1130	3	20	19	19	19	15	14	16	16	13	13
1175	3	20	19	17	18	15	13	17	17	11	11
1179	3	20	19	18	18	13	13	16	16	12	13
1247	3	20	19	18	18	15	14	17	15	11	13
1260	3	20	21	19	18	15	14	15	17	13	13
1287	3	19	20	17	18	13	14	15	15	13	11
1305	3	20	20	17	18	15	15	15	16	13	12
1310	3	20	19	17	19	15	14	15	16	12	11
1324	3	21	19	19	18	13	15	15	17	13	12
1332	3	20	20	19	17	14	15	15	15	12	12
1361	3	20	20	17	19	14	14	16	16	12	12
1367	3	21	20	17	19	14	13	15	15	11	12
1420	3	21	19	18	18	15	14	15	17	11	13
1433	3	21	21	18	17	14	15	16	15	11	12
1438	3	20	20	19	19	15	15	15	17	11	13
1456	3	19	20	17	17	14	13	15	15	12	13
1466	3	20	19	19	17	14	15	17	17	11	11
1500	3	19	19	18	19	13	15	16	17	11	12
1515	3	19	21	18	17	13	14	15	15	13	13
1531	3	20	19	19	17	13	14	17	15	13	11
1578	3	20	21	19	18	15	14	17	15	12	11
1588	3	20	21	17	19	15	15	17	16	11	11
1592	3	21	21	17	19	15	14	15	16	12	13
1599	3	39	41	39	39	34	35	36	37	33	33
1628	3	19	20	19	19	14	14	17	17	13	13
1631	3	21	21	17	17	13	15	17	17	11	13
1632	3	19	20	17	18	15	15	16	17	11	13
1635	3	31	29	27	28	23	25	26	26	21	21
1642	3	19	20	19	18	14	13	17	16	11	11
1663	3	19	21	19	19	14	13	16	16	11	11
1678	3	21	21	19	18	15	13	16	16	11	12
1681	3	21	20	18	17	13	14	15	17	12	12
1682	3	20	21	19	17	15	14	15	16	11	11
1684	3	21	21	18	19	13	15	16	15	13	12
1685	3	20	20	18	17	15	14	17	17	11	12
1708	3	19	19	19	18	14	15	17	17	11	11
1718	3	21	21	18	18	15	14	15	16	11	12
1720	3	20	21	17	19	15	15	15	17	12	13
1739	3	27	25	25	23	20	19	23	23	18	18
1746	3	20	20	17	18	15	13	16	16	13	13
1794	3	20	21	18	19	15	14	16	17	12	11
1802	3	19	20	17	17	13	15	15	16	12	11
1806	3	19	19	17	19	13	13	16	17	11	11
116	4	17.5	16.5	16.5	14.5	11.5	11.5	12.5	14.5	9.5	9.5
141	4	20.5	20.5	18.5	19.5	14.5	13.5	17.5	17.5	13.5	12.5
177	4	18.5	19.5	16.5	17.5	13.5	12.5	15.5	14.5	9.5	9.5
180	4	21.5	19.5	19.5	19.5	14.5	13.5	16.5	16.5	11.5	12.5
190	4	21.5	20.5	18.5	17.5	15.5	15.5	17.5	17.5	13.5	11.5
194	4	20.5	19.5	17.5	19.5	13.5	15.5	16.5	16.5	13.5	12.5
197	4	20.5	19.5	18.5	17.5	13.5	13.5	16.5	17.5	12.5	11.5
201	4	20.5	20.5	19.5	17.5	13.5	15.5	16.5	15.5	13.5	11.5
213	4	33.5	33.5	32.5	32.5	28.5	27.5	30.5	29.5	26.5	27.5
214	4	19.5	21.5	19.5	17.5	13.5	13.5	15.5	15.5	11.5	13.5
228	4	21.5	21.5	17.5	18.5	14.5	14.5	15.5	16.5	12.5	12.5
229	4	21.5	19.5	18.5	19.5	14.5	15.5	15.5	16.5	11.5	11.5
240	4	41.5	40.5	39.5	39.5	33.5	34.5	35.5	35.5	31.5	31.5
251	4	21.5	20.5	19.5	18.5	15.5	13.5	15.5	16.5	12.5	12.5
262	4	21.5	20.5	19.5	18.5	15.5	15.5	15.5	17.5	11.5	13.5
278	4	21.5	21.5	17.5	18.5	13.5	14.5	17.5	15.5	13.5	12.5
319	4	20.5	19.5	18.5	18.5	15.5	15.5	15.5	15.5	12.5	13.5
327	4	20.5	19.5	19.5	19.5	14.5	14.5	15.5	15.5	11.5	13.5
338	4	29.5	29.5	29.5	29.5	23.5	23.5	26.5	27.5	22.5	23.5
368	4	21.5	20.5	17.5	17.5	14.5	14.5	17.5	17.5	11.5	11.5
373	4	20.5	19.5	17.5	17.5	15.5	14.5	16.5	15.5	11.5	13.5
385	4	20.5	19.5	19.5	17.5	14.5	13.5	15.5	15.5	13.5	13.5
414	4	21.5	19.5	19.5	18.5	14.5	15.5	15.5	15.5	12.5	13.5
421	4	19.5	20.5	17.5	19.5	15.5	15.5	15.5	17.5	12.5	11.5
425	4	30.5	31.5	28.5	29.5	23.5	24.5	26.5	26.5	22.5	21.5
460	4	19.5	19.5	17.5	17.5	13.5	13.5	16.5	16.5	13.5	13.5
495	4	21.5	21.5	19.5	17.5	14.5	14.5	17.5	16.5	11.5	11.5
528	4	20.5	21.5	18.5	18.5	14.5	13.5	15.5	16.5	13.5	12.5
555	4	21.5	19.5	18.5	19.5	13.5	13.5	16.5	17.5	11.5	12.5
586	4	21.5	20.5	17.5	17.5	13.5	14.5	16.5	16.5	13.5	11.5
591	4	21.5	19.5	19.5	17.5	15.5	13.5	17.5	17.5	12.5	13.5
592	4	19.5	21.5	19.5	18.5	13.5	13.5	16.5	16.5	13.5	11.5
594	4	21.5	21.5	18.5	18.5	15.5	15.5	17.5	15.5	13.5	12.5
606	4	21.5	20.5	19.5	19.5	13.5	15.5	17.5	17.5	13.5	11.5
609	4	20.5	20.5	19.5	19.5	13.5	13.5	17.5	17.5	11.5	13.5
611	4	19.5	19.5	19.5	17.5	15.5	15.5	17.5	17.5	13.5	12.5
633	4	19.5	19.5	17.5	17.5	13.5	13.5	14.5	14.5	10.5	11.5
644	4	1.5	1.5	1.5	1.5	1.5	1.5	1.5	1.5	1.5	1.5
649	4	20.5	20.5	19.5	19.5	15.5	15.5	16.5	16.5	11.5	13.5
658	4	20.5	19.5	17.5	17.5	14.5	14.5	17.5	16.5	12.5	11.5
659	4	20.5	19.5	17.5	17.5	13.5	15.5	17.5	15.5	13.5	11.5
661	4	20.5	21.5	17.5	17.5	14.5	13.5	15.5	16.5	13.5	13.5
668	4	21.5	21.5	19.5	18.5	13.5	15.5	17.5	17.5	13.5	13.5
690	4	20.5	21.5	18.5	17.5	15.5	15.5	17.5	15.5	12.5	11.5
692	4	21.5	21.5	17.5	17.5	13.5	14.5	15.5	15.5	12.5	12.5
702	4	20.5	21.5	17.5	18.5	15.5	13.5	15.5	17.5	13.5	11.5
706	4	19.5	21.5	18.5	17.5	15.5	15.5	16.5	15.5	11.5	12.5
747	4	18.5	17.5	16.5	16.5	11.5	11.5	15.5	14.5	10.5	9.5
762	4	21.5	21.5	19.5	19.5	14.5	13.5	15.5	17.5	12.5	13.5
776	4	20.5	20.5	18.5	17.5	13.5	15.5	16.5	17.5	11.5	12.5
782	4	19.5	21.5	17.5	17.5	13.5	15.5	16.5	17.5	11.5	11.5
785	4	20.5	20.5	17.5	19.5	13.5	13.5	17.5	15.5	13.5	13.5
812	4	20.5	20.5	19.5	17.5	13.5	15.5	17.5	17.5	12.5	12.5
817	4	29.5	30.5	27.5	28.5	24.5	25.5	27.5	25.5	21.5	23.5
849	4	20.5	21.5	18.5	17.5	15.5	13.5	15.5	15.5	12.5	12.5
856	4	20.5	20.5	18.5	17.5	15.5	14.5	17.5	16.5	13.5	13.5
857	4	20.5	20.5	19.5	19.5	15.5	14.5	15.5	16.5	12.5	11.5
882	4	19.5	21.5	18.5	17.5	13.5	14.5	17.5	16.5	11.5	13.5
927	4	20.5	20.5	19.5	19.5	15.5	13.5	16.5	17.5	12.5	13.5
928	4	29.5	30.5	29.5	27.5	24.5	24.5	25.5	26.5	23.5	23.5
937	4	21.5	19.5	17.5	17.5	15.5	14.5	17.5	15.5	13.5	13.5
943	4	19.5	21.5	18.5	18.5	13.5	15.5	15.5	15.5	12.5	11.5
967	4	41.5	40.5	38.5	39.5	34.5	33.5	36.5	36.5	31.5	32.5
999	4	21.5	19.5	17.5	17.5	14.5	15.5	17.5	15.5	13.5	12.5
1008	4	20.5	21.5	19.5	17.5	13.5	14.5	15.5	15.5	11.5	13.5
1011	4	20.5	20.5	18.5	19.5	15.5	14.5	16.5	15.5	13.5	11.5
1013	4	21.5	19.5	19.5	19.5	14.5	15.5	16.5	15.5	13.5	13.5
1014	4	19.5	20.5	17.5	17.5	14.5	14.5	17.5	17.5	12.5	11.5
1020	4	21.5	19.5	18.5	18.5	13.5	13.5	15.5	16.5	12.5	13.5
1029	4	21.5	21.5	18.5	19.5	13.5	15.5	17.5	16.5	12.5	12.5
1038	4	21.5	20.5	17.5	19.5	14.5	15.5	15.5	15.5	12.5	11.5
1043	4	20.5	20.5	19.5	17.5	15.5	13.5	15.5	15.5	11.5	12.5
1100	4	21.5	20.5	17.5	19.5	13.5	15.5	15.5	17.5	11.5	11.5
1101	4	20.5	20.5	18.5	19.5	13.5	14.5	15.5	16.5	12.5	12.5
1130	4	20.5	19.5	19.5	19.5	15.5	14.5	16.5	16.5	13.5	13.5
1175	4	20.5	19.5	17.5	18.5	15.5	13.5	17.5	17.5	11.5	11.5
1179	4	20.5	19.5	18.5	18.5	13.5	13.5	16.5	16.5	12.5	13.5
1247	4	20.5	19.5	18.5	18.5	15.5	14.5	17.5	15.5	11.5	13.5
1260	4	20.5	21.5	19.5	18.5	15.5	14.5	15.5	17.5	13.5	13.5
1287	4	19.5	20.5	17.5	18.5	13.5	14.5	15.5	15.5	13.5	11.5
1305	4	20.5	20.5	17.5	18.5	15.5	15.5	15.5	16.5	13.5	12.5
1310	4	20.5	19.5	17.5	19.5	15.5	14.5	15.5	16.5	12.5	11.5
1324	4	21.5	19.5	19.5	18.5	13.5	15.5	15.5	17.5	13.5	12.5
1332	4	20.5	20.5	19.5	17.5	14.5	15.5	15.5	15.5	12.5	12.5
1361	4	20.5	20.5	17.5	19.5	14.5	14.5	16.5	16.5	12.5	12.5
1367	4	21.5	20.5	17.5	19.5	14.5	13.5	15.5	15.5	11.5	12.5
1420	4	21.5	19.5	18.5	18.5	15.5	14.5	15.5	17.5	11.5	13.5
1433	4	21.5	21.5	18.5	17.5	14.5	15.5	16.5	15.5	11.5	12.5
1438	4	20.5	20.5	19.5	19.5	15.5	15.5	15.5	17.5	11.5	13.5
1456	4	19.5	20.5	17.5	17.5	14.5	13.5	15.5	15.5	12.5	13.5
1466	4	20.5	19.5	19.5	17.5	14.5	15.5	17.5	17.5	11.5	11.5
1500	4	19.5	19.5	18.5	19.5	13.5	15.5	16.5	17.5	11.5	12.5
1515	4	19.5	21.5	18.5	17.5	13.5	14.5	15.5	15.5	13.5	13.5
1531	4	20.5	19.5	19.5	17.5	13.5	14.5	17.5	15.5	13.5	11.5
1578	4	20.5	21.5	19.5	18.5	15.5	14.5	17.5	15.5	12.5	11.5
1588	4	20.5	21.5	17.5	19.5	15.5	15.5	17.5	16.5	11.5	11.5
1592	4	21.5	21.5	17.5	19.5	15.5	14.5	15.5	16.5	12.5	13.5
1599	4	39.5	41.5	39.5	39.5	34.5	35.5	36.5	37.5	33.5	33.5
1628	4	19.5	20.5	19.5	19.5	14.5	14.5	17.5	17.5	13.5	13.5
1631	4	21.5	21.5	17.5	17.5	13.5	15.5	17.5	17.5	11.5	13.5
1632	4	19.5	20.5	17.5	18.5	15.5	15.5	16.5	17.5	11.5	13.5
1635	4	31.5	29.5	27.5	28.5	23.5	25.5	26.5	26.5	21.5	21.5
1642	4	19.5	20.5	19.5	18.5	14.5	13.5	17.5	16.5	11.5	11.5
1663	4	19.5	21.5	19.5	19.5	14.5	13.5	16.5	16.5	11.5	11.5
1678	4	21.5	21.5	19.5	18.5	15.5	13.5	16.5	16.5	11.5	12.5
1681	4	21.5	20.5	18.5	17.5	13.5	14.5	15.5	17.5	12.5	12.5
1682	4	20.5	21.5	19.5	17.5	15.5	14.5	15.5	16.5	11.5	11.5
1684	4	21.5	21.5	18.5	19.5	13.5	15.5	16.5	15.5	13.5	12.5
1685	4	20.5	20.5	18.5	17.5	15.5	14.5	17.5	17.5	11.5	12.5
1708	4	19.5	19.5	19.5	18.5	14.5	15.5	17.5	17.5	11.5	11.5
1718	4	21.5	21.5	18.5	18.5	15.5	14.5	15.5	16.5	11.5	12.5
1720	4	20.5	21.5	17.5	19.5	15.5	15.5	15.5	17.5	12.5	13.5
1739	4	27.5	25.5	25.5	23.5	20.5	19.5	23.5	23.5	18.5	18.5
1746	4	20.5	20.5	17.5	18.5	15.5	13.5	16.5	16.5	13.5	13.5
1794	4	20.5	21.5	18.5	19.5	15.5	14.5	16.5	17.5	12.5	11.5
1802	4	19.5	20.5	17.5	17.5	13.5	15.5	15.5	16.5	12.5	11.5
1806	4	19.5	19.5	17.5	19.5	13.5	13.5	16.5	17.5	11.5	11.5
116	5	18	19	17	18	12	13	16	16	12	11
141	5	18	19	18	16	12	14	15	15	10	12
177	5	17	18	15	15	12	11	12	13	10	10
180	5	19	20	17	17	13	13	16	14	11	10
190	5	18	19	17	18	14	13	16	15	10	10
194	5	19	18	17	17	13	12	15	15	10	10
197	5	20	19	17	18	12	13	14	14	11	11
201	5	20	20	17	17	13	13	15	14	10	10
213	5	34	32	31	30	26	26	30	28	25	25
214	5	20	19	17	16	13	14	14	15	10	12
228	5	18	20	18	17	13	12	14	16	11	10
229	5	18	19	18	17	13	12	15	15	10	11
240	5	39	39	37	37	33	34	36	34	31	31
251	5	20	18	16	18	14	14	15	14	12	12
262	5	18	20	17	16	13	12	15	14	11	10
278	5	19	19	17	17	13	14	15	15	10	12
319	5	20	20	17	17	14	14	16	15	10	10
327	5	18	20	16	16	12	12	16	14	11	10
338	5	29	29	26	26	24	24	25	25	22	22
368	5	20	19	16	17	12	14	16	14	11	11
373	5	18	19	17	17	12	14	16	15	12	11
385	5	20	19	17	17	14	14	15	15	12	11
414	5	20	19	17	17	13	13	14	14	12	10
421	5	19	19	16	18	14	13	14	15	11	10
425	5	30	28	26	28	23	23	25	24	21	20
460	5	18	19	16	18	14	14	14	16	11	11
495	5	18	18	16	17	13	12	15	15	10	10
528	5	19	20	17	18	13	14	15	14	11	11
555	5	20	19	17	17	13	13	16	14	12	10
586	5	18	18	17	16	14	13	14	16	10	11
591	5	19	20	17	16	13	12	16	16	12	11
592	5	20	20	18	16	14	14	14	14	12	10
594	5	19	19	16	16	13	12	16	14	12	12
606	5	19	20	17	17	12	14	16	15	11	10
609	5	20	18	16	16	13	13	15	15	10	11
611	5	20	19	16	17	13	13	16	14	11	12
633	5	16	16	14	15	10	12	14	13	10	10
644	5	0	0	0	0	0	0	0	0	0	0
649	5	18	19	17	16	13	12	15	16	10	12
658	5	19	19	18	16	12	14	15	16	10	12
659	5	19	18	17	17	12	14	16	14	11	11
661	5	19	19	16	18	14	13	15	16	10	11
668	5	18	18	18	17	14	12	15	15	11	12
690	5	18	20	17	16	13	14	15	14	10	10
692	5	18	20	17	17	14	13	14	16	11	11
702	5	19	20	18	18	13	13	14	14	12	12
706	5	18	19	18	18	12	12	15	16	11	11
747	5	17	16	15	15	12	12	13	14	8	10
762	5	19	19	17	17	13	13	15	16	11	12
776	5	20	20	16	18	13	12	14	15	12	12
782	5	19	18	16	18	13	14	14	15	12	12
785	5	19	19	18	17	12	14	16	15	10	12
812	5	18	18	18	18	13	12	15	16	11	11
817	5	30	30	26	26	22	24	26	26	21	22
849	5	19	20	18	17	13	14	14	16	11	12
856	5	19	18	16	17	14	13	16	16	12	11
857	5	19	18	16	18	14	13	16	15	12	12
882	5	19	19	18	17	12	13	15	15	11	10
927	5	19	20	17	18	12	12	16	16	12	12
928	5	29	29	26	28	24	22	24	25	22	20
937	5	20	18	16	18	14	12	16	14	12	10
943	5	20	20	16	17	13	12	14	14	12	12
967	5	39	40	36	37	32	34	36	36	31	31
999	5	18	20	16	17	14	14	16	14	11	11
1008	5	19	20	18	18	14	12	15	15	12	11
1011	5	20	18	17	18	14	12	16	15	11	10
1013	5	20	18	17	18	12	13	16	14	12	10
1014	5	19	18	16	18	14	13	15	15	11	10
1020	5	19	19	18	18	12	14	15	15	11	10
1029	5	20	20	17	16	14	13	14	15	10	10
1038	5	19	18	17	16	12	12	14	15	12	11
1043	5	20	18	16	18	13	13	15	15	10	11
1100	5	18	20	18	16	14	12	16	16	10	11
1101	5	19	18	18	16	14	13	16	16	11	12
1130	5	20	18	18	16	14	12	15	15	10	10
1175	5	18	18	18	17	14	12	15	16	12	12
1179	5	19	19	17	18	14	13	14	15	10	12
1247	5	19	20	17	17	14	14	16	14	11	11
1260	5	18	20	16	17	12	12	15	15	12	12
1287	5	19	18	16	17	12	13	16	16	11	10
1305	5	19	19	17	16	14	14	14	15	11	12
1310	5	19	19	16	16	12	14	14	15	10	11
1324	5	20	19	17	18	13	12	14	14	12	10
1332	5	18	20	17	17	14	14	14	16	12	12
1361	5	18	20	18	17	12	12	15	14	11	12
1367	5	19	20	17	17	14	13	14	14	10	12
1420	5	20	20	18	17	14	12	16	16	10	12
1433	5	19	19	17	18	14	14	16	15	10	11
1438	5	19	20	17	18	13	12	15	14	10	11
1456	5	19	19	17	18	12	12	16	15	10	10
1466	5	19	20	17	18	13	14	15	14	11	10
1500	5	18	18	17	16	14	14	14	14	10	12
1515	5	19	20	17	18	13	13	16	14	12	12
1531	5	18	20	17	16	12	13	14	14	12	10
1578	5	20	19	18	17	14	13	16	16	10	10
1588	5	18	18	17	18	12	13	16	15	10	10
1592	5	19	18	17	17	13	13	16	16	12	10
1599	5	40	40	36	38	33	33	36	36	32	32
1628	5	19	20	17	18	13	13	16	14	12	12
1631	5	18	18	17	16	12	12	15	16	11	11
1632	5	19	20	17	18	13	12	14	15	10	10
1635	5	28	30	28	28	24	23	24	26	20	22
1642	5	20	20	18	16	13	12	14	14	12	10
1663	5	19	18	18	16	13	13	16	15	11	12
1678	5	20	19	17	18	14	12	14	15	11	11
1681	5	18	18	16	16	13	13	16	16	12	11
1682	5	20	18	16	18	13	14	15	15	11	10
1684	5	19	18	17	17	14	12	15	14	11	10
1685	5	20	18	16	18	14	12	16	14	10	12
1708	5	20	19	16	18	13	13	16	16	12	12
1718	5	19	19	16	17	12	14	15	14	10	12
1720	5	19	19	18	16	12	14	14	15	10	12
1739	5	25	24	22	22	18	19	22	22	17	17
1746	5	19	19	17	18	12	13	16	14	10	11
1794	5	20	19	16	18	12	12	14	14	10	11
1802	5	20	18	16	17	13	12	16	16	12	12
1806	5	20	18	18	16	12	14	16	16	11	12
116	6	18.5	19.5	17.5	18.5	12.5	13.5	16.5	16.5	12.5	11.5
141	6	18.5	19.5	18.5	16.5	12.5	14.5	15.5	15.5	10.5	12.5
177	6	17.5	18.5	15.5	15.5	12.5	11.5	12.5	13.5	10.5	10.5
180	6	19.5	20.5	17.5	17.5	13.5	13.5	16.5	14.5	11.5	10.5
190	6	18.5	19.5	17.5	18.5	14.5	13.5	16.5	15.5	10.5	10.5
194	6	19.5	18.5	17.5	17.5	13.5	12.5	15.5	15.5	10.5	10.5
197	6	20.5	19.5	17.5	18.5	12.5	13.5	14.5	14.5	11.5	11.5
201	6	20.5	20.5	17.5	17.5	13.5	13.5	15.5	14.5	10.5	10.5
213	6	34.5	32.5	31.5	30.5	26.5	26.5	30.5	28.5	25.5	25.5
214	6	20.5	19.5	17.5	16.5	13.5	14.5	14.5	15.5	10.5	12.5
228	6	18.5	20.5	18.5	17.5	13.5	12.5	14.5	16.5	11.5	10.5
229	6	18.5	19.5	18.5	17.5	13.5	12.5	15.5	15.5	10.5	11.5
240	6	39.5	39.5	37.5	37.5	33.5	34.5	36.5	34.5	31.5	31.5
251	6	20.5	18.5	16.5	18.5	14.5	14.5	15.5	14.5	12.5	12.5
262	6	18.5	20.5	17.5	16.5	13.5	12.5	15.5	14.5	11.5	10.5
278	6	19.5	19.5	17.5	17.5	13.5	14.5	15.5	15.5	10.5	12.5
319	6	20.5	20.5	17.5	17.5	14.5	14.5	16.5	15.5	10.5	10.5
327	6	18.5	20.5	16.5	16.5	12.5	12.5	16.5	14.5	11.5	10.5
338	6	29.5	29.5	26.5	26.5	24.5	24.5	25.5	25.5	22.5	22.5
368	6	20.5	19.5	16.5	17.5	12.5	14.5	16.5	14.5	11.5	11.5
373	6	18.5	19.5	17.5	17.5	12.5	14.5	16.5	15.5	12.5	11.5
385	6	20.5	19.5	17.5	17.5	14.5	14.5	15.5	15.5	12.5	11.5
414	6	20.5	19.5	17.5	17.5	13.5	13.5	14.5	14.5	12.5	10.5
421	6	19.5	19.5	16.5	18.5	14.5	13.5	14.5	15.5	11.5	10.5
425	6	30.5	28.5	26.5	28.5	23.5	23.5	25.5	24.5	21.5	20.5
460	6	18.5	19.5	16.5	18.5	14.5	14.5	14.5	16.5	11.5	11.5
495	6	18.5	18.5	16.5	17.5	13.5	12.5	15.5	15.5	10.5	10.5
528	6	19.5	20.5	17.5	18.5	13.5	14.5	15.5	14.5	11.5	11.5
555	6	20.5	19.5	17.5	17.5	13.5	13.5	16.5	14.5	12.5	10.5
586	6	18.5	18.5	17.5	16.5	14.5	13.5	14.5	16.5	10.5	11.5
591	6	19.5	20.5	17.5	16.5	13.5	12.5	16.5	16.5	12.5	11.5
592	6	20.5	20.5	18.5	16.5	14.5	14.5	14.5	14.5	12.5	10.5
594	6	19.5	19.5	16.5	16.5	13.5	12.5	16.5	14.5	12.5	12.5
606	6	19.5	20.5	17.5	17.5	12.5	14.5	16.5	15.5	11.5	10.5
609	6	20.5	18.5	16.5	16.5	13.5	13.5	15.5	15.5	10.5	11.5
611	6	20.5	19.5	16.5	17.5	13.5	13.5	16.5	14.5	11.5	12.5
633	6	16.5	16.5	14.5	15.5	10.5	12.5	14.5	13.5	10.5	10.5
644	6	0.5	0.5	0.5	0.5	0.5	0.5	0.5	0.5	0.5	0.5
649	6	18.5	19.5	17.5	16.5	13.5	12.5	15.5	16.5	10.5	12.5
658	6	19.5	19.5	18.5	16.5	12.5	14.5	15.5	16.5	10.5	12.5
659	6	19.5	18.5	17.5	17.5	12.5	14.5	16.5	14.5	11.5	11.5
661	6	19.5	19.5	16.5	18.5	14.5	13.5	15.5	16.5	10.5	11.5
668	6	18.5	18.5	18.5	17.5	14.5	12.5	15.5	15.5	11.5	12.5
690	6	18.5	20.5	17.5	16.5	13.5	14.5	15.5	14.5	10.5	10.5
692	6	18.5	20.5	17.5	17.5	14.5	13.5	14.5	16.5	11.5	11.5
702	6	19.5	20.5	18.5	18.5	13.5	13.5	14.5	14.5	12.5	12.5
706	6	18.5	19.5	18.5	18.5	12.5	12.5	15.5	16.5	11.5	11.5
747	6	17.5	16.5	15.5	15.5	12.5	12.5	13.5	14.5	8.5	10.5
762	6	19.5	19.5	17.5	17.5	13.5	13.5	15.5	16.5	11.5	12.5
776	6	20.5	20.5	16.5	18.5	13.5	12.5	14.5	15.5	12.5	12.5
782	6	19.5	18.5	16.5	18.5	13.5	14.5	14.5	15.5	12.5	12.5
785	6	19.5	19.5	18.5	17.5	12.5	14.5	16.5	15.5	10.5	12.5
812	6	18.5	18.5	18.5	18.5	13.5	12.5	15.5	16.5	11.5	11.5
817	6	30.5	30.5	26.5	26.5	22.5	24.5	26.5	26.5	21.5	22.5
849	6	19.5	20.5	18.5	17.5	13.5	14.5	14.5	16.5	11.5	12.5
856	6	19.5	18.5	16.5	17.5	14.5	13.5	16.5	16.5	12.5	11.5
857	6	19.5	18.5	16.5	18.5	14.5	13.5	16.5	15.5	12.5	12.5
882	6	19.5	19.5	18.5	17.5	12.5	13.5	15.5	15.5	11.5	10.5
927	6	19.5	20.5	17.5	18.5	12.5	12.5	16.5	16.5	12.5	12.5
928	6	29.5	29.5	26.5	28.5	24.5	22.5	24.5	25.5	22.5	20.5
937	6	20.5	18.5	16.5	18.5	14.5	12.5	16.5	14.5	12.5	10.5
943	6	20.5	20.5	16.5	17.5	13.5	12.5	14.5	14.5	12.5	12.5
967	6	39.5	40.5	36.5	37.5	32.5	34.5	36.5	36.5	31.5	31.5
999	6	18.5	20.5	16.5	17.5	14.5	14.5	16.5	14.5	11.5	11.5
1008	6	19.5	20.5	18.5	18.5	14.5	12.5	15.5	15.5	12.5	11.5
1011	6	20.5	18.5	17.5	18.5	14.5	12.5	16.5	15.5	11.5	10.5
1013	6	20.5	18.5	17.5	18.5	12.5	13.5	16.5	14.5	12.5	10.5
1014	6	19.5	18.5	16.5	18.5	14.5	13.5	15.5	15.5	11.5	10.5
1020	6	19.5	19.5	18.5	18.5	12.5	14.5	15.5	15.5	11.5	10.5
1029	6	20.5	20.5	17.5	16.5	14.5	13.5	14.5	15.5	10.5	10.5
1038	6	19.5	18.5	17.5	16.5	12.5	12.5	14.5	15.5	12.5	11.5
1043	6	20.5	18.5	16.5	18.5	13.5	13.5	15.5	15.5	10.5	11.5
1100	6	18.5	20.5	18.5	16.5	14.5	12.5	16.5	16.5	10.5	11.5
1101	6	19.5	18.5	18.5	16.5	14.5	13.5	16.5	16.5	11.5	12.5
1130	6	20.5	18.5	18.5	16.5	14.5	12.5	15.5	15.5	10.5	10.5
1175	6	18.5	18.5	18.5	17.5	14.5	12.5	15.5	16.5	12.5	12.5
1179	6	19.5	19.5	17.5	18.5	14.5	13.5	14.5	15.5	10.5	12.5
1247	6	19.5	20.5	17.5	17.5	14.5	14.5	16.5	14.5	11.5	11.5
1260	6	18.5	20.5	16.5	17.5	12.5	12.5	15.5	15.5	12.5	12.5
1287	6	19.5	18.5	16.5	17.5	12.5	13.5	16.5	16.5	11.5	10.5
1305	6	19.5	19.5	17.5	16.5	14.5	14.5	14.5	15.5	11.5	12.5
1310	6	19.5	19.5	16.5	16.5	12.5	14.5	14.5	15.5	10.5	11.5
1324	6	20.5	19.5	17.5	18.5	13.5	12.5	14.5	14.5	12.5	10.5
1332	6	18.5	20.5	17.5	17.5	14.5	14.5	14.5	16.5	12.5	12.5
1361	6	18.5	20.5	18.5	17.5	12.5	12.5	15.5	14.5	11.5	12.5
1367	6	19.5	20.5	17.5	17.5	14.5	13.5	14.5	14.5	10.5	12.5
1420	6	20.5	20.5	18.5	17.5	14.5	12.5	16.5	16.5	10.5	12.5
1433	6	19.5	19.5	17.5	18.5	14.5	14.5	16.5	15.5	10.5	11.5
1438	6	19.5	20.5	17.5	18.5	13.5	12.5	15.5	14.5	10.5	11.5
1456	6	19.5	19.5	17.5	18.5	12.5	12.5	16.5	15.5	10.5	10.5
1466	6	19.5	20.5	17.5	18.5	13.5	14.5	15.5	14.5	11.5	10.5
1500	6	18.5	18.5	17.5	16.5	14.5	14.5	14.5	14.5	10.5	12.5
1515	6	19.5	20.5	17.5	18.5	13.5	13.5	16.5	14.5	12.5	12.5
1531	6	18.5	20.5	17.5	16.5	12.5	13.5	14.5	14.5	12.5	10.5
1578	6	20.5	19.5	18.5	17.5	14.5	13.5	16.5	16.5	10.5	10.5
1588	6	18.5	18.5	17.5	18.5	12.5	13.5	16.5	15.5	10.5	10.5
1592	6	19.5	18.5	17.5	17.5	13.5	13.5	16.5	16.5	12.5	10.5
1599	6	40.5	40.5	36.5	38.5	33.5	33.5	36.5	36.5	32.5	32.5
1628	6	19.5	20.5	17.5	18.5	13.5	13.5	16.5	14.5	12.5	12.5
1631	6	18.5	18.5	17.5	16.5	12.5	12.5	15.5	16.5	11.5	11.5
1632	6	19.5	20.5	17.5	18.5	13.5	12.5	14.5	15.5	10.5	10.5
1635	6	28.5	30.5	28.5	28.5	24.5	23.5	24.5	26.5	20.5	22.5
1642	6	20.5	20.5	18.5	16.5	13.5	12.5	14.5	14.5	12.5	10.5
1663	6	19.5	18.5	18.5	16.5	13.5	13.5	16.5	15.5	11.5	12.5
1678	6	20.5	19.5	17.5	18.5	14.5	12.5	14.5	15.5	11.5	11.5
1681	6	18.5	18.5	16.5	16.5	13.5	13.5	16.5	16.5	12.5	11.5
1682	6	20.5	18.5	16.5	18.5	13.5	14.5	15.5	15.5	11.5	10.5
1684	6	19.5	18.5	17.5	17.5	14.5	12.5	15.5	14.5	11.5	10.5
1685	6	20.5	18.5	16.5	18.5	14.5	12.5	16.5	14.5	10.5	12.5
1708	6	20.5	19.5	16.5	18.5	13.5	13.5	16.5	16.5	12.5	12.5
1718	6	19.5	19.5	16.5	17.5	12.5	14.5	15.5	14.5	10.5	12.5
1720	6	19.5	19.5	18.5	16.5	12.5	14.5	14.5	15.5	10.5	12.5
1739	6	25.5	24.5	22.5	22.5	18.5	19.5	22.5	22.5	17.5	17.5
1746	6	19.5	19.5	17.5	18.5	12.5	13.5	16.5	14.5	10.5	11.5
1794	6	20.5	19.5	16.5	18.5	12.5	12.5	14.5	14.5	10.5	11.5
1802	6	20.5	18.5	16.5	17.5	13.5	12.5	16.5	16.5	12.5	12.5
1806	6	20.5	18.5	18.5	16.5	12.5	14.5	16.5	16.5	11.5	12.5
116	7	19	20	18	19	13	14	17	17	13	12
141	7	19	20	19	17	13	15	16	16	11	13
177	7	18	19	16	16	13	12	13	14	11	11
180	7	20	21	18	18	14	14	17	15	12	11
190	7	19	20	18	19	15	14	17	16	11	11
194	7	20	19	18	18	14	13	16	16	11	11
197	7	21	20	18	19	13	14	15	15	12	12
201	7	21	21	18	18	14	14	16	15	11	11
213	7	35	33	32	31	27	27	31	29	26	26
214	7	21	20	18	17	14	15	15	16	11	13
228	7	19	21	19	18	14	13	15	17	12	11
229	7	19	20	19	18	14	13	16	16	11	12
240	7	40	40	38	38	34	35	37	35	32	32
251	7	21	19	17	19	15	15	16	15	13	13
262	7	19	21	18	17	14	13	16	15	12	11
278	7	20	20	18	18	14	15	16	16	11	13
319	7	21	21	18	18	15	15	17	16	11	11
327	7	19	21	17	17	13	13	17	15	12	11
338	7	30	30	27	27	25	25	26	26	23	23
368	7	21	20	17	18	13	15	17	15	12	12
373	7	19	20	18	18	13	15	17	16	13	12
385	7	21	20	18	18	15	15	16	16	13	12
414	7	21	20	18	18	14	14	15	15	13	11
421	7	20	20	17	19	15	14	15	16	12	11
425	7	31	29	27	29	24	24	26	25	22	21
460	7	19	20	17	19	15	15	15	17	12	12
495	7	19	19	17	18	14	13	16	16	11	11
528	7	20	21	18	19	14	15	16	15	12	12
555	7	21	20	18	18	14	14	17	15	13	11
586	7	19	19	18	17	15	14	15	17	11	12
591	7	20	21	18	17	14	13	17	17	13	12
592	7	21	21	19	17	15	15	15	15	13	11
594	7	20	20	17	17	14	13	17	15	13	13
606	7	20	21	18	18	13	15	17	16	12	11
609	7	21	19	17	17	14	14	16	16	11	12
611	7	21	20	17	18	14	14	17	15	12	13
633	7	17	17	15	16	11	13	15	14	11	11
644	7	1	1	1	1	1	1	1	1	1	1
649	7	19	20	18	17	14	13	16	17	11	13
658	7	20	20	19	17	13	15	16	17	11	13
659	7	20	19	18	18	13	15	17	15	12	12
661	7	20	20	17	19	15	14	16	17	11	12
668	7	19	19	19	18	15	13	16	16	12	13
690	7	19	21	18	17	14	15	16	15	11	11
692	7	19	21	18	18	15	14	15	17	12	12
702	7	20	21	19	19	14	14	15	15	13	13
706	7	19	20	19	19	13	13	16	17	12	12
747	7	18	17	16	16	13	13	14	15	9	11
762	7	20	20	18	18	14	14	16	17	12	13
776	7	21	21	17	19	14	13	15	16	13	13
782	7	20	19	17	19	14	15	15	16	13	13
785	7	20	20	19	18	13	15	17	16	11	13
812	7	19	19	19	19	14	13	16	17	12	12
817	7	31	31	27	27	23	25	27	27	22	23
849	7	20	21	19	18	14	15	15	17	12	13
856	7	20	19	17	18	15	14	17	17	13	12
857	7	20	19	17	19	15	14	17	16	13	13
882	7	20	20	19	18	13	14	16	16	12	11
927	7	20	21	18	19	13	13	17	17	13	13
928	7	30	30	27	29	25	23	25	26	23	21
937	7	21	19	17	19	15	13	17	15	13	11
943	7	21	21	17	18	14	13	15	15	13	13
967	7	40	41	37	38	33	35	37	37	32	32
999	7	19	21	17	18	15	15	17	15	12	12
1008	7	20	21	19	19	15	13	16	16	13	12
1011	7	21	19	18	19	15	13	17	16	12	11
1013	7	21	19	18	19	13	14	17	15	13	11
1014	7	20	19	17	19	15	14	16	16	12	11
1020	7	20	20	19	19	13	15	16	16	12	11
1029	7	21	21	18	17	15	14	15	16	11	11
1038	7	20	19	18	17	13	13	15	16	13	12
1043	7	21	19	17	19	14	14	16	16	11	12
1100	7	19	21	19	17	15	13	17	17	11	12
1101	7	20	19	19	17	15	14	17	17	12	13
1130	7	21	19	19	17	15	13	16	16	11	11
1175	7	19	19	19	18	15	13	16	17	13	13
1179	7	20	20	18	19	15	14	15	16	11	13
1247	7	20	21	18	18	15	15	17	15	12	12
1260	7	19	21	17	18	13	13	16	16	13	13
1287	7	20	19	17	18	13	14	17	17	12	11
1305	7	20	20	18	17	15	15	15	16	12	13
1310	7	20	20	17	17	13	15	15	16	11	12
1324	7	21	20	18	19	14	13	15	15	13	11
1332	7	19	21	18	18	15	15	15	17	13	13
1361	7	19	21	19	18	13	13	16	15	12	13
1367	7	20	21	18	18	15	14	15	15	11	13
1420	7	21	21	19	18	15	13	17	17	11	13
1433	7	20	20	18	19	15	15	17	16	11	12
1438	7	20	21	18	19	14	13	16	15	11	12
1456	7	20	20	18	19	13	13	17	16	11	11
1466	7	20	21	18	19	14	15	16	15	12	11
1500	7	19	19	18	17	15	15	15	15	11	13
1515	7	20	21	18	19	14	14	17	15	13	13
1531	7	19	21	18	17	13	14	15	15	13	11
1578	7	21	20	19	18	15	14	17	17	11	11
1588	7	19	19	18	19	13	14	17	16	11	11
1592	7	20	19	18	18	14	14	17	17	13	11
1599	7	41	41	37	39	34	34	37	37	33	33
1628	7	20	21	18	19	14	14	17	15	13	13
1631	7	19	19	18	17	13	13	16	17	12	12
1632	7	20	21	18	19	14	13	15	16	11	11
1635	7	29	31	29	29	25	24	25	27	21	23
1642	7	21	21	19	17	14	13	15	15	13	11
1663	7	20	19	19	17	14	14	17	16	12	13
1678	7	21	20	18	19	15	13	15	16	12	12
1681	7	19	19	17	17	14	14	17	17	13	12
1682	7	21	19	17	19	14	15	16	16	12	11
1684	7	20	19	18	18	15	13	16	15	12	11
1685	7	21	19	17	19	15	13	17	15	11	13
1708	7	21	20	17	19	14	14	17	17	13	13
1718	7	20	20	17	18	13	15	16	15	11	13
1720	7	20	20	19	17	13	15	15	16	11	13
1739	7	26	25	23	23	19	20	23	23	18	18
1746	7	20	20	18	19	13	14	17	15	11	12
1794	7	21	20	17	19	13	13	15	15	11	12
1802	7	21	19	17	18	14	13	17	17	13	13
1806	7	21	19	19	17	13	15	17	17	12	13
116	8	19.5	20.5	18.5	19.5	13.5	14.5	17.5	17.5	13.5	12.5
141	8	19.5	20.5	19.5	17.5	13.5	15.5	16.5	16.5	11.5	13.5
177	8	18.5	19.5	16.5	16.5	13.5	12.5	13.5	14.5	11.5	11.5
180	8	20.5	21.5	18.5	18.5	14.5	14.5	17.5	15.5	12.5	11.5
190	8	19.5	20.5	18.5	19.5	15.5	14.5	17.5	16.5	11.5	11.5
194	8	20.5	19.5	18.5	18.5	14.5	13.5	16.5	16.5	11.5	11.5
197	8	21.5	20.5	18.5	19.5	13.5	14.5	15.5	15.5	12.5	12.5
201	8	21.5	21.5	18.5	18.5	14.5	14.5	16.5	15.5	11.5	11.5
213	8	35.5	33.5	32.5	31.5	27.5	27.5	31.5	29.5	26.5	26.5
214	8	21.5	20.5	18.5	17.5	14.5	15.5	15.5	16.5	11.5	13.5
228	8	19.5	21.5	19.5	18.5	14.5	13.5	15.5	17.5	12.5	11.5
229	8	19.5	20.5	19.5	18.5	14.5	13.5	16.5	16.5	11.5	12.5
240	8	40.5	40.5	38.5	38.5	34.5	35.5	37.5	35.5	32.5	32.5
251	8	21.5	19.5	17.5	19.5	15.5	15.5	16.5	15.5	13.5	13.5
262	8	19.5	21.5	18.5	17.5	14.5	13.5	16.5	15.5	12.5	11.5
278	8	20.5	20.5	18.5	18.5	14.5	15.5	16.5	16.5	11.5	13.5
319	8	21.5	21.5	18.5	18.5	15.5	15.5	17.5	16.5	11.5	11.5
327	8	19.5	21.5	17.5	17.5	13.5	13.5	17.5	15.5	12.5	11.5
338	8	30.5	30.5	27.5	27.5	25.5	25.5	26.5	26.5	23.5	23.5
368	8	21.5	20.5	17.5	18.5	13.5	15.5	17.5	15.5	12.5	12.5
373	8	19.5	20.5	18.5	18.5	13.5	15.5	17.5	16.5	13.5	12.5
385	8	21.5	20.5	18.5	18.5	15.5	15.5	16.5	16.5	13.5	12.5
414	8	21.5	20.5	18.5	18.5	14.5	14.5	15.5	15.5	13.5	11.5
421	8	20.5	20.5	17.5	19.5	15.5	14.5	15.5	16.5	12.5	11.5
425	8	31.5	29.5	27.5	29.5	24.5	24.5	26.5	25.5	22.5	21.5
460	8	19.5	20.5	17.5	19.5	15.5	15.5	15.5	17.5	12.5	12.5
495	8	19.5	19.5	17.5	18.5	14.5	13.5	16.5	16.5	11.5	11.5
528	8	20.5	21.5	18.5	19.5	14.5	15.5	16.5	15.5	12.5	12.5
555	8	21.5	20.5	18.5	18.5	14.5	14.5	17.5	15.5	13.5	11.5
586	8	19.5	19.5	18.5	17.5	15.5	14.5	15.5	17.5	11.5	12.5
591	8	20.5	21.5	18.5	17.5	14.5	13.5	17.5	17.5	13.5	12.5
592	8	21.5	21.5	19.5	17.5	15.5	15.5	15.5	15.5	13.5	11.5
594	8	20.5	20.5	17.5	17.5	14.5	13.5	17.5	15.5	13.5	13.5
606	8	20.5	21.5	18.5	18.5	13.5	15.5	17.5	16.5	12.5	11.5
609	8	21.5	19.5	17.5	17.5	14.5	14.5	16.5	16.5	11.5	12.5
611	8	21.5	20.5	17.5	18.5	14.5	14.5	17.5	15.5	12.5	13.5
633	8	17.5	17.5	15.5	16.5	11.5	13.5	15.5	14.5	11.5	11.5
644	8	1.5	1.5	1.5	1.5	1.5	1.5	1.5	1.5	1.5	1.5
649	8	19.5	20.5	18.5	17.5	14.5	13.5	16.5	17.5	11.5	13.5
658	8	20.5	20.5	19.5	17.5	13.5	15.5	16.5	17.5	11.5	13.5
659	8	20.5	19.5	18.5	18.5	13.5	15.5	17.5	15.5	12.5	12.5
661	8	20.5	20.5	17.5	19.5	15.5	14.5	16.5	17.5	11.5	12.5
668	8	19.5	19.5	19.5	18.5	15.5	13.5	16.5	16.5	12.5	13.5
690	8	19.5	21.5	18.5	17.5	14.5	15.5	16.5	15.5	11.5	11.5
692	8	19.5	21.5	18.5	18.5	15.5	14.5	15.5	17.5	12.5	12.5
702	8	20.5	21.5	19.5	19.5	14.5	14.5	15.5	15.5	13.5	13.5
706	8	19.5	20.5	19.5	19.5	13.5	13.5	16.5	17.5	12.5	12.5
747	8	18.5	17.5	16.5	16.5	13.5	13.5	14.5	15.5	9.5	11.5
762	8	20.5	20.5	18.5	18.5	14.5	14.5	16.5	17.5	12.5	13.5
776	8	21.5	21.5	17.5	19.5	14.5	13.5	15.5	16.5	13.5	13.5
782	8	20.5	19.5	17.5	19.5	14.5	15.5	15.5	16.5	13.5	13.5
785	8	20.5	20.5	19.5	18.5	13.5	15.5	17.5	16.5	11.5	13.5
812	8	19.5	19.5	19.5	19.5	14.5	13.5	16.5	17.5	12.5	12.5
817	8	31.5	31.5	27.5	27.5	23.5	25.5	27.5	27.5	22.5	23.5
849	8	20.5	21.5	19.5	18.5	14.5	15.5	15.5	17.5	12.5	13.5
856	8	20.5	19.5	17.5	18.5	15.5	14.5	17.5	17.5	13.5	12.5
857	8	20.5	19.5	17.5	19.5	15.5	14.5	17.5	16.5	13.5	13.5
882	8	20.5	20.5	19.5	18.5	13.5	14.5	16.5	16.5	12.5	11.5
927	8	20.5	21.5	18.5	19.5	13.5	13.5	17.5	17.5	13.5	13.5
928	8	30.5	30.5	27.5	29.5	25.5	23.5	25.5	26.5	23.5	21.5
937	8	21.5	19.5	17.5	19.5	15.5	13.5	17.5	15.5	13.5	11.5
943	8	21.5	21.5	17.5	18.5	14.5	13.5	15.5	15.5	13.5	13.5
967	8	40.5	41.5	37.5	38.5	33.5	35.5	37.5	37.5	32.5	32.5
999	8	19.5	21.5	17.5	18.5	15.5	15.5	17.5	15.5	12.5	12.5
1008	8	20.5	21.5	19.5	19.5	15.5	13.5	16.5	16.5	13.5	12.5
1011	8	21.5	19.5	18.5	19.5	15.5	13.5	17.5	16.5	12.5	11.5
1013	8	21.5	19.5	18.5	19.5	13.5	14.5	17.5	15.5	13.5	11.5
1014	8	20.5	19.5	17.5	19.5	15.5	14.5	16.5	16.5	12.5	11.5
1020	8	20.5	20.5	19.5	19.5	13.5	15.5	16.5	16.5	12.5	11.5
1029	8	21.5	21.5	18.5	17.5	15.5	14.5	15.5	16.5	11.5	11.5
1038	8	20.5	19.5	18.5	17.5	13.5	13.5	15.5	16.5	13.5	12.5
1043	8	21.5	19.5	17.5	19.5	14.5	14.5	16.5	16.5	11.5	12.5
1100	8	19.5	21.5	19.5	17.5	15.5	13.5	17.5	17.5	11.5	12.5
1101	8	20.5	19.5	19.5	17.5	15.5	14.5	17.5	17.5	12.5	13.5
1130	8	21.5	19.5	19.5	17.5	15.5	13.5	16.5	16.5	11.5	11.5
1175	8	19.5	19.5	19.5	18.5	15.5	13.5	16.5	17.5	13.5	13.5
1179	8	20.5	20.5	18.5	19.5	15.5	14.5	15.5	16.5	11.5	13.5
1247	8	20.5	21.5	18.5	18.5	15.5	15.5	17.5	15.5	12.5	12.5
1260	8	19.5	21.5	17.5	18.5	13.5	13.5	16.5	16.5	13.5	13.5
1287	8	20.5	19.5	17.5	18.5	13.5	14.5	17.5	17.5	12.5	11.5
1305	8	20.5	20.5	18.5	17.5	15.5	15.5	15.5	16.5	12.5	13.5
1310	8	20.5	20.5	17.5	17.5	13.5	15.5	15.5	16.5	11.5	12.5
1324	8	21.5	20.5	18.5	19.5	14.5	13.5	15.5	15.5	13.5	11.5
1332	8	19.5	21.5	18.5	18.5	15.5	15.5	15.5	17.5	13.5	13.5
1361	8	19.5	21.5	19.5	18.5	13.5	13.5	16.5	15.5	12.5	13.5
1367	8	20.5	21.5	18.5	18.5	15.5	14.5	15.5	15.5	11.5	13.5
1420	8	21.5	21.5	19.5	18.5	15.5	13.5	17.5	17.5	11.5	13.5
1433	8	20.5	20.5	18.5	19.5	15.5	15.5	17.5	16.5	11.5	12.5
1438	8	20.5	21.5	18.5	19.5	14.5	13.5	16.5	15.5	11.5	12.5
1456	8	20.5	20.5	18.5	19.5	13.5	13.5	17.5	16.5	11.5	11.5
1466	8	20.5	21.5	18.5	19.5	14.5	15.5	16.5	15.5	12.5	11.5
1500	8	19.5	19.5	18.5	17.5	15.5	15.5	15.5	15.5	11.5	13.5
1515	8	20.5	21.5	18.5	19.5	14.5	14.5	17.5	15.5	13.5	13.5
1531	8	19.5	21.5	18.5	17.5	13.5	14.5	15.5	15.5	13.5	11.5
1578	8	21.5	20.5	19.5	18.5	15.5	14.5	17.5	17.5	11.5	11.5
1588	8	19.5	19.5	18.5	19.5	13.5	14.5	17.5	16.5	11.5	11.5
1592	8	20.5	19.5	18.5	18.5	14.5	14.5	17.5	17.5	13.5	11.5
1599	8	41.5	41.5	37.5	39.5	34.5	34.5	37.5	37.5	33.5	33.5
1628	8	20.5	21.5	18.5	19.5	14.5	14.5	17.5	15.5	13.5	13.5
1631	8	19.5	19.5	18.5	17.5	13.5	13.5	16.5	17.5	12.5	12.5
1632	8	20.5	21.5	18.5	19.5	14.5	13.5	15.5	16.5	11.5	11.5
1635	8	29.5	31.5	29.5	29.5	25.5	24.5	25.5	27.5	21.5	23.5
1642	8	21.5	21.5	19.5	17.5	14.5	13.5	15.5	15.5	13.5	11.5
1663	8	20.5	19.5	19.5	17.5	14.5	14.5	17.5	16.5	12.5	13.5
1678	8	21.5	20.5	18.5	19.5	15.5	13.5	15.5	16.5	12.5	12.5
1681	8	19.5	19.5	17.5	17.5	14.5	14.5	17.5	17.5	13.5	12.5
1682	8	21.5	19.5	17.5	19.5	14.5	15.5	16.5	16.5	12.5	11.5
1684	8	20.5	19.5	18.5	18.5	15.5	13.5	16.5	15.5	12.5	11.5
1685	8	21.5	19.5	17.5	19.5	15.5	13.5	17.5	15.5	11.5	13.5
1708	8	21.5	20.5	17.5	19.5	14.5	14.5	17.5	17.5	13.5	13.5
1718	8	20.5	20.5	17.5	18.5	13.5	15.5	16.5	15.5	11.5	13.5
1720	8	20.5	20.5	19.5	17.5	13.5	15.5	15.5	16.5	11.5	13.5
1739	8	26.5	25.5	23.5	23.5	19.5	20.5	23.5	23.5	18.5	18.5
1746	8	20.5	20.5	18.5	19.5	13.5	14.5	17.5	15.5	11.5	12.5
1794	8	21.5	20.5	17.5	19.5	13.5	13.5	15.5	15.5	11.5	12.5
1802	8	21.5	19.5	17.5	18.5	14.5	13.5	17.5	17.5	13.5	13.5
1806	8	21.5	19.5	19.5	17.5	13.5	15.5	17.5	17.5	12.5	13.5
