N	D	1	2	3	4	5	6	7	8	9	10
14	1	17	16	15	13	10	11	13	13	7	7
15	1	15	16	13	14	10	10	12	11	8	8
19	1	15	15	14	14	11	10	12	13	9	7
30	1	16	17	13	13	11	10	13	11	9	9
36	1	16	16	14	14	11	10	13	11	9	7
44	1	18	20	16	17	13	13	14	16	12	12
52	1	13	13	11	12	7	8	9	10	6	6
66	1	14	13	13	11	8	9	9	11	5	5
70	1	16	15	15	13	10	9	13	13	8	8
80	1	15	17	14	15	9	11	11	12	9	9
98	1	17	16	14	14	10	9	13	13	9	7
111	1	15	13	11	13	7	9	11	9	7	6
130	1	17	15	15	14	10	10	11	11	9	9
132	1	15	17	15	15	9	9	13	13	7	9
182	1	16	15	15	14	9	11	12	12	8	9
188	1	13	14	13	12	8	7	11	9	7	7
204	1	15	14	12	13	8	8	10	9	6	5
205	1	15	14	11	12	7	8	11	10	6	5
222	1	16	17	15	13	9	9	13	13	7	9
230	1	16	17	14	14	10	9	13	11	7	9
235	1	16	17	14	14	10	9	13	11	7	9
236	1	15	14	13	11	8	8	9	11	6	7
241	1	13	14	13	13	8	9	9	11	7	5
245	1	15	15	14	14	11	10	13	11	7	9
258	1	16	16	13	14	10	11	12	13	7	9
281	1	17	15	13	15	10	11	12	12	9	7
304	1	19	18	17	18	14	13	16	15	10	12
310	1	16	17	14	13	10	11	11	13	7	7
318	1	15	15	15	13	9	10	11	11	7	7
319	1	16	15	13	13	9	9	11	13	7	8
325	1	13	15	13	11	7	7	10	10	5	7
335	1	17	17	13	13	10	10	13	12	8	8
355	1	15	17	13	13	10	9	11	11	8	8
359	1	16	16	14	14	9	10	12	12	7	7
367	1	15	15	13	13	9	11	12	12	8	7
390	1	15	15	15	15	9	9	13	13	9	7
420	1	15	17	13	13	9	10	11	11	9	8
426	1	17	16	14	13	9	9	13	12	7	7
431	1	17	15	15	13	9	11	13	13	9	7
446	1	17	17	14	15	10	9	11	13	9	7
447	1	15	16	15	13	11	10	11	13	8	9
477	1	15	15	14	14	11	11	12	12	7	9
481	1	17	16	14	15	10	9	11	13	7	9
498	1	15	16	15	15	10	10	12	12	9	8
510	1	15	17	13	13	10	11	11	12	9	9
515	1	16	15	13	14	10	10	12	12	8	8
530	1	24	22	20	22	17	18	18	19	14	14
539	1	15	15	15	14	9	9	12	13	9	8
543	1	17	17	15	14	11	11	11	12	9	9
553	1	15	16	15	13	10	9	12	12	7	7
562	1	17	17	13	13	9	9	13	11	7	7
564	1	15	16	13	15	9	11	13	12	8	7
566	1	15	17	14	15	9	10	12	13	7	9
569	1	16	15	14	13	10	10	11	13	8	9
598	1	17	17	14	15	10	9	12	11	8	7
632	1	17	15	13	13	11	10	12	12	8	9
641	1	17	17	14	15	9	11	13	13	7	9
642	1	22	24	20	21	16	17	18	19	15	15
645	1	17	15	15	13	10	10	12	12	9	7
671	1	15	16	13	13	9	9	11	12	8	7
673	1	13	15	13	13	7	9	9	9	6	7
680	1	15	15	14	13	11	9	11	13	7	9
687	1	16	16	15	14	11	11	13	11	7	8
698	1	16	17	14	15	9	10	12	13	7	8
711	1	15	17	14	13	9	9	13	12	7	7
729	1	18	19	16	17	13	13	14	14	12	10
734	1	23	24	22	21	16	16	19	19	15	14
735	1	14	14	11	13	8	8	11	9	7	7
745	1	14	15	11	11	9	8	11	11	5	5
749	1	13	13	11	12	8	9	9	11	5	6
753	1	14	13	13	13	9	8	10	10	7	5
758	1	15	16	15	15	11	11	13	13	8	8
767	1	25	23	22	23	18	19	21	21	15	15
780	1	17	17	13	15	11	11	12	11	9	9
783	1	16	15	14	15	11	11	11	13	9	8
788	1	17	15	15	13	9	9	13	11	8	8
792	1	16	16	14	14	11	10	12	11	7	7
797	1	17	17	13	13	10	11	12	11	9	7
811	1	16	15	14	15	10	11	11	11	9	9
828	1	15	15	14	14	9	11	13	11	7	8
852	1	23	24	21	21	16	17	19	20	14	15
865	1	16	16	13	14	10	11	13	12	8	8
866	1	31	31	29	28	23	24	26	26	23	23
885	1	16	15	13	13	10	11	11	11	8	9
893	1	17	17	14	14	9	10	12	12	9	8
894	1	16	15	13	14	10	11	13	13	9	7
909	1	15	15	14	15	11	11	11	11	8	8
910	1	15	16	13	15	9	11	11	12	7	7
911	1	15	17	13	13	11	11	13	12	9	9
912	1	15	17	14	15	11	10	12	13	7	7
918	1	16	15	15	13	9	10	13	12	9	7
959	1	15	17	14	13	10	10	11	11	7	9
989	1	16	17	13	15	11	11	13	13	7	8
996	1	16	15	15	14	9	10	13	13	7	7
1000	1	15	16	13	13	10	11	11	11	7	7
1016	1	16	15	15	14	9	9	12	13	9	8
1019	1	17	16	14	13	10	11	13	12	8	7
1022	1	15	17	15	13	9	9	12	13	9	8
1027	1	16	15	15	15	10	10	11	12	8	9
1032	1	16	16	13	14	11	11	11	11	8	7
1033	1	15	15	15	13	10	11	13	12	7	8
1034	1	15	15	13	14	9	9	11	12	8	7
1035	1	17	16	15	14	9	9	13	13	9	9
1049	1	16	16	13	15	11	11	13	11	9	9
1060	1	17	17	15	13	11	10	12	12	8	9
1063	1	15	17	15	15	11	11	11	12	8	7
1076	1	15	17	15	13	10	11	13	12	9	9
1077	1	16	15	14	14	11	11	12	11	7	9
1098	1	22	24	21	20	16	18	20	19	16	15
1103	1	17	16	14	14	9	9	12	13	9	7
1105	1	17	16	13	13	9	9	13	12	9	9
1113	1	15	16	15	14	11	11	13	12	8	7
1127	1	29	29	27	27	25	24	26	26	21	21
1143	1	16	17	14	14	10	9	12	11	8	9
1146	1	15	16	13	15	10	9	11	12	9	9
1165	1	17	17	15	13	10	11	13	12	9	9
1166	1	17	17	13	14	10	11	11	12	8	8
1170	1	15	16	13	13	9	9	13	12	9	9
1178	1	16	17	15	13	9	10	13	13	7	7
1205	1	17	15	13	14	10	10	12	11	9	8
1224	1	17	15	15	13	11	11	12	11	9	8
1248	1	17	17	13	13	11	9	13	12	9	9
1267	1	13	13	13	13	9	8	11	9	6	7
1285	1	17	15	14	15	11	10	11	12	8	8
1292	1	15	17	15	14	10	9	12	13	7	8
1298	1	15	15	14	14	11	11	11	12	7	9
1303	1	22	22	22	22	18	17	20	19	14	14
1331	1	24	23	21	21	17	16	19	19	16	15
1333	1	16	16	14	13	10	11	13	11	8	7
1342	1	17	15	15	13	11	9	11	12	7	9
1345	1	17	17	13	15	10	9	13	13	9	7
1354	1	15	15	15	14	9	9	13	12	7	9
1358	1	15	16	13	15	9	10	11	12	7	7
1362	1	16	17	13	14	10	9	13	11	7	7
1372	1	16	17	15	14	10	10	12	11	8	7
1373	1	15	16	15	13	9	10	12	12	9	9
1405	1	17	15	14	15	9	10	12	13	9	7
1406	1	15	17	14	13	10	10	11	12	7	8
1418	1	15	17	15	14	11	11	11	11	9	7
1445	1	17	15	15	13	11	10	12	13	8	7
1460	1	15	17	15	13	11	10	13	13	7	9
1483	1	15	15	14	13	9	9	11	11	9	9
1505	1	16	15	15	14	9	9	12	11	9	7
1519	1	17	15	13	14	11	11	11	11	9	7
1521	1	17	15	13	15	10	9	11	12	7	7
1527	1	17	15	14	13	9	10	12	13	7	7
1528	1	15	16	14	13	11	11	13	12	8	9
1541	1	17	17	15	13	11	11	11	12	7	7
1543	1	16	17	13	15	10	10	11	11	9	7
1547	1	16	17	13	14	10	9	11	12	9	8
1569	1	43	43	42	43	37	39	39	39	37	37
1578	1	15	16	14	15	9	11	12	13	8	7
1584	1	15	16	14	14	11	10	11	12	8	7
1599	1	15	17	15	15	10	10	13	12	8	9
1600	1	16	17	15	15	9	10	11	12	7	9
1664	1	16	17	14	14	10	11	11	13	9	7
1674	1	16	17	13	13	11	9	12	12	8	8
1675	1	16	16	14	13	11	11	12	13	7	8
1695	1	17	16	15	13	11	9	13	12	8	7
1716	1	24	23	20	20	17	17	20	20	14	15
1723	1	16	15	14	15	11	11	13	11	7	9
1728	1	30	31	29	29	25	25	27	27	21	21
1729	1	15	15	14	13	9	11	12	11	8	9
1731	1	16	15	13	13	10	9	12	11	7	7
1737	1	15	15	15	14	10	11	12	13	9	7
1744	1	16	17	14	15	11	11	13	12	9	7
1751	1	16	16	14	13	11	11	12	13	8	7
1758	1	15	16	13	14	10	9	13	12	9	7
1772	1	15	16	14	13	9	11	12	13	9	8
1775	1	15	17	14	13	11	11	11	11	7	9
1783	1	16	17	14	14	11	10	11	12	9	8
1797	1	17	17	15	15	11	9	13	11	8	7
1801	1	16	17	13	14	11	9	13	12	8	7
1810	1	15	15	13	15	10	9	13	12	7	7
1811	1	16	16	15	13	11	10	11	11	7	7
1814	1	17	15	14	15	11	10	11	13	7	9
1815	1	17	16	15	14	10	11	12	13	9	8
1821	1	16	15	13	14	11	10	12	13	7	7
14	2	17.5	16.5	15.5	13.5	10.5	11.5	13.5	13.5	7.5	7.5
15	2	15.5	16.5	13.5	14.5	10.5	10.5	12.5	11.5	8.5	8.5
19	2	15.5	15.5	14.5	14.5	11.5	10.5	12.5	13.5	9.5	7.5
30	2	16.5	17.5	13.5	13.5	11.5	10.5	13.5	11.5	9.5	9.5
36	2	16.5	16.5	14.5	14.5	11.5	10.5	13.5	11.5	9.5	7.5
44	2	18.5	20.5	16.5	17.5	13.5	13.5	14.5	16.5	12.5	12.5
52	2	13.5	13.5	11.5	12.5	7.5	8.5	9.5	10.5	6.5	6.5
66	2	14.5	13.5	13.5	11.5	8.5	9.5	9.5	11.5	5.5	5.5
70	2	16.5	15.5	15.5	13.5	10.5	9.5	13.5	13.5	8.5	8.5
80	2	15.5	17.5	14.5	15.5	9.5	11.5	11.5	12.5	9.5	9.5
98	2	17.5	16.5	14.5	14.5	10.5	9.5	13.5	13.5	9.5	7.5
111	2	15.5	13.5	11.5	13.5	7.5	9.5	11.5	9.5	7.5	6.5
130	2	17.5	15.5	15.5	14.5	10.5	10.5	11.5	11.5	9.5	9.5
132	2	15.5	17.5	15.5	15.5	9.5	9.5	13.5	13.5	7.5	9.5
182	2	16.5	15.5	15.5	14.5	9.5	11.5	12.5	12.5	8.5	9.5
188	2	13.5	14.5	13.5	12.5	8.5	7.5	11.5	9.5	7.5	7.5
204	2	15.5	14.5	12.5	13.5	8.5	8.5	10.5	9.5	6.5	5.5
205	2	15.5	14.5	11.5	12.5	7.5	8.5	11.5	10.5	6.5	5.5
222	2	16.5	17.5	15.5	13.5	9.5	9.5	13.5	13.5	7.5	9.5
230	2	16.5	17.5	14.5	14.5	10.5	9.5	13.5	11.5	7.5	9.5
235	2	16.5	17.5	14.5	14.5	10.5	9.5	13.5	11.5	7.5	9.5
236	2	15.5	14.5	13.5	11.5	8.5	8.5	9.5	11.5	6.5	7.5
241	2	13.5	14.5	13.5	13.5	8.5	9.5	9.5	11.5	7.5	5.5
245	2	15.5	15.5	14.5	14.5	11.5	10.5	13.5	11.5	7.5	9.5
258	2	16.5	16.5	13.5	14.5	10.5	11.5	12.5	13.5	7.5	9.5
281	2	17.5	15.5	13.5	15.5	10.5	11.5	12.5	12.5	9.5	7.5
304	2	19.5	18.5	17.5	18.5	14.5	13.5	16.5	15.5	10.5	12.5
310	2	16.5	17.5	14.5	13.5	10.5	11.5	11.5	13.5	7.5	7.5
318	2	15.5	15.5	15.5	13.5	9.5	10.5	11.5	11.5	7.5	7.5
319	2	16.5	15.5	13.5	13.5	9.5	9.5	11.5	13.5	7.5	8.5
325	2	13.5	15.5	13.5	11.5	7.5	7.5	10.5	10.5	5.5	7.5
335	2	17.5	17.5	13.5	13.5	10.5	10.5	13.5	12.5	8.5	8.5
355	2	15.5	17.5	13.5	13.5	10.5	9.5	11.5	11.5	8.5	8.5
359	2	16.5	16.5	14.5	14.5	9.5	10.5	12.5	12.5	7.5	7.5
367	2	15.5	15.5	13.5	13.5	9.5	11.5	12.5	12.5	8.5	7.5
390	2	15.5	15.5	15.5	15.5	9.5	9.5	13.5	13.5	9.5	7.5
420	2	15.5	17.5	13.5	13.5	9.5	10.5	11.5	11.5	9.5	8.5
426	2	17.5	16.5	14.5	13.5	9.5	9.5	13.5	12.5	7.5	7.5
431	2	17.5	15.5	15.5	13.5	9.5	11.5	13.5	13.5	9.5	7.5
446	2	17.5	17.5	14.5	15.5	10.5	9.5	11.5	13.5	9.5	7.5
447	2	15.5	16.5	15.5	13.5	11.5	10.5	11.5	13.5	8.5	9.5
477	2	15.5	15.5	14.5	14.5	11.5	11.5	12.5	12.5	7.5	9.5
481	2	17.5	16.5	14.5	15.5	10.5	9.5	11.5	13.5	7.5	9.5
498	2	15.5	16.5	15.5	15.5	10.5	10.5	12.5	12.5	9.5	8.5
510	2	15.5	17.5	13.5	13.5	10.5	11.5	11.5	12.5	9.5	9.5
515	2	16.5	15.5	13.5	14.5	10.5	10.5	12.5	12.5	8.5	8.5
530	2	24.5	22.5	20.5	22.5	17.5	18.5	18.5	19.5	14.5	14.5
539	2	15.5	15.5	15.5	14.5	9.5	9.5	12.5	13.5	9.5	8.5
543	2	17.5	17.5	15.5	14.5	11.5	11.5	11.5	12.5	9.5	9.5
553	2	15.5	16.5	15.5	13.5	10.5	9.5	12.5	12.5	7.5	7.5
562	2	17.5	17.5	13.5	13.5	9.5	9.5	13.5	11.5	7.5	7.5
564	2	15.5	16.5	13.5	15.5	9.5	11.5	13.5	12.5	8.5	7.5
566	2	15.5	17.5	14.5	15.5	9.5	10.5	12.5	13.5	7.5	9.5
569	2	16.5	15.5	14.5	13.5	10.5	10.5	11.5	13.5	8.5	9.5
598	2	17.5	17.5	14.5	15.5	10.5	9.5	12.5	11.5	8.5	7.5
632	2	17.5	15.5	13.5	13.5	11.5	10.5	12.5	12.5	8.5	9.5
641	2	17.5	17.5	14.5	15.5	9.5	11.5	13.5	13.5	7.5	9.5
642	2	22.5	24.5	20.5	21.5	16.5	17.5	18.5	19.5	15.5	15.5
645	2	17.5	15.5	15.5	13.5	10.5	10.5	12.5	12.5	9.5	7.5
671	2	15.5	16.5	13.5	13.5	9.5	9.5	11.5	12.5	8.5	7.5
673	2	13.5	15.5	13.5	13.5	7.5	9.5	9.5	9.5	6.5	7.5
680	2	15.5	15.5	14.5	13.5	11.5	9.5	11.5	13.5	7.5	9.5
687	2	16.5	16.5	15.5	14.5	11.5	11.5	13.5	11.5	7.5	8.5
698	2	16.5	17.5	14.5	15.5	9.5	10.5	12.5	13.5	7.5	8.5
711	2	15.5	17.5	14.5	13.5	9.5	9.5	13.5	12.5	7.5	7.5
729	2	18.5	19.5	16.5	17.5	13.5	13.5	14.5	14.5	12.5	10.5
734	2	23.5	24.5	22.5	21.5	16.5	16.5	19.5	19.5	15.5	14.5
735	2	14.5	14.5	11.5	13.5	8.5	8.5	11.5	9.5	7.5	7.5
745	2	14.5	15.5	11.5	11.5	9.5	8.5	11.5	11.5	5.5	5.5
749	2	13.5	13.5	11.5	12.5	8.5	9.5	9.5	11.5	5.5	6.5
753	2	14.5	13.5	13.5	13.5	9.5	8.5	10.5	10.5	7.5	5.5
758	2	15.5	16.5	15.5	15.5	11.5	11.5	13.5	13.5	8.5	8.5
767	2	25.5	23.5	22.5	23.5	18.5	19.5	21.5	21.5	15.5	15.5
780	2	17.5	17.5	13.5	15.5	11.5	11.5	12.5	11.5	9.5	9.5
783	2	16.5	15.5	14.5	15.5	11.5	11.5	11.5	13.5	9.5	8.5
788	2	17.5	15.5	15.5	13.5	9.5	9.5	13.5	11.5	8.5	8.5
792	2	16.5	16.5	14.5	14.5	11.5	10.5	12.5	11.5	7.5	7.5
797	2	17.5	17.5	13.5	13.5	10.5	11.5	12.5	11.5	9.5	7.5
811	2	16.5	15.5	14.5	15.5	10.5	11.5	11.5	11.5	9.5	9.5
828	2	15.5	15.5	14.5	14.5	9.5	11.5	13.5	11.5	7.5	8.5
852	2	23.5	24.5	21.5	21.5	16.5	17.5	19.5	20.5	14.5	15.5
865	2	16.5	16.5	13.5	14.5	10.5	11.5	13.5	12.5	8.5	8.5
866	2	31.5	31.5	29.5	28.5	23.5	24.5	26.5	26.5	23.5	23.5
885	2	16.5	15.5	13.5	13.5	10.5	11.5	11.5	11.5	8.5	9.5
893	2	17.5	17.5	14.5	14.5	9.5	10.5	12.5	12.5	9.5	8.5
894	2	16.5	15.5	13.5	14.5	10.5	11.5	13.5	13.5	9.5	7.5
909	2	15.5	15.5	14.5	15.5	11.5	11.5	11.5	11.5	8.5	8.5
910	2	15.5	16.5	13.5	15.5	9.5	11.5	11.5	12.5	7.5	7.5
911	2	15.5	17.5	13.5	13.5	11.5	11.5	13.5	12.5	9.5	9.5
912	2	15.5	17.5	14.5	15.5	11.5	10.5	12.5	13.5	7.5	7.5
918	2	16.5	15.5	15.5	13.5	9.5	10.5	13.5	12.5	9.5	7.5
959	2	15.5	17.5	14.5	13.5	10.5	10.5	11.5	11.5	7.5	9.5
989	2	16.5	17.5	13.5	15.5	11.5	11.5	13.5	13.5	7.5	8.5
996	2	16.5	15.5	15.5	14.5	9.5	10.5	13.5	13.5	7.5	7.5
1000	2	15.5	16.5	13.5	13.5	10.5	11.5	11.5	11.5	7.5	7.5
1016	2	16.5	15.5	15.5	14.5	9.5	9.5	12.5	13.5	9.5	8.5
1019	2	17.5	16.5	14.5	13.5	10.5	11.5	13.5	12.5	8.5	7.5
1022	2	15.5	17.5	15.5	13.5	9.5	9.5	12.5	13.5	9.5	8.5
1027	2	16.5	15.5	15.5	15.5	10.5	10.5	11.5	12.5	8.5	9.5
1032	2	16.5	16.5	13.5	14.5	11.5	11.5	11.5	11.5	8.5	7.5
1033	2	15.5	15.5	15.5	13.5	10.5	11.5	13.5	12.5	7.5	8.5
1034	2	15.5	15.5	13.5	14.5	9.5	9.5	11.5	12.5	8.5	7.5
1035	2	17.5	16.5	15.5	14.5	9.5	9.5	13.5	13.5	9.5	9.5
1049	2	16.5	16.5	13.5	15.5	11.5	11.5	13.5	11.5	9.5	9.5
1060	2	17.5	17.5	15.5	13.5	11.5	10.5	12.5	12.5	8.5	9.5
1063	2	15.5	17.5	15.5	15.5	11.5	11.5	11.5	12.5	8.5	7.5
1076	2	15.5	17.5	15.5	13.5	10.5	11.5	13.5	12.5	9.5	9.5
1077	2	16.5	15.5	14.5	14.5	11.5	11.5	12.5	11.5	7.5	9.5
1098	2	22.5	24.5	21.5	20.5	16.5	18.5	20.5	19.5	16.5	15.5
1103	2	17.5	16.5	14.5	14.5	9.5	9.5	12.5	13.5	9.5	7.5
1105	2	17.5	16.5	13.5	13.5	9.5	9.5	13.5	12.5	9.5	9.5
1113	2	15.5	16.5	15.5	14.5	11.5	11.5	13.5	12.5	8.5	7.5
1127	2	29.5	29.5	27.5	27.5	25.5	24.5	26.5	26.5	21.5	21.5
1143	2	16.5	17.5	14.5	14.5	10.5	9.5	12.5	11.5	8.5	9.5
1146	2	15.5	16.5	13.5	15.5	10.5	9.5	11.5	12.5	9.5	9.5
1165	2	17.5	17.5	15.5	13.5	10.5	11.5	13.5	12.5	9.5	9.5
1166	2	17.5	17.5	13.5	14.5	10.5	11.5	11.5	12.5	8.5	8.5
1170	2	15.5	16.5	13.5	13.5	9.5	9.5	13.5	12.5	9.5	9.5
1178	2	16.5	17.5	15.5	13.5	9.5	10.5	13.5	13.5	7.5	7.5
1205	2	17.5	15.5	13.5	14.5	10.5	10.5	12.5	11.5	9.5	8.5
1224	2	17.5	15.5	15.5	13.5	11.5	11.5	12.5	11.5	9.5	8.5
1248	2	17.5	17.5	13.5	13.5	11.5	9.5	13.5	12.5	9.5	9.5
1267	2	13.5	13.5	13.5	13.5	9.5	8.5	11.5	9.5	6.5	7.5
1285	2	17.5	15.5	14.5	15.5	11.5	10.5	11.5	12.5	8.5	8.5
1292	2	15.5	17.5	15.5	14.5	10.5	9.5	12.5	13.5	7.5	8.5
1298	2	15.5	15.5	14.5	14.5	11.5	11.5	11.5	12.5	7.5	9.5
1303	2	22.5	22.5	22.5	22.5	18.5	17.5	20.5	19.5	14.5	14.5
1331	2	24.5	23.5	21.5	21.5	17.5	16.5	19.5	19.5	16.5	15.5
1333	2	16.5	16.5	14.5	13.5	10.5	11.5	13.5	11.5	8.5	7.5
1342	2	17.5	15.5	15.5	13.5	11.5	9.5	11.5	12.5	7.5	9.5
1345	2	17.5	17.5	13.5	15.5	10.5	9.5	13.5	13.5	9.5	7.5
1354	2	15.5	15.5	15.5	14.5	9.5	9.5	13.5	12.5	7.5	9.5
1358	2	15.5	16.5	13.5	15.5	9.5	10.5	11.5	12.5	7.5	7.5
1362	2	16.5	17.5	13.5	14.5	10.5	9.5	13.5	11.5	7.5	7.5
1372	2	16.5	17.5	15.5	14.5	10.5	10.5	12.5	11.5	8.5	7.5
1373	2	15.5	16.5	15.5	13.5	9.5	10.5	12.5	12.5	9.5	9.5
1405	2	17.5	15.5	14.5	15.5	9.5	10.5	12.5	13.5	9.5	7.5
1406	2	15.5	17.5	14.5	13.5	10.5	10.5	11.5	12.5	7.5	8.5
1418	2	15.5	17.5	15.5	14.5	11.5	11.5	11.5	11.5	9.5	7.5
1445	2	17.5	15.5	15.5	13.5	11.5	10.5	12.5	13.5	8.5	7.5
1460	2	15.5	17.5	15.5	13.5	11.5	10.5	13.5	13.5	7.5	9.5
1483	2	15.5	15.5	14.5	13.5	9.5	9.5	11.5	11.5	9.5	9.5
1505	2	16.5	15.5	15.5	14.5	9.5	9.5	12.5	11.5	9.5	7.5
1519	2	17.5	15.5	13.5	14.5	11.5	11.5	11.5	11.5	9.5	7.5
1521	2	17.5	15.5	13.5	15.5	10.5	9.5	11.5	12.5	7.5	7.5
1527	2	17.5	15.5	14.5	13.5	9.5	10.5	12.5	13.5	7.5	7.5
1528	2	15.5	16.5	14.5	13.5	11.5	11.5	13.5	12.5	8.5	9.5
1541	2	17.5	17.5	15.5	13.5	11.5	11.5	11.5	12.5	7.5	7.5
1543	2	16.5	17.5	13.5	15.5	10.5	10.5	11.5	11.5	9.5	7.5
1547	2	16.5	17.5	13.5	14.5	10.5	9.5	11.5	12.5	9.5	8.5
1569	2	43.5	43.5	42.5	43.5	37.5	39.5	39.5	39.5	37.5	37.5
1578	2	15.5	16.5	14.5	15.5	9.5	11.5	12.5	13.5	8.5	7.5
1584	2	15.5	16.5	14.5	14.5	11.5	10.5	11.5	12.5	8.5	7.5
1599	2	15.5	17.5	15.5	15.5	10.5	10.5	13.5	12.5	8.5	9.5
1600	2	16.5	17.5	15.5	15.5	9.5	10.5	11.5	12.5	7.5	9.5
1664	2	16.5	17.5	14.5	14.5	10.5	11.5	11.5	13.5	9.5	7.5
1674	2	16.5	17.5	13.5	13.5	11.5	9.5	12.5	12.5	8.5	8.5
1675	2	16.5	16.5	14.5	13.5	11.5	11.5	12.5	13.5	7.5	8.5
1695	2	17.5	16.5	15.5	13.5	11.5	9.5	13.5	12.5	8.5	7.5
1716	2	24.5	23.5	20.5	20.5	17.5	17.5	20.5	20.5	14.5	15.5
1723	2	16.5	15.5	14.5	15.5	11.5	11.5	13.5	11.5	7.5	9.5
1728	2	30.5	31.5	29.5	29.5	25.5	25.5	27.5	27.5	21.5	21.5
1729	2	15.5	15.5	14.5	13.5	9.5	11.5	12.5	11.5	8.5	9.5
1731	2	16.5	15.5	13.5	13.5	10.5	9.5	12.5	11.5	7.5	7.5
1737	2	15.5	15.5	15.5	14.5	10.5	11.5	12.5	13.5	9.5	7.5
1744	2	16.5	17.5	14.5	15.5	11.5	11.5	13.5	12.5	9.5	7.5
1751	2	16.5	16.5	14.5	13.5	11.5	11.5	12.5	13.5	8.5	7.5
1758	2	15.5	16.5	13.5	14.5	10.5	9.5	13.5	12.5	9.5	7.5
1772	2	15.5	16.5	14.5	13.5	9.5	11.5	12.5	13.5	9.5	8.5
1775	2	15.5	17.5	14.5	13.5	11.5	11.5	11.5	11.5	7.5	9.5
1783	2	16.5	17.5	14.5	14.5	11.5	10.5	11.5	12.5	9.5	8.5
1797	2	17.5	17.5	15.5	15.5	11.5	9.5	13.5	11.5	8.5	7.5
1801	2	16.5	17.5	13.5	14.5	11.5	9.5	13.5	12.5	8.5	7.5
1810	2	15.5	15.5	13.5	15.5	10.5	9.5	13.5	12.5	7.5	7.5
1811	2	16.5	16.5	15.5	13.5	11.5	10.5	11.5	11.5	7.5	7.5
1814	2	17.5	15.5	14.5	15.5	11.5	10.5	11.5	13.5	7.5	9.5
1815	2	17.5	16.5	15.5	14.5	10.5	11.5	12.5	13.5	9.5	8.5
1821	2	16.5	15.5	13.5	14.5	11.5	10.5	12.5	13.5	7.5	7.5
14	3	18	17	16	14	11	12	14	14	8	8
15	3	16	17	14	15	11	11	13	12	9	9
19	3	16	16	15	15	12	11	13	14	10	8
30	3	17	18	14	14	12	11	14	12	10	10
36	3	17	17	15	15	12	11	14	12	10	8
44	3	19	21	17	18	14	14	15	17	13	13
52	3	14	14	12	13	8	9	10	11	7	7
66	3	15	14	14	12	9	10	10	12	6	6
70	3	17	16	16	14	11	10	14	14	9	9
80	3	16	18	15	16	10	12	12	13	10	10
98	3	18	17	15	15	11	10	14	14	10	8
111	3	16	14	12	14	8	10	12	10	8	7
130	3	18	16	16	15	11	11	12	12	10	10
132	3	16	18	16	16	10	10	14	14	8	10
182	3	17	16	16	15	10	12	13	13	9	10
188	3	14	15	14	13	9	8	12	10	8	8
204	3	16	15	13	14	9	9	11	10	7	6
205	3	16	15	12	13	8	9	12	11	7	6
222	3	17	18	16	14	10	10	14	14	8	10
230	3	17	18	15	15	11	10	14	12	8	10
235	3	17	18	15	15	11	10	14	12	8	10
236	3	16	15	14	12	9	9	10	12	7	8
241	3	14	15	14	14	9	10	10	12	8	6
245	3	16	16	15	15	12	11	14	12	8	10
258	3	17	17	14	15	11	12	13	14	8	10
281	3	18	16	14	16	11	12	13	13	10	8
304	3	20	19	18	19	15	14	17	16	11	13
310	3	17	18	15	14	11	12	12	14	8	8
318	3	16	16	16	14	10	11	12	12	8	8
319	3	17	16	14	14	10	10	12	14	8	9
325	3	14	16	14	12	8	8	11	11	6	8
335	3	18	18	14	14	11	11	14	13	9	9
355	3	16	18	14	14	11	10	12	12	9	9
359	3	17	17	15	15	10	11	13	13	8	8
367	3	16	16	14	14	10	12	13	13	9	8
390	3	16	16	16	16	10	10	14	14	10	8
420	3	16	18	14	14	10	11	12	12	10	9
426	3	18	17	15	14	10	10	14	13	8	8
431	3	18	16	16	14	10	12	14	14	10	8
446	3	18	18	15	16	11	10	12	14	10	8
447	3	16	17	16	14	12	11	12	14	9	10
477	3	16	16	15	15	12	12	13	13	8	10
481	3	18	17	15	16	11	10	12	14	8	10
498	3	16	17	16	16	11	11	13	13	10	9
510	3	16	18	14	14	11	12	12	13	10	10
515	3	17	16	14	15	11	11	13	13	9	9
530	3	25	23	21	23	18	19	19	20	15	15
539	3	16	16	16	15	10	10	13	14	10	9
543	3	18	18	16	15	12	12	12	13	10	10
553	3	16	17	16	14	11	10	13	13	8	8
562	3	18	18	14	14	10	10	14	12	8	8
564	3	16	17	14	16	10	12	14	13	9	8
566	3	16	18	15	16	10	11	13	14	8	10
569	3	17	16	15	14	11	11	12	14	9	10
598	3	18	18	15	16	11	10	13	12	9	8
632	3	18	16	14	14	12	11	13	13	9	10
641	3	18	18	15	16	10	12	14	14	8	10
642	3	23	25	21	22	17	18	19	20	16	16
645	3	18	16	16	14	11	11	13	13	10	8
671	3	16	17	14	14	10	10	12	13	9	8
673	3	14	16	14	14	8	10	10	10	7	8
680	3	16	16	15	14	12	10	12	14	8	10
687	3	17	17	16	15	12	12	14	12	8	9
698	3	17	18	15	16	10	11	13	14	8	9
711	3	16	18	15	14	10	10	14	13	8	8
729	3	19	20	17	18	14	14	15	15	13	11
734	3	24	25	23	22	17	17	20	20	16	15
735	3	15	15	12	14	9	9	12	10	8	8
745	3	15	16	12	12	10	9	12	12	6	6
749	3	14	14	12	13	9	10	10	12	6	7
753	3	15	14	14	14	10	9	11	11	8	6
758	3	16	17	16	16	12	12	14	14	9	9
767	3	26	24	23	24	19	20	22	22	16	16
780	3	18	18	14	16	12	12	13	12	10	10
783	3	17	16	15	16	12	12	12	14	10	9
788	3	18	16	16	14	10	10	14	12	9	9
792	3	17	17	15	15	12	11	13	12	8	8
797	3	18	18	14	14	11	12	13	12	10	8
811	3	17	16	15	16	11	12	12	12	10	10
828	3	16	16	15	15	10	12	14	12	8	9
852	3	24	25	22	22	17	18	20	21	15	16
865	3	17	17	14	15	11	12	14	13	9	9
866	3	32	32	30	29	24	25	27	27	24	24
885	3	17	16	14	14	11	12	12	12	9	10
893	3	18	18	15	15	10	11	13	13	10	9
894	3	17	16	14	15	11	12	14	14	10	8
909	3	16	16	15	16	12	12	12	12	9	9
910	3	16	17	14	16	10	12	12	13	8	8
911	3	16	18	14	14	12	12	14	13	10	10
912	3	16	18	15	16	12	11	13	14	8	8
918	3	17	16	16	14	10	11	14	13	10	8
959	3	16	18	15	14	11	11	12	12	8	10
989	3	17	18	14	16	12	12	14	14	8	9
996	3	17	16	16	15	10	11	14	14	8	8
1000	3	16	17	14	14	11	12	12	12	8	8
1016	3	17	16	16	15	10	10	13	14	10	9
1019	3	18	17	15	14	11	12	14	13	9	8
1022	3	16	18	16	14	10	10	13	14	10	9
1027	3	17	16	16	16	11	11	12	13	9	10
1032	3	17	17	14	15	12	12	12	12	9	8
1033	3	16	16	16	14	11	12	14	13	8	9
1034	3	16	16	14	15	10	10	12	13	9	8
1035	3	18	17	16	15	10	10	14	14	10	10
1049	3	17	17	14	16	12	12	14	12	10	10
1060	3	18	18	16	14	12	11	13	13	9	10
1063	3	16	18	16	16	12	12	12	13	9	8
1076	3	16	18	16	14	11	12	14	13	10	10
1077	3	17	16	15	15	12	12	13	12	8	10
1098	3	23	25	22	21	17	19	21	20	17	16
1103	3	18	17	15	15	10	10	13	14	10	8
1105	3	18	17	14	14	10	10	14	13	10	10
1113	3	16	17	16	15	12	12	14	13	9	8
1127	3	30	30	28	28	26	25	27	27	22	22
1143	3	17	18	15	15	11	10	13	12	9	10
1146	3	16	17	14	16	11	10	12	13	10	10
1165	3	18	18	16	14	11	12	14	13	10	10
1166	3	18	18	14	15	11	12	12	13	9	9
1170	3	16	17	14	14	10	10	14	13	10	10
1178	3	17	18	16	14	10	11	14	14	8	8
1205	3	18	16	14	15	11	11	13	12	10	9
1224	3	18	16	16	14	12	12	13	12	10	9
1248	3	18	18	14	14	12	10	14	13	10	10
1267	3	14	14	14	14	10	9	12	10	7	8
1285	3	18	16	15	16	12	11	12	13	9	9
1292	3	16	18	16	15	11	10	13	14	8	9
1298	3	16	16	15	15	12	12	12	13	8	10
1303	3	23	23	23	23	19	18	21	20	15	15
1331	3	25	24	22	22	18	17	20	20	17	16
1333	3	17	17	15	14	11	12	14	12	9	8
1342	3	18	16	16	14	12	10	12	13	8	10
1345	3	18	18	14	16	11	10	14	14	10	8
1354	3	16	16	16	15	10	10	14	13	8	10
1358	3	16	17	14	16	10	11	12	13	8	8
1362	3	17	18	14	15	11	10	14	12	8	8
1372	3	17	18	16	15	11	11	13	12	9	8
1373	3	16	17	16	14	10	11	13	13	10	10
1405	3	18	16	15	16	10	11	13	14	10	8
1406	3	16	18	15	14	11	11	12	13	8	9
1418	3	16	18	16	15	12	12	12	12	10	8
1445	3	18	16	16	14	12	11	13	14	9	8
1460	3	16	18	16	14	12	11	14	14	8	10
1483	3	16	16	15	14	10	10	12	12	10	10
1505	3	17	16	16	15	10	10	13	12	10	8
1519	3	18	16	14	15	12	12	12	12	10	8
1521	3	18	16	14	16	11	10	12	13	8	8
1527	3	18	16	15	14	10	11	13	14	8	8
1528	3	16	17	15	14	12	12	14	13	9	10
1541	3	18	18	16	14	12	12	12	13	8	8
1543	3	17	18	14	16	11	11	12	12	10	8
1547	3	17	18	14	15	11	10	12	13	10	9
1569	3	44	44	43	44	38	40	40	40	38	38
1578	3	16	17	15	16	10	12	13	14	9	8
1584	3	16	17	15	15	12	11	12	13	9	8
1599	3	16	18	16	16	11	11	14	13	9	10
1600	3	17	18	16	16	10	11	12	13	8	10
1664	3	17	18	15	15	11	12	12	14	10	8
1674	3	17	18	14	14	12	10	13	13	9	9
1675	3	17	17	15	14	12	12	13	14	8	9
1695	3	18	17	16	14	12	10	14	13	9	8
1716	3	25	24	21	21	18	18	21	21	15	16
1723	3	17	16	15	16	12	12	14	12	8	10
1728	3	31	32	30	30	26	26	28	28	22	22
1729	3	16	16	15	14	10	12	13	12	9	10
1731	3	17	16	14	14	11	10	13	12	8	8
1737	3	16	16	16	15	11	12	13	14	10	8
1744	3	17	18	15	16	12	12	14	13	10	8
1751	3	17	17	15	14	12	12	13	14	9	8
1758	3	16	17	14	15	11	10	14	13	10	8
1772	3	16	17	15	14	10	12	13	14	10	9
1775	3	16	18	15	14	12	12	12	12	8	10
1783	3	17	18	15	15	12	11	12	13	10	9
1797	3	18	18	16	16	12	10	14	12	9	8
1801	3	17	18	14	15	12	10	14	13	9	8
1810	3	16	16	14	16	11	10	14	13	8	8
1811	3	17	17	16	14	12	11	12	12	8	8
1814	3	18	16	15	16	12	11	12	14	8	10
1815	3	18	17	16	15	11	12	13	14	10	9
1821	3	17	16	14	15	12	11	13	14	8	8
14	4	18.5	17.5	16.5	14.5	11.5	12.5	14.5	14.5	8.5	8.5
15	4	16.5	17.5	14.5	15.5	11.5	11.5	13.5	12.5	9.5	9.5
19	4	16.5	16.5	15.5	15.5	12.5	11.5	13.5	14.5	10.5	8.5
30	4	17.5	18.5	14.5	14.5	12.5	11.5	14.5	12.5	10.5	10.5
36	4	17.5	17.5	15.5	15.5	12.5	11.5	14.5	12.5	10.5	8.5
44	4	19.5	21.5	17.5	18.5	14.5	14.5	15.5	17.5	13.5	13.5
52	4	14.5	14.5	12.5	13.5	8.5	9.5	10.5	11.5	7.5	7.5
66	4	15.5	14.5	14.5	12.5	9.5	10.5	10.5	12.5	6.5	6.5
70	4	17.5	16.5	16.5	14.5	11.5	10.5	14.5	14.5	9.5	9.5
80	4	16.5	18.5	15.5	16.5	10.5	12.5	12.5	13.5	10.5	10.5
98	4	18.5	17.5	15.5	15.5	11.5	10.5	14.5	14.5	10.5	8.5
111	4	16.5	14.5	12.5	14.5	8.5	10.5	12.5	10.5	8.5	7.5
130	4	18.5	16.5	16.5	15.5	11.5	11.5	12.5	12.5	10.5	10.5
132	4	16.5	18.5	16.5	16.5	10.5	10.5	14.5	14.5	8.5	10.5
182	4	17.5	16.5	16.5	15.5	10.5	12.5	13.5	13.5	9.5	10.5
188	4	14.5	15.5	14.5	13.5	9.5	8.5	12.5	10.5	8.5	8.5
204	4	16.5	15.5	13.5	14.5	9.5	9.5	11.5	10.5	7.5	6.5
205	4	16.5	15.5	12.5	13.5	8.5	9.5	12.5	11.5	7.5	6.5
222	4	17.5	18.5	16.5	14.5	10.5	10.5	14.5	14.5	8.5	10.5
230	4	17.5	18.5	15.5	15.5	11.5	10.5	14.5	12.5	8.5	10.5
235	4	17.5	18.5	15.5	15.5	11.5	10.5	14.5	12.5	8.5	10.5
236	4	16.5	15.5	14.5	12.5	9.5	9.5	10.5	12.5	7.5	8.5
241	4	14.5	15.5	14.5	14.5	9.5	10.5	10.5	12.5	8.5	6.5
245	4	16.5	16.5	15.5	15.5	12.5	11.5	14.5	12.5	8.5	10.5
258	4	17.5	17.5	14.5	15.5	11.5	12.5	13.5	14.5	8.5	10.5
281	4	18.5	16.5	14.5	16.5	11.5	12.5	13.5	13.5	10.5	8.5
304	4	20.5	19.5	18.5	19.5	15.5	14.5	17.5	16.5	11.5	13.5
310	4	17.5	18.5	15.5	14.5	11.5	12.5	12.5	14.5	8.5	8.5
318	4	16.5	16.5	16.5	14.5	10.5	11.5	12.5	12.5	8.5	8.5
319	4	17.5	16.5	14.5	14.5	10.5	10.5	12.5	14.5	8.5	9.5
325	4	14.5	16.5	14.5	12.5	8.5	8.5	11.5	11.5	6.5	8.5
335	4	18.5	18.5	14.5	14.5	11.5	11.5	14.5	13.5	9.5	9.5
355	4	16.5	18.5	14.5	14.5	11.5	10.5	12.5	12.5	9.5	9.5
359	4	17.5	17.5	15.5	15.5	10.5	11.5	13.5	13.5	8.5	8.5
367	4	16.5	16.5	14.5	14.5	10.5	12.5	13.5	13.5	9.5	8.5
390	4	16.5	16.5	16.5	16.5	10.5	10.5	14.5	14.5	10.5	8.5
420	4	16.5	18.5	14.5	14.5	10.5	11.5	12.5	12.5	10.5	9.5
426	4	18.5	17.5	15.5	14.5	10.5	10.5	14.5	13.5	8.5	8.5
431	4	18.5	16.5	16.5	14.5	10.5	12.5	14.5	14.5	10.5	8.5
446	4	18.5	18.5	15.5	16.5	11.5	10.5	12.5	14.5	10.5	8.5
447	4	16.5	17.5	16.5	14.5	12.5	11.5	12.5	14.5	9.5	10.5
477	4	16.5	16.5	15.5	15.5	12.5	12.5	13.5	13.5	8.5	10.5
481	4	18.5	17.5	15.5	16.5	11.5	10.5	12.5	14.5	8.5	10.5
498	4	16.5	17.5	16.5	16.5	11.5	11.5	13.5	13.5	10.5	9.5
510	4	16.5	18.5	14.5	14.5	11.5	12.5	12.5	13.5	10.5	10.5
515	4	17.5	16.5	14.5	15.5	11.5	11.5	13.5	13.5	9.5	9.5
530	4	25.5	23.5	21.5	23.5	18.5	19.5	19.5	20.5	15.5	15.5
539	4	16.5	16.5	16.5	15.5	10.5	10.5	13.5	14.5	10.5	9.5
543	4	18.5	18.5	16.5	15.5	12.5	12.5	12.5	13.5	10.5	10.5
553	4	16.5	17.5	16.5	14.5	11.5	10.5	13.5	13.5	8.5	8.5
562	4	18.5	18.5	14.5	14.5	10.5	10.5	14.5	12.5	8.5	8.5
564	4	16.5	17.5	14.5	16.5	10.5	12.5	14.5	13.5	9.5	8.5
566	4	16.5	18.5	15.5	16.5	10.5	11.5	13.5	14.5	8.5	10.5
569	4	17.5	16.5	15.5	14.5	11.5	11.5	12.5	14.5	9.5	10.5
598	4	18.5	18.5	15.5	16.5	11.5	10.5	13.5	12.5	9.5	8.5
632	4	18.5	16.5	14.5	14.5	12.5	11.5	13.5	13.5	9.5	10.5
641	4	18.5	18.5	15.5	16.5	10.5	12.5	14.5	14.5	8.5	10.5
642	4	23.5	25.5	21.5	22.5	17.5	18.5	19.5	20.5	16.5	16.5
645	4	18.5	16.5	16.5	14.5	11.5	11.5	13.5	13.5	10.5	8.5
671	4	16.5	17.5	14.5	14.5	10.5	10.5	12.5	13.5	9.5	8.5
673	4	14.5	16.5	14.5	14.5	8.5	10.5	10.5	10.5	7.5	8.5
680	4	16.5	16.5	15.5	14.5	12.5	10.5	12.5	14.5	8.5	10.5
687	4	17.5	17.5	16.5	15.5	12.5	12.5	14.5	12.5	8.5	9.5
698	4	17.5	18.5	15.5	16.5	10.5	11.5	13.5	14.5	8.5	9.5
711	4	16.5	18.5	15.5	14.5	10.5	10.5	14.5	13.5	8.5	8.5
729	4	19.5	20.5	17.5	18.5	14.5	14.5	15.5	15.5	13.5	11.5
734	4	24.5	25.5	23.5	22.5	17.5	17.5	20.5	20.5	16.5	15.5
735	4	15.5	15.5	12.5	14.5	9.5	9.5	12.5	10.5	8.5	8.5
745	4	15.5	16.5	12.5	12.5	10.5	9.5	12.5	12.5	6.5	6.5
749	4	14.5	14.5	12.5	13.5	9.5	10.5	10.5	12.5	6.5	7.5
753	4	15.5	14.5	14.5	14.5	10.5	9.5	11.5	11.5	8.5	6.5
758	4	16.5	17.5	16.5	16.5	12.5	12.5	14.5	14.5	9.5	9.5
767	4	26.5	24.5	23.5	24.5	19.5	20.5	22.5	22.5	16.5	16.5
780	4	18.5	18.5	14.5	16.5	12.5	12.5	13.5	12.5	10.5	10.5
783	4	17.5	16.5	15.5	16.5	12.5	12.5	12.5	14.5	10.5	9.5
788	4	18.5	16.5	16.5	14.5	10.5	10.5	14.5	12.5	9.5	9.5
792	4	17.5	17.5	15.5	15.5	12.5	11.5	13.5	12.5	8.5	8.5
797	4	18.5	18.5	14.5	14.5	11.5	12.5	13.5	12.5	10.5	8.5
811	4	17.5	16.5	15.5	16.5	11.5	12.5	12.5	12.5	10.5	10.5
828	4	16.5	16.5	15.5	15.5	10.5	12.5	14.5	12.5	8.5	9.5
852	4	24.5	25.5	22.5	22.5	17.5	18.5	20.5	21.5	15.5	16.5
865	4	17.5	17.5	14.5	15.5	11.5	12.5	14.5	13.5	9.5	9.5
866	4	32.5	32.5	30.5	29.5	24.5	25.5	27.5	27.5	24.5	24.5
885	4	17.5	16.5	14.5	14.5	11.5	12.5	12.5	12.5	9.5	10.5
893	4	18.5	18.5	15.5	15.5	10.5	11.5	13.5	13.5	10.5	9.5
894	4	17.5	16.5	14.5	15.5	11.5	12.5	14.5	14.5	10.5	8.5
909	4	16.5	16.5	15.5	16.5	12.5	12.5	12.5	12.5	9.5	9.5
910	4	16.5	17.5	14.5	16.5	10.5	12.5	12.5	13.5	8.5	8.5
911	4	16.5	18.5	14.5	14.5	12.5	12.5	14.5	13.5	10.5	10.5
912	4	16.5	18.5	15.5	16.5	12.5	11.5	13.5	14.5	8.5	8.5
918	4	17.5	16.5	16.5	14.5	10.5	11.5	14.5	13.5	10.5	8.5
959	4	16.5	18.5	15.5	14.5	11.5	11.5	12.5	12.5	8.5	10.5
989	4	17.5	18.5	14.5	16.5	12.5	12.5	14.5	14.5	8.5	9.5
996	4	17.5	16.5	16.5	15.5	10.5	11.5	14.5	14.5	8.5	8.5
1000	4	16.5	17.5	14.5	14.5	11.5	12.5	12.5	12.5	8.5	8.5
1016	4	17.5	16.5	16.5	15.5	10.5	10.5	13.5	14.5	10.5	9.5
1019	4	18.5	17.5	15.5	14.5	11.5	12.5	14.5	13.5	9.5	8.5
1022	4	16.5	18.5	16.5	14.5	10.5	10.5	13.5	14.5	10.5	9.5
1027	4	17.5	16.5	16.5	16.5	11.5	11.5	12.5	13.5	9.5	10.5
1032	4	17.5	17.5	14.5	15.5	12.5	12.5	12.5	12.5	9.5	8.5
1033	4	16.5	16.5	16.5	14.5	11.5	12.5	14.5	13.5	8.5	9.5
1034	4	16.5	16.5	14.5	15.5	10.5	10.5	12.5	13.5	9.5	8.5
1035	4	18.5	17.5	16.5	15.5	10.5	10.5	14.5	14.5	10.5	10.5
1049	4	17.5	17.5	14.5	16.5	12.5	12.5	14.5	12.5	10.5	10.5
1060	4	18.5	18.5	16.5	14.5	12.5	11.5	13.5	13.5	9.5	10.5
1063	4	16.5	18.5	16.5	16.5	12.5	12.5	12.5	13.5	9.5	8.5
1076	4	16.5	18.5	16.5	14.5	11.5	12.5	14.5	13.5	10.5	10.5
1077	4	17.5	16.5	15.5	15.5	12.5	12.5	13.5	12.5	8.5	10.5
1098	4	23.5	25.5	22.5	21.5	17.5	19.5	21.5	20.5	17.5	16.5
1103	4	18.5	17.5	15.5	15.5	10.5	10.5	13.5	14.5	10.5	8.5
1105	4	18.5	17.5	14.5	14.5	10.5	10.5	14.5	13.5	10.5	10.5
1113	4	16.5	17.5	16.5	15.5	12.5	12.5	14.5	13.5	9.5	8.5
1127	4	30.5	30.5	28.5	28.5	26.5	25.5	27.5	27.5	22.5	22.5
1143	4	17.5	18.5	15.5	15.5	11.5	10.5	13.5	12.5	9.5	10.5
1146	4	16.5	17.5	14.5	16.5	11.5	10.5	12.5	13.5	10.5	10.5
1165	4	18.5	18.5	16.5	14.5	11.5	12.5	14.5	13.5	10.5	10.5
1166	4	18.5	18.5	14.5	15.5	11.5	12.5	12.5	13.5	9.5	9.5
1170	4	16.5	17.5	14.5	14.5	10.5	10.5	14.5	13.5	10.5	10.5
1178	4	17.5	18.5	16.5	14.5	10.5	11.5	14.5	14.5	8.5	8.5
1205	4	18.5	16.5	14.5	15.5	11.5	11.5	13.5	12.5	10.5	9.5
1224	4	18.5	16.5	16.5	14.5	12.5	12.5	13.5	12.5	10.5	9.5
1248	4	18.5	18.5	14.5	14.5	12.5	10.5	14.5	13.5	10.5	10.5
1267	4	14.5	14.5	14.5	14.5	10.5	9.5	12.5	10.5	7.5	8.5
1285	4	18.5	16.5	15.5	16.5	12.5	11.5	12.5	13.5	9.5	9.5
1292	4	16.5	18.5	16.5	15.5	11.5	10.5	13.5	14.5	8.5	9.5
1298	4	16.5	16.5	15.5	15.5	12.5	12.5	12.5	13.5	8.5	10.5
1303	4	23.5	23.5	23.5	23.5	19.5	18.5	21.5	20.5	15.5	15.5
1331	4	25.5	24.5	22.5	22.5	18.5	17.5	20.5	20.5	17.5	16.5
1333	4	17.5	17.5	15.5	14.5	11.5	12.5	14.5	12.5	9.5	8.5
1342	4	18.5	16.5	16.5	14.5	12.5	10.5	12.5	13.5	8.5	10.5
1345	4	18.5	18.5	14.5	16.5	11.5	10.5	14.5	14.5	10.5	8.5
1354	4	16.5	16.5	16.5	15.5	10.5	10.5	14.5	13.5	8.5	10.5
1358	4	16.5	17.5	14.5	16.5	10.5	11.5	12.5	13.5	8.5	8.5
1362	4	17.5	18.5	14.5	15.5	11.5	10.5	14.5	12.5	8.5	8.5
1372	4	17.5	18.5	16.5	15.5	11.5	11.5	13.5	12.5	9.5	8.5
1373	4	16.5	17.5	16.5	14.5	10.5	11.5	13.5	13.5	10.5	10.5
1405	4	18.5	16.5	15.5	16.5	10.5	11.5	13.5	14.5	10.5	8.5
1406	4	16.5	18.5	15.5	14.5	11.5	11.5	12.5	13.5	8.5	9.5
1418	4	16.5	18.5	16.5	15.5	12.5	12.5	12.5	12.5	10.5	8.5
1445	4	18.5	16.5	16.5	14.5	12.5	11.5	13.5	14.5	9.5	8.5
1460	4	16.5	18.5	16.5	14.5	12.5	11.5	14.5	14.5	8.5	10.5
1483	4	16.5	16.5	15.5	14.5	10.5	10.5	12.5	12.5	10.5	10.5
1505	4	17.5	16.5	16.5	15.5	10.5	10.5	13.5	12.5	10.5	8.5
1519	4	18.5	16.5	14.5	15.5	12.5	12.5	12.5	12.5	10.5	8.5
1521	4	18.5	16.5	14.5	16.5	11.5	10.5	12.5	13.5	8.5	8.5
1527	4	18.5	16.5	15.5	14.5	10.5	11.5	13.5	14.5	8.5	8.5
1528	4	16.5	17.5	15.5	14.5	12.5	12.5	14.5	13.5	9.5	10.5
1541	4	18.5	18.5	16.5	14.5	12.5	12.5	12.5	13.5	8.5	8.5
1543	4	17.5	18.5	14.5	16.5	11.5	11.5	12.5	12.5	10.5	8.5
1547	4	17.5	18.5	14.5	15.5	11.5	10.5	12.5	13.5	10.5	9.5
1569	4	44.5	44.5	43.5	44.5	38.5	40.5	40.5	40.5	38.5	38.5
1578	4	16.5	17.5	15.5	16.5	10.5	12.5	13.5	14.5	9.5	8.5
1584	4	16.5	17.5	15.5	15.5	12.5	11.5	12.5	13.5	9.5	8.5
1599	4	16.5	18.5	16.5	16.5	11.5	11.5	14.5	13.5	9.5	10.5
1600	4	17.5	18.5	16.5	16.5	10.5	11.5	12.5	13.5	8.5	10.5
1664	4	17.5	18.5	15.5	15.5	11.5	12.5	12.5	14.5	10.5	8.5
1674	4	17.5	18.5	14.5	14.5	12.5	10.5	13.5	13.5	9.5	9.5
1675	4	17.5	17.5	15.5	14.5	12.5	12.5	13.5	14.5	8.5	9.5
1695	4	18.5	17.5	16.5	14.5	12.5	10.5	14.5	13.5	9.5	8.5
1716	4	25.5	24.5	21.5	21.5	18.5	18.5	21.5	21.5	15.5	16.5
1723	4	17.5	16.5	15.5	16.5	12.5	12.5	14.5	12.5	8.5	10.5
1728	4	31.5	32.5	30.5	30.5	26.5	26.5	28.5	28.5	22.5	22.5
1729	4	16.5	16.5	15.5	14.5	10.5	12.5	13.5	12.5	9.5	10.5
1731	4	17.5	16.5	14.5	14.5	11.5	10.5	13.5	12.5	8.5	8.5
1737	4	16.5	16.5	16.5	15.5	11.5	12.5	13.5	14.5	10.5	8.5
1744	4	17.5	18.5	15.5	16.5	12.5	12.5	14.5	13.5	10.5	8.5
1751	4	17.5	17.5	15.5	14.5	12.5	12.5	13.5	14.5	9.5	8.5
1758	4	16.5	17.5	14.5	15.5	11.5	10.5	14.5	13.5	10.5	8.5
1772	4	16.5	17.5	15.5	14.5	10.5	12.5	13.5	14.5	10.5	9.5
1775	4	16.5	18.5	15.5	14.5	12.5	12.5	12.5	12.5	8.5	10.5
1783	4	17.5	18.5	15.5	15.5	12.5	11.5	12.5	13.5	10.5	9.5
1797	4	18.5	18.5	16.5	16.5	12.5	10.5	14.5	12.5	9.5	8.5
1801	4	17.5	18.5	14.5	15.5	12.5	10.5	14.5	13.5	9.5	8.5
1810	4	16.5	16.5	14.5	16.5	11.5	10.5	14.5	13.5	8.5	8.5
1811	4	17.5	17.5	16.5	14.5	12.5	11.5	12.5	12.5	8.5	8.5
1814	4	18.5	16.5	15.5	16.5	12.5	11.5	12.5	14.5	8.5	10.5
1815	4	18.5	17.5	16.5	15.5	11.5	12.5	13.5	14.5	10.5	9.5
1821	4	17.5	16.5	14.5	15.5	12.5	11.5	13.5	14.5	8.5	8.5
14	5	20	20	17	16	12	14	14	14	10	12
15	5	18	19	17	18	12	14	16	16	11	12
19	5	19	18	17	16	12	12	16	16	11	10
30	5	18	19	18	17	12	14	14	15	10	10
36	5	19	19	18	17	14	13	14	14	11	11
44	5	24	24	22	22	19	18	21	21	18	17
52	5	17	17	15	16	10	10	14	12	9	10
66	5	17	18	14	14	10	10	12	12	10	8
70	5	19	20	18	16	13	12	15	15	10	11
80	5	18	18	17	16	13	14	16	14	10	11
98	5	19	19	18	18	12	12	14	14	11	12
111	5	18	16	16	14	11	10	14	14	10	9
130	5	18	19	17	18	14	14	14	15	10	10
132	5	19	18	16	16	14	12	15	16	10	10
182	5	20	20	17	18	12	12	14	14	10	10
188	5	18	16	15	14	12	11	13	14	10	10
204	5	16	16	15	16	10	11	12	12	10	9
205	5	18	17	15	14	11	10	12	13	9	9
222	5	19	19	17	16	12	14	15	16	11	12
230	5	18	19	16	17	13	12	15	15	12	11
235	5	18	19	16	17	13	12	15	15	12	11
236	5	18	17	16	16	10	11	12	12	10	10
241	5	18	18	16	14	10	11	14	12	9	9
245	5	19	19	17	16	14	14	16	14	11	12
258	5	20	19	18	17	14	14	14	16	12	10
281	5	18	20	16	16	14	13	16	15	11	10
304	5	26	26	23	23	20	19	20	21	17	17
310	5	20	18	16	16	13	13	16	14	12	12
318	5	18	19	17	16	12	14	15	15	12	10
319	5	19	19	17	17	12	13	16	16	11	10
325	5	18	16	15	14	12	10	13	14	10	10
335	5	18	19	18	17	14	14	14	15	11	12
355	5	19	19	18	18	13	13	14	15	12	12
359	5	19	18	18	18	12	13	14	14	10	12
367	5	20	19	17	16	13	14	16	16	12	10
390	5	19	20	18	18	12	12	14	15	10	11
420	5	20	20	17	17	13	12	16	14	11	11
426	5	20	19	17	18	12	13	16	16	12	10
431	5	20	18	18	17	13	12	16	15	11	11
446	5	20	20	16	18	13	14	15	16	12	12
447	5	20	20	16	18	12	14	16	16	12	12
477	5	19	19	18	17	14	12	16	16	11	11
481	5	20	18	17	16	13	12	14	15	12	12
498	5	18	19	18	18	13	13	16	16	11	12
510	5	18	20	16	17	13	13	15	16	11	10
515	5	18	18	18	18	13	14	16	15	11	10
530	5	28	29	27	26	23	23	26	26	20	20
539	5	18	18	18	18	14	14	14	16	10	10
543	5	18	18	18	18	13	14	15	15	12	12
553	5	18	20	17	18	12	12	15	15	12	10
562	5	20	19	17	18	14	12	15	14	11	12
564	5	18	20	18	17	14	14	15	15	12	11
566	5	19	19	18	18	12	12	14	14	12	10
569	5	18	19	18	16	12	12	14	14	10	11
598	5	18	19	18	18	12	14	14	15	12	11
632	5	18	20	17	17	13	14	14	15	12	10
641	5	18	18	16	17	12	13	15	15	12	12
642	5	30	30	28	27	24	22	25	25	20	22
645	5	18	20	17	18	14	14	16	14	10	12
671	5	19	19	18	17	14	13	15	15	11	10
673	5	17	17	15	14	11	12	13	13	10	9
680	5	18	19	17	17	14	14	15	16	12	10
687	5	19	18	16	18	14	12	14	16	12	12
698	5	19	18	18	16	13	14	16	15	10	12
711	5	20	20	18	16	12	13	14	14	12	12
729	5	26	24	22	23	18	20	20	22	17	18
734	5	30	29	26	27	23	23	26	24	20	22
735	5	18	18	15	14	10	10	12	13	10	8
745	5	16	18	16	14	10	11	14	12	9	10
749	5	16	16	15	16	10	12	12	13	9	9
753	5	18	16	14	14	12	12	14	14	8	8
758	5	19	19	16	17	14	13	14	15	12	12
767	5	32	34	30	31	28	26	29	28	26	25
780	5	19	20	16	16	12	14	14	16	11	11
783	5	18	20	17	16	12	13	15	16	11	12
788	5	18	18	16	18	13	13	14	16	10	11
792	5	19	19	17	18	12	14	15	15	12	10
797	5	20	18	16	17	13	14	16	15	11	12
811	5	19	20	18	17	12	14	16	16	10	12
828	5	18	20	18	17	13	14	15	14	10	12
852	5	30	30	26	26	24	22	24	26	21	20
865	5	18	18	18	16	12	14	15	15	11	11
866	5	40	40	37	37	33	33	35	34	32	30
885	5	19	18	16	16	12	14	15	15	11	11
893	5	20	18	18	17	12	12	14	15	11	12
894	5	19	20	16	18	13	14	15	15	12	10
909	5	19	19	16	18	13	13	14	16	10	10
910	5	18	19	17	16	13	13	16	16	10	12
911	5	19	18	16	16	12	13	15	15	12	11
912	5	18	18	16	18	14	14	14	14	11	10
918	5	20	18	16	16	13	12	15	15	12	11
959	5	19	18	18	18	12	13	15	16	11	11
989	5	19	20	18	16	12	13	14	15	11	11
996	5	18	18	16	17	12	13	15	15	10	12
1000	5	19	18	16	18	13	13	14	16	12	12
1016	5	18	20	17	18	13	13	14	14	11	12
1019	5	19	19	18	17	14	12	14	16	12	11
1022	5	19	19	16	18	12	14	14	16	12	12
1027	5	19	19	16	18	13	13	16	14	11	12
1032	5	19	20	17	17	13	14	15	16	10	11
1033	5	20	18	17	18	13	12	16	15	11	10
1034	5	20	18	17	18	14	12	16	14	10	11
1035	5	19	18	18	17	13	13	16	15	12	11
1049	5	20	19	18	18	14	12	15	15	11	11
1060	5	20	20	16	17	13	14	14	15	10	10
1063	5	19	19	17	16	14	12	14	14	11	11
1076	5	19	19	16	17	14	13	16	16	10	10
1077	5	18	19	17	17	12	12	15	15	10	12
1098	5	28	29	28	26	22	23	26	24	22	21
1103	5	19	19	16	17	12	12	16	16	10	10
1105	5	18	20	16	17	12	12	16	14	10	11
1113	5	19	18	16	16	14	13	14	16	11	12
1127	5	40	40	36	37	33	32	35	36	30	32
1143	5	20	18	17	16	14	13	15	15	11	12
1146	5	19	19	16	16	13	14	16	16	11	12
1165	5	20	20	16	17	14	12	14	15	10	10
1166	5	18	20	17	16	12	12	15	14	11	10
1170	5	20	18	16	18	14	14	14	16	10	10
1178	5	19	18	17	16	14	12	15	14	11	12
1205	5	20	18	16	17	14	12	16	16	10	10
1224	5	19	18	16	18	13	13	16	16	12	12
1248	5	18	20	18	16	13	14	14	16	10	12
1267	5	16	18	16	14	10	12	13	14	9	9
1285	5	20	18	17	18	12	14	15	14	12	11
1292	5	19	19	16	17	14	14	15	14	12	10
1298	5	20	19	16	16	12	14	15	16	10	11
1303	5	29	28	27	26	24	24	25	25	20	20
1331	5	30	30	27	27	23	22	25	25	21	22
1333	5	20	18	18	18	14	14	16	14	10	12
1342	5	18	19	18	17	14	14	14	15	10	11
1345	5	19	18	16	16	14	12	16	15	11	11
1354	5	18	19	16	16	12	14	15	15	12	11
1358	5	18	18	17	17	13	14	15	15	10	12
1362	5	19	19	17	16	12	12	16	14	10	12
1372	5	20	19	16	16	14	12	14	15	10	12
1373	5	18	19	18	16	14	13	14	14	12	11
1405	5	18	19	16	17	12	12	16	16	12	10
1406	5	19	19	17	16	13	12	15	16	10	12
1418	5	18	18	16	18	14	12	15	14	12	12
1445	5	19	18	17	18	14	14	15	15	12	11
1460	5	19	19	16	17	14	12	15	14	11	11
1483	5	18	18	17	18	14	14	16	15	10	11
1505	5	19	18	16	18	13	13	15	15	11	10
1519	5	18	18	16	18	12	14	16	14	10	11
1521	5	19	19	17	17	13	12	14	14	10	10
1527	5	18	18	18	16	13	14	14	14	11	12
1528	5	18	19	18	17	14	14	15	15	10	12
1541	5	20	18	16	17	14	13	14	14	10	10
1543	5	19	20	18	18	14	12	15	15	10	10
1547	5	19	18	18	17	13	14	16	16	11	10
1569	5	59	60	57	58	54	53	56	54	50	50
1578	5	20	18	17	16	12	13	16	16	10	12
1584	5	18	20	18	16	14	14	15	16	12	12
1599	5	18	19	16	16	14	12	15	16	12	10
1600	5	19	18	16	18	14	12	15	16	11	12
1664	5	19	19	18	16	12	13	15	14	12	11
1674	5	19	20	16	18	14	13	14	15	12	11
1675	5	20	20	16	18	14	13	15	15	10	11
1695	5	18	18	18	18	14	14	16	16	11	10
1716	5	30	28	27	26	23	22	25	24	21	20
1723	5	19	20	16	17	12	12	15	14	11	12
1728	5	38	38	38	36	33	34	36	36	32	30
1729	5	20	18	17	18	12	14	14	14	11	10
1731	5	20	19	16	16	12	13	15	16	10	12
1737	5	18	20	18	18	13	13	16	16	10	10
1744	5	20	18	16	17	13	13	14	14	10	12
1751	5	19	18	16	16	14	13	14	16	11	11
1758	5	18	19	18	17	14	13	15	15	10	12
1772	5	20	20	18	16	12	12	15	16	12	10
1775	5	19	19	16	16	12	14	14	15	12	10
1783	5	20	19	18	16	13	14	16	16	11	12
1797	5	20	18	18	18	12	13	15	15	12	12
1801	5	20	18	18	16	14	14	16	14	10	12
1810	5	20	20	18	16	14	13	16	15	12	12
1811	5	19	20	16	18	13	13	15	14	11	11
1814	5	18	18	18	17	12	12	16	14	10	11
1815	5	18	18	17	16	13	13	15	14	10	11
1821	5	18	20	18	16	14	12	14	16	12	12
14	6	20.5	20.5	17.5	16.5	12.5	14.5	14.5	14.5	10.5	12.5
15	6	18.5	19.5	17.5	18.5	12.5	14.5	16.5	16.5	11.5	12.5
19	6	19.5	18.5	17.5	16.5	12.5	12.5	16.5	16.5	11.5	10.5
30	6	18.5	19.5	18.5	17.5	12.5	14.5	14.5	15.5	10.5	10.5
36	6	19.5	19.5	18.5	17.5	14.5	13.5	14.5	14.5	11.5	11.5
44	6	24.5	24.5	22.5	22.5	19.5	18.5	21.5	21.5	18.5	17.5
52	6	17.5	17.5	15.5	16.5	10.5	10.5	14.5	12.5	9.5	10.5
66	6	17.5	18.5	14.5	14.5	10.5	10.5	12.5	12.5	10.5	8.5
70	6	19.5	20.5	18.5	16.5	13.5	12.5	15.5	15.5	10.5	11.5
80	6	18.5	18.5	17.5	16.5	13.5	14.5	16.5	14.5	10.5	11.5
98	6	19.5	19.5	18.5	18.5	12.5	12.5	14.5	14.5	11.5	12.5
111	6	18.5	16.5	16.5	14.5	11.5	10.5	14.5	14.5	10.5	9.5
130	6	18.5	19.5	17.5	18.5	14.5	14.5	14.5	15.5	10.5	10.5
132	6	19.5	18.5	16.5	16.5	14.5	12.5	15.5	16.5	10.5	10.5
182	6	20.5	20.5	17.5	18.5	12.5	12.5	14.5	14.5	10.5	10.5
188	6	18.5	16.5	15.5	14.5	12.5	11.5	13.5	14.5	10.5	10.5
204	6	16.5	16.5	15.5	16.5	10.5	11.5	12.5	12.5	10.5	9.5
205	6	18.5	17.5	15.5	14.5	11.5	10.5	12.5	13.5	9.5	9.5
222	6	19.5	19.5	17.5	16.5	12.5	14.5	15.5	16.5	11.5	12.5
230	6	18.5	19.5	16.5	17.5	13.5	12.5	15.5	15.5	12.5	11.5
235	6	18.5	19.5	16.5	17.5	13.5	12.5	15.5	15.5	12.5	11.5
236	6	18.5	17.5	16.5	16.5	10.5	11.5	12.5	12.5	10.5	10.5
241	6	18.5	18.5	16.5	14.5	10.5	11.5	14.5	12.5	9.5	9.5
245	6	19.5	19.5	17.5	16.5	14.5	14.5	16.5	14.5	11.5	12.5
258	6	20.5	19.5	18.5	17.5	14.5	14.5	14.5	16.5	12.5	10.5
281	6	18.5	20.5	16.5	16.5	14.5	13.5	16.5	15.5	11.5	10.5
304	6	26.5	26.5	23.5	23.5	20.5	19.5	20.5	21.5	17.5	17.5
310	6	20.5	18.5	16.5	16.5	13.5	13.5	16.5	14.5	12.5	12.5
318	6	18.5	19.5	17.5	16.5	12.5	14.5	15.5	15.5	12.5	10.5
319	6	19.5	19.5	17.5	17.5	12.5	13.5	16.5	16.5	11.5	10.5
325	6	18.5	16.5	15.5	14.5	12.5	10.5	13.5	14.5	10.5	10.5
335	6	18.5	19.5	18.5	17.5	14.5	14.5	14.5	15.5	11.5	12.5
355	6	19.5	19.5	18.5	18.5	13.5	13.5	14.5	15.5	12.5	12.5
359	6	19.5	18.5	18.5	18.5	12.5	13.5	14.5	14.5	10.5	12.5
367	6	20.5	19.5	17.5	16.5	13.5	14.5	16.5	16.5	12.5	10.5
390	6	19.5	20.5	18.5	18.5	12.5	12.5	14.5	15.5	10.5	11.5
420	6	20.5	20.5	17.5	17.5	13.5	12.5	16.5	14.5	11.5	11.5
426	6	20.5	19.5	17.5	18.5	12.5	13.5	16.5	16.5	12.5	10.5
431	6	20.5	18.5	18.5	17.5	13.5	12.5	16.5	15.5	11.5	11.5
446	6	20.5	20.5	16.5	18.5	13.5	14.5	15.5	16.5	12.5	12.5
447	6	20.5	20.5	16.5	18.5	12.5	14.5	16.5	16.5	12.5	12.5
477	6	19.5	19.5	18.5	17.5	14.5	12.5	16.5	16.5	11.5	11.5
481	6	20.5	18.5	17.5	16.5	13.5	12.5	14.5	15.5	12.5	12.5
498	6	18.5	19.5	18.5	18.5	13.5	13.5	16.5	16.5	11.5	12.5
510	6	18.5	20.5	16.5	17.5	13.5	13.5	15.5	16.5	11.5	10.5
515	6	18.5	18.5	18.5	18.5	13.5	14.5	16.5	15.5	11.5	10.5
530	6	28.5	29.5	27.5	26.5	23.5	23.5	26.5	26.5	20.5	20.5
539	6	18.5	18.5	18.5	18.5	14.5	14.5	14.5	16.5	10.5	10.5
543	6	18.5	18.5	18.5	18.5	13.5	14.5	15.5	15.5	12.5	12.5
553	6	18.5	20.5	17.5	18.5	12.5	12.5	15.5	15.5	12.5	10.5
562	6	20.5	19.5	17.5	18.5	14.5	12.5	15.5	14.5	11.5	12.5
564	6	18.5	20.5	18.5	17.5	14.5	14.5	15.5	15.5	12.5	11.5
566	6	19.5	19.5	18.5	18.5	12.5	12.5	14.5	14.5	12.5	10.5
569	6	18.5	19.5	18.5	16.5	12.5	12.5	14.5	14.5	10.5	11.5
598	6	18.5	19.5	18.5	18.5	12.5	14.5	14.5	15.5	12.5	11.5
632	6	18.5	20.5	17.5	17.5	13.5	14.5	14.5	15.5	12.5	10.5
641	6	18.5	18.5	16.5	17.5	12.5	13.5	15.5	15.5	12.5	12.5
642	6	30.5	30.5	28.5	27.5	24.5	22.5	25.5	25.5	20.5	22.5
645	6	18.5	20.5	17.5	18.5	14.5	14.5	16.5	14.5	10.5	12.5
671	6	19.5	19.5	18.5	17.5	14.5	13.5	15.5	15.5	11.5	10.5
673	6	17.5	17.5	15.5	14.5	11.5	12.5	13.5	13.5	10.5	9.5
680	6	18.5	19.5	17.5	17.5	14.5	14.5	15.5	16.5	12.5	10.5
687	6	19.5	18.5	16.5	18.5	14.5	12.5	14.5	16.5	12.5	12.5
698	6	19.5	18.5	18.5	16.5	13.5	14.5	16.5	15.5	10.5	12.5
711	6	20.5	20.5	18.5	16.5	12.5	13.5	14.5	14.5	12.5	12.5
729	6	26.5	24.5	22.5	23.5	18.5	20.5	20.5	22.5	17.5	18.5
734	6	30.5	29.5	26.5	27.5	23.5	23.5	26.5	24.5	20.5	22.5
735	6	18.5	18.5	15.5	14.5	10.5	10.5	12.5	13.5	10.5	8.5
745	6	16.5	18.5	16.5	14.5	10.5	11.5	14.5	12.5	9.5	10.5
749	6	16.5	16.5	15.5	16.5	10.5	12.5	12.5	13.5	9.5	9.5
753	6	18.5	16.5	14.5	14.5	12.5	12.5	14.5	14.5	8.5	8.5
758	6	19.5	19.5	16.5	17.5	14.5	13.5	14.5	15.5	12.5	12.5
767	6	32.5	34.5	30.5	31.5	28.5	26.5	29.5	28.5	26.5	25.5
780	6	19.5	20.5	16.5	16.5	12.5	14.5	14.5	16.5	11.5	11.5
783	6	18.5	20.5	17.5	16.5	12.5	13.5	15.5	16.5	11.5	12.5
788	6	18.5	18.5	16.5	18.5	13.5	13.5	14.5	16.5	10.5	11.5
792	6	19.5	19.5	17.5	18.5	12.5	14.5	15.5	15.5	12.5	10.5
797	6	20.5	18.5	16.5	17.5	13.5	14.5	16.5	15.5	11.5	12.5
811	6	19.5	20.5	18.5	17.5	12.5	14.5	16.5	16.5	10.5	12.5
828	6	18.5	20.5	18.5	17.5	13.5	14.5	15.5	14.5	10.5	12.5
852	6	30.5	30.5	26.5	26.5	24.5	22.5	24.5	26.5	21.5	20.5
865	6	18.5	18.5	18.5	16.5	12.5	14.5	15.5	15.5	11.5	11.5
866	6	40.5	40.5	37.5	37.5	33.5	33.5	35.5	34.5	32.5	30.5
885	6	19.5	18.5	16.5	16.5	12.5	14.5	15.5	15.5	11.5	11.5
893	6	20.5	18.5	18.5	17.5	12.5	12.5	14.5	15.5	11.5	12.5
894	6	19.5	20.5	16.5	18.5	13.5	14.5	15.5	15.5	12.5	10.5
909	6	19.5	19.5	16.5	18.5	13.5	13.5	14.5	16.5	10.5	10.5
910	6	18.5	19.5	17.5	16.5	13.5	13.5	16.5	16.5	10.5	12.5
911	6	19.5	18.5	16.5	16.5	12.5	13.5	15.5	15.5	12.5	11.5
912	6	18.5	18.5	16.5	18.5	14.5	14.5	14.5	14.5	11.5	10.5
918	6	20.5	18.5	16.5	16.5	13.5	12.5	15.5	15.5	12.5	11.5
959	6	19.5	18.5	18.5	18.5	12.5	13.5	15.5	16.5	11.5	11.5
989	6	19.5	20.5	18.5	16.5	12.5	13.5	14.5	15.5	11.5	11.5
996	6	18.5	18.5	16.5	17.5	12.5	13.5	15.5	15.5	10.5	12.5
1000	6	19.5	18.5	16.5	18.5	13.5	13.5	14.5	16.5	12.5	12.5
1016	6	18.5	20.5	17.5	18.5	13.5	13.5	14.5	14.5	11.5	12.5
1019	6	19.5	19.5	18.5	17.5	14.5	12.5	14.5	16.5	12.5	11.5
1022	6	19.5	19.5	16.5	18.5	12.5	14.5	14.5	16.5	12.5	12.5
1027	6	19.5	19.5	16.5	18.5	13.5	13.5	16.5	14.5	11.5	12.5
1032	6	19.5	20.5	17.5	17.5	13.5	14.5	15.5	16.5	10.5	11.5
1033	6	20.5	18.5	17.5	18.5	13.5	12.5	16.5	15.5	11.5	10.5
1034	6	20.5	18.5	17.5	18.5	14.5	12.5	16.5	14.5	10.5	11.5
1035	6	19.5	18.5	18.5	17.5	13.5	13.5	16.5	15.5	12.5	11.5
1049	6	20.5	19.5	18.5	18.5	14.5	12.5	15.5	15.5	11.5	11.5
1060	6	20.5	20.5	16.5	17.5	13.5	14.5	14.5	15.5	10.5	10.5
1063	6	19.5	19.5	17.5	16.5	14.5	12.5	14.5	14.5	11.5	11.5
1076	6	19.5	19.5	16.5	17.5	14.5	13.5	16.5	16.5	10.5	10.5
1077	6	18.5	19.5	17.5	17.5	12.5	12.5	15.5	15.5	10.5	12.5
1098	6	28.5	29.5	28.5	26.5	22.5	23.5	26.5	24.5	22.5	21.5
1103	6	19.5	19.5	16.5	17.5	12.5	12.5	16.5	16.5	10.5	10.5
1105	6	18.5	20.5	16.5	17.5	12.5	12.5	16.5	14.5	10.5	11.5
1113	6	19.5	18.5	16.5	16.5	14.5	13.5	14.5	16.5	11.5	12.5
1127	6	40.5	40.5	36.5	37.5	33.5	32.5	35.5	36.5	30.5	32.5
1143	6	20.5	18.5	17.5	16.5	14.5	13.5	15.5	15.5	11.5	12.5
1146	6	19.5	19.5	16.5	16.5	13.5	14.5	16.5	16.5	11.5	12.5
1165	6	20.5	20.5	16.5	17.5	14.5	12.5	14.5	15.5	10.5	10.5
1166	6	18.5	20.5	17.5	16.5	12.5	12.5	15.5	14.5	11.5	10.5
1170	6	20.5	18.5	16.5	18.5	14.5	14.5	14.5	16.5	10.5	10.5
1178	6	19.5	18.5	17.5	16.5	14.5	12.5	15.5	14.5	11.5	12.5
1205	6	20.5	18.5	16.5	17.5	14.5	12.5	16.5	16.5	10.5	10.5
1224	6	19.5	18.5	16.5	18.5	13.5	13.5	16.5	16.5	12.5	12.5
1248	6	18.5	20.5	18.5	16.5	13.5	14.5	14.5	16.5	10.5	12.5
1267	6	16.5	18.5	16.5	14.5	10.5	12.5	13.5	14.5	9.5	9.5
1285	6	20.5	18.5	17.5	18.5	12.5	14.5	15.5	14.5	12.5	11.5
1292	6	19.5	19.5	16.5	17.5	14.5	14.5	15.5	14.5	12.5	10.5
1298	6	20.5	19.5	16.5	16.5	12.5	14.5	15.5	16.5	10.5	11.5
1303	6	29.5	28.5	27.5	26.5	24.5	24.5	25.5	25.5	20.5	20.5
1331	6	30.5	30.5	27.5	27.5	23.5	22.5	25.5	25.5	21.5	22.5
1333	6	20.5	18.5	18.5	18.5	14.5	14.5	16.5	14.5	10.5	12.5
1342	6	18.5	19.5	18.5	17.5	14.5	14.5	14.5	15.5	10.5	11.5
1345	6	19.5	18.5	16.5	16.5	14.5	12.5	16.5	15.5	11.5	11.5
1354	6	18.5	19.5	16.5	16.5	12.5	14.5	15.5	15.5	12.5	11.5
1358	6	18.5	18.5	17.5	17.5	13.5	14.5	15.5	15.5	10.5	12.5
1362	6	19.5	19.5	17.5	16.5	12.5	12.5	16.5	14.5	10.5	12.5
1372	6	20.5	19.5	16.5	16.5	14.5	12.5	14.5	15.5	10.5	12.5
1373	6	18.5	19.5	18.5	16.5	14.5	13.5	14.5	14.5	12.5	11.5
1405	6	18.5	19.5	16.5	17.5	12.5	12.5	16.5	16.5	12.5	10.5
1406	6	19.5	19.5	17.5	16.5	13.5	12.5	15.5	16.5	10.5	12.5
1418	6	18.5	18.5	16.5	18.5	14.5	12.5	15.5	14.5	12.5	12.5
1445	6	19.5	18.5	17.5	18.5	14.5	14.5	15.5	15.5	12.5	11.5
1460	6	19.5	19.5	16.5	17.5	14.5	12.5	15.5	14.5	11.5	11.5
1483	6	18.5	18.5	17.5	18.5	14.5	14.5	16.5	15.5	10.5	11.5
1505	6	19.5	18.5	16.5	18.5	13.5	13.5	15.5	15.5	11.5	10.5
1519	6	18.5	18.5	16.5	18.5	12.5	14.5	16.5	14.5	10.5	11.5
1521	6	19.5	19.5	17.5	17.5	13.5	12.5	14.5	14.5	10.5	10.5
1527	6	18.5	18.5	18.5	16.5	13.5	14.5	14.5	14.5	11.5	12.5
1528	6	18.5	19.5	18.5	17.5	14.5	14.5	15.5	15.5	10.5	12.5
1541	6	20.5	18.5	16.5	17.5	14.5	13.5	14.5	14.5	10.5	10.5
1543	6	19.5	20.5	18.5	18.5	14.5	12.5	15.5	15.5	10.5	10.5
1547	6	19.5	18.5	18.5	17.5	13.5	14.5	16.5	16.5	11.5	10.5
1569	6	59.5	60.5	57.5	58.5	54.5	53.5	56.5	54.5	50.5	50.5
1578	6	20.5	18.5	17.5	16.5	12.5	13.5	16.5	16.5	10.5	12.5
1584	6	18.5	20.5	18.5	16.5	14.5	14.5	15.5	16.5	12.5	12.5
1599	6	18.5	19.5	16.5	16.5	14.5	12.5	15.5	16.5	12.5	10.5
1600	6	19.5	18.5	16.5	18.5	14.5	12.5	15.5	16.5	11.5	12.5
1664	6	19.5	19.5	18.5	16.5	12.5	13.5	15.5	14.5	12.5	11.5
1674	6	19.5	20.5	16.5	18.5	14.5	13.5	14.5	15.5	12.5	11.5
1675	6	20.5	20.5	16.5	18.5	14.5	13.5	15.5	15.5	10.5	11.5
1695	6	18.5	18.5	18.5	18.5	14.5	14.5	16.5	16.5	11.5	10.5
1716	6	30.5	28.5	27.5	26.5	23.5	22.5	25.5	24.5	21.5	20.5
1723	6	19.5	20.5	16.5	17.5	12.5	12.5	15.5	14.5	11.5	12.5
1728	6	38.5	38.5	38.5	36.5	33.5	34.5	36.5	36.5	32.5	30.5
1729	6	20.5	18.5	17.5	18.5	12.5	14.5	14.5	14.5	11.5	10.5
1731	6	20.5	19.5	16.5	16.5	12.5	13.5	15.5	16.5	10.5	12.5
1737	6	18.5	20.5	18.5	18.5	13.5	13.5	16.5	16.5	10.5	10.5
1744	6	20.5	18.5	16.5	17.5	13.5	13.5	14.5	14.5	10.5	12.5
1751	6	19.5	18.5	16.5	16.5	14.5	13.5	14.5	16.5	11.5	11.5
1758	6	18.5	19.5	18.5	17.5	14.5	13.5	15.5	15.5	10.5	12.5
1772	6	20.5	20.5	18.5	16.5	12.5	12.5	15.5	16.5	12.5	10.5
1775	6	19.5	19.5	16.5	16.5	12.5	14.5	14.5	15.5	12.5	10.5
1783	6	20.5	19.5	18.5	16.5	13.5	14.5	16.5	16.5	11.5	12.5
1797	6	20.5	18.5	18.5	18.5	12.5	13.5	15.5	15.5	12.5	12.5
1801	6	20.5	18.5	18.5	16.5	14.5	14.5	16.5	14.5	10.5	12.5
1810	6	20.5	20.5	18.5	16.5	14.5	13.5	16.5	15.5	12.5	12.5
1811	6	19.5	20.5	16.5	18.5	13.5	13.5	15.5	14.5	11.5	11.5
1814	6	18.5	18.5	18.5	17.5	12.5	12.5	16.5	14.5	10.5	11.5
1815	6	18.5	18.5	17.5	16.5	13.5	13.5	15.5	14.5	10.5	11.5
1821	6	18.5	20.5	18.5	16.5	14.5	12.5	14.5	16.5	12.5	12.5
14	7	21	21	18	17	13	15	15	15	11	13
15	7	19	20	18	19	13	15	17	17	12	13
19	7	20	19	18	17	13	13	17	17	12	11
30	7	19	20	19	18	13	15	15	16	11	11
36	7	20	20	19	18	15	14	15	15	12	12
44	7	25	25	23	23	20	19	22	22	19	18
52	7	18	18	16	17	11	11	15	13	10	11
66	7	18	19	15	15	11	11	13	13	11	9
70	7	20	21	19	17	14	13	16	16	11	12
80	7	19	19	18	17	14	15	17	15	11	12
98	7	20	20	19	19	13	13	15	15	12	13
111	7	19	17	17	15	12	11	15	15	11	10
130	7	19	20	18	19	15	15	15	16	11	11
132	7	20	19	17	17	15	13	16	17	11	11
182	7	21	21	18	19	13	13	15	15	11	11
188	7	19	17	16	15	13	12	14	15	11	11
204	7	17	17	16	17	11	12	13	13	11	10
205	7	19	18	16	15	12	11	13	14	10	10
222	7	20	20	18	17	13	15	16	17	12	13
230	7	19	20	17	18	14	13	16	16	13	12
235	7	19	20	17	18	14	13	16	16	13	12
236	7	19	18	17	17	11	12	13	13	11	11
241	7	19	19	17	15	11	12	15	13	10	10
245	7	20	20	18	17	15	15	17	15	12	13
258	7	21	20	19	18	15	15	15	17	13	11
281	7	19	21	17	17	15	14	17	16	12	11
304	7	27	27	24	24	21	20	21	22	18	18
310	7	21	19	17	17	14	14	17	15	13	13
318	7	19	20	18	17	13	15	16	16	13	11
319	7	20	20	18	18	13	14	17	17	12	11
325	7	19	17	16	15	13	11	14	15	11	11
335	7	19	20	19	18	15	15	15	16	12	13
355	7	20	20	19	19	14	14	15	16	13	13
359	7	20	19	19	19	13	14	15	15	11	13
367	7	21	20	18	17	14	15	17	17	13	11
390	7	20	21	19	19	13	13	15	16	11	12
420	7	21	21	18	18	14	13	17	15	12	12
426	7	21	20	18	19	13	14	17	17	13	11
431	7	21	19	19	18	14	13	17	16	12	12
446	7	21	21	17	19	14	15	16	17	13	13
447	7	21	21	17	19	13	15	17	17	13	13
477	7	20	20	19	18	15	13	17	17	12	12
481	7	21	19	18	17	14	13	15	16	13	13
498	7	19	20	19	19	14	14	17	17	12	13
510	7	19	21	17	18	14	14	16	17	12	11
515	7	19	19	19	19	14	15	17	16	12	11
530	7	29	30	28	27	24	24	27	27	21	21
539	7	19	19	19	19	15	15	15	17	11	11
543	7	19	19	19	19	14	15	16	16	13	13
553	7	19	21	18	19	13	13	16	16	13	11
562	7	21	20	18	19	15	13	16	15	12	13
564	7	19	21	19	18	15	15	16	16	13	12
566	7	20	20	19	19	13	13	15	15	13	11
569	7	19	20	19	17	13	13	15	15	11	12
598	7	19	20	19	19	13	15	15	16	13	12
632	7	19	21	18	18	14	15	15	16	13	11
641	7	19	19	17	18	13	14	16	16	13	13
642	7	31	31	29	28	25	23	26	26	21	23
645	7	19	21	18	19	15	15	17	15	11	13
671	7	20	20	19	18	15	14	16	16	12	11
673	7	18	18	16	15	12	13	14	14	11	10
680	7	19	20	18	18	15	15	16	17	13	11
687	7	20	19	17	19	15	13	15	17	13	13
698	7	20	19	19	17	14	15	17	16	11	13
711	7	21	21	19	17	13	14	15	15	13	13
729	7	27	25	23	24	19	21	21	23	18	19
734	7	31	30	27	28	24	24	27	25	21	23
735	7	19	19	16	15	11	11	13	14	11	9
745	7	17	19	17	15	11	12	15	13	10	11
749	7	17	17	16	17	11	13	13	14	10	10
753	7	19	17	15	15	13	13	15	15	9	9
758	7	20	20	17	18	15	14	15	16	13	13
767	7	33	35	31	32	29	27	30	29	27	26
780	7	20	21	17	17	13	15	15	17	12	12
783	7	19	21	18	17	13	14	16	17	12	13
788	7	19	19	17	19	14	14	15	17	11	12
792	7	20	20	18	19	13	15	16	16	13	11
797	7	21	19	17	18	14	15	17	16	12	13
811	7	20	21	19	18	13	15	17	17	11	13
828	7	19	21	19	18	14	15	16	15	11	13
852	7	31	31	27	27	25	23	25	27	22	21
865	7	19	19	19	17	13	15	16	16	12	12
866	7	41	41	38	38	34	34	36	35	33	31
885	7	20	19	17	17	13	15	16	16	12	12
893	7	21	19	19	18	13	13	15	16	12	13
894	7	20	21	17	19	14	15	16	16	13	11
909	7	20	20	17	19	14	14	15	17	11	11
910	7	19	20	18	17	14	14	17	17	11	13
911	7	20	19	17	17	13	14	16	16	13	12
912	7	19	19	17	19	15	15	15	15	12	11
918	7	21	19	17	17	14	13	16	16	13	12
959	7	20	19	19	19	13	14	16	17	12	12
989	7	20	21	19	17	13	14	15	16	12	12
996	7	19	19	17	18	13	14	16	16	11	13
1000	7	20	19	17	19	14	14	15	17	13	13
1016	7	19	21	18	19	14	14	15	15	12	13
1019	7	20	20	19	18	15	13	15	17	13	12
1022	7	20	20	17	19	13	15	15	17	13	13
1027	7	20	20	17	19	14	14	17	15	12	13
1032	7	20	21	18	18	14	15	16	17	11	12
1033	7	21	19	18	19	14	13	17	16	12	11
1034	7	21	19	18	19	15	13	17	15	11	12
1035	7	20	19	19	18	14	14	17	16	13	12
1049	7	21	20	19	19	15	13	16	16	12	12
1060	7	21	21	17	18	14	15	15	16	11	11
1063	7	20	20	18	17	15	13	15	15	12	12
1076	7	20	20	17	18	15	14	17	17	11	11
1077	7	19	20	18	18	13	13	16	16	11	13
1098	7	29	30	29	27	23	24	27	25	23	22
1103	7	20	20	17	18	13	13	17	17	11	11
1105	7	19	21	17	18	13	13	17	15	11	12
1113	7	20	19	17	17	15	14	15	17	12	13
1127	7	41	41	37	38	34	33	36	37	31	33
1143	7	21	19	18	17	15	14	16	16	12	13
1146	7	20	20	17	17	14	15	17	17	12	13
1165	7	21	21	17	18	15	13	15	16	11	11
1166	7	19	21	18	17	13	13	16	15	12	11
1170	7	21	19	17	19	15	15	15	17	11	11
1178	7	20	19	18	17	15	13	16	15	12	13
1205	7	21	19	17	18	15	13	17	17	11	11
1224	7	20	19	17	19	14	14	17	17	13	13
1248	7	19	21	19	17	14	15	15	17	11	13
1267	7	17	19	17	15	11	13	14	15	10	10
1285	7	21	19	18	19	13	15	16	15	13	12
1292	7	20	20	17	18	15	15	16	15	13	11
1298	7	21	20	17	17	13	15	16	17	11	12
1303	7	30	29	28	27	25	25	26	26	21	21
1331	7	31	31	28	28	24	23	26	26	22	23
1333	7	21	19	19	19	15	15	17	15	11	13
1342	7	19	20	19	18	15	15	15	16	11	12
1345	7	20	19	17	17	15	13	17	16	12	12
1354	7	19	20	17	17	13	15	16	16	13	12
1358	7	19	19	18	18	14	15	16	16	11	13
1362	7	20	20	18	17	13	13	17	15	11	13
1372	7	21	20	17	17	15	13	15	16	11	13
1373	7	19	20	19	17	15	14	15	15	13	12
1405	7	19	20	17	18	13	13	17	17	13	11
1406	7	20	20	18	17	14	13	16	17	11	13
1418	7	19	19	17	19	15	13	16	15	13	13
1445	7	20	19	18	19	15	15	16	16	13	12
1460	7	20	20	17	18	15	13	16	15	12	12
1483	7	19	19	18	19	15	15	17	16	11	12
1505	7	20	19	17	19	14	14	16	16	12	11
1519	7	19	19	17	19	13	15	17	15	11	12
1521	7	20	20	18	18	14	13	15	15	11	11
1527	7	19	19	19	17	14	15	15	15	12	13
1528	7	19	20	19	18	15	15	16	16	11	13
1541	7	21	19	17	18	15	14	15	15	11	11
1543	7	20	21	19	19	15	13	16	16	11	11
1547	7	20	19	19	18	14	15	17	17	12	11
1569	7	60	61	58	59	55	54	57	55	51	51
1578	7	21	19	18	17	13	14	17	17	11	13
1584	7	19	21	19	17	15	15	16	17	13	13
1599	7	19	20	17	17	15	13	16	17	13	11
1600	7	20	19	17	19	15	13	16	17	12	13
1664	7	20	20	19	17	13	14	16	15	13	12
1674	7	20	21	17	19	15	14	15	16	13	12
1675	7	21	21	17	19	15	14	16	16	11	12
1695	7	19	19	19	19	15	15	17	17	12	11
1716	7	31	29	28	27	24	23	26	25	22	21
1723	7	20	21	17	18	13	13	16	15	12	13
1728	7	39	39	39	37	34	35	37	37	33	31
1729	7	21	19	18	19	13	15	15	15	12	11
1731	7	21	20	17	17	13	14	16	17	11	13
1737	7	19	21	19	19	14	14	17	17	11	11
1744	7	21	19	17	18	14	14	15	15	11	13
1751	7	20	19	17	17	15	14	15	17	12	12
1758	7	19	20	19	18	15	14	16	16	11	13
1772	7	21	21	19	17	13	13	16	17	13	11
1775	7	20	20	17	17	13	15	15	16	13	11
1783	7	21	20	19	17	14	15	17	17	12	13
1797	7	21	19	19	19	13	14	16	16	13	13
1801	7	21	19	19	17	15	15	17	15	11	13
1810	7	21	21	19	17	15	14	17	16	13	13
1811	7	20	21	17	19	14	14	16	15	12	12
1814	7	19	19	19	18	13	13	17	15	11	12
1815	7	19	19	18	17	14	14	16	15	11	12
1821	7	19	21	19	17	15	13	15	17	13	13
14	8	21.5	21.5	18.5	17.5	13.5	15.5	15.5	15.5	11.5	13.5
15	8	19.5	20.5	18.5	19.5	13.5	15.5	17.5	17.5	12.5	13.5
19	8	20.5	19.5	18.5	17.5	13.5	13.5	17.5	17.5	12.5	11.5
30	8	19.5	20.5	19.5	18.5	13.5	15.5	15.5	16.5	11.5	11.5
36	8	20.5	20.5	19.5	18.5	15.5	14.5	15.5	15.5	12.5	12.5
44	8	25.5	25.5	23.5	23.5	20.5	19.5	22.5	22.5	19.5	18.5
52	8	18.5	18.5	16.5	17.5	11.5	11.5	15.5	13.5	10.5	11.5
66	8	18.5	19.5	15.5	15.5	11.5	11.5	13.5	13.5	11.5	9.5
70	8	20.5	21.5	19.5	17.5	14.5	13.5	16.5	16.5	11.5	12.5
80	8	19.5	19.5	18.5	17.5	14.5	15.5	17.5	15.5	11.5	12.5
98	8	20.5	20.5	19.5	19.5	13.5	13.5	15.5	15.5	12.5	13.5
111	8	19.5	17.5	17.5	15.5	12.5	11.5	15.5	15.5	11.5	10.5
130	8	19.5	20.5	18.5	19.5	15.5	15.5	15.5	16.5	11.5	11.5
132	8	20.5	19.5	17.5	17.5	15.5	13.5	16.5	17.5	11.5	11.5
182	8	21.5	21.5	18.5	19.5	13.5	13.5	15.5	15.5	11.5	11.5
188	8	19.5	17.5	16.5	15.5	13.5	12.5	14.5	15.5	11.5	11.5
204	8	17.5	17.5	16.5	17.5	11.5	12.5	13.5	13.5	11.5	10.5
205	8	19.5	18.5	16.5	15.5	12.5	11.5	13.5	14.5	10.5	10.5
222	8	20.5	20.5	18.5	17.5	13.5	15.5	16.5	17.5	12.5	13.5
230	8	19.5	20.5	17.5	18.5	14.5	13.5	16.5	16.5	13.5	12.5
235	8	19.5	20.5	17.5	18.5	14.5	13.5	16.5	16.5	13.5	12.5
236	8	19.5	18.5	17.5	17.5	11.5	12.5	13.5	13.5	11.5	11.5
241	8	19.5	19.5	17.5	15.5	11.5	12.5	15.5	13.5	10.5	10.5
245	8	20.5	20.5	18.5	17.5	15.5	15.5	17.5	15.5	12.5	13.5
258	8	21.5	20.5	19.5	18.5	15.5	15.5	15.5	17.5	13.5	11.5
281	8	19.5	21.5	17.5	17.5	15.5	14.5	17.5	16.5	12.5	11.5
304	8	27.5	27.5	24.5	24.5	21.5	20.5	21.5	22.5	18.5	18.5
310	8	21.5	19.5	17.5	17.5	14.5	14.5	17.5	15.5	13.5	13.5
318	8	19.5	20.5	18.5	17.5	13.5	15.5	16.5	16.5	13.5	11.5
319	8	20.5	20.5	18.5	18.5	13.5	14.5	17.5	17.5	12.5	11.5
325	8	19.5	17.5	16.5	15.5	13.5	11.5	14.5	15.5	11.5	11.5
335	8	19.5	20.5	19.5	18.5	15.5	15.5	15.5	16.5	12.5	13.5
355	8	20.5	20.5	19.5	19.5	14.5	14.5	15.5	16.5	13.5	13.5
359	8	20.5	19.5	19.5	19.5	13.5	14.5	15.5	15.5	11.5	13.5
367	8	21.5	20.5	18.5	17.5	14.5	15.5	17.5	17.5	13.5	11.5
390	8	20.5	21.5	19.5	19.5	13.5	13.5	15.5	16.5	11.5	12.5
420	8	21.5	21.5	18.5	18.5	14.5	13.5	17.5	15.5	12.5	12.5
426	8	21.5	20.5	18.5	19.5	13.5	14.5	17.5	17.5	13.5	11.5
431	8	21.5	19.5	19.5	18.5	14.5	13.5	17.5	16.5	12.5	12.5
446	8	21.5	21.5	17.5	19.5	14.5	15.5	16.5	17.5	13.5	13.5
447	8	21.5	21.5	17.5	19.5	13.5	15.5	17.5	17.5	13.5	13.5
477	8	20.5	20.5	19.5	18.5	15.5	13.5	17.5	17.5	12.5	12.5
481	8	21.5	19.5	18.5	17.5	14.5	13.5	15.5	16.5	13.5	13.5
498	8	19.5	20.5	19.5	19.5	14.5	14.5	17.5	17.5	12.5	13.5
510	8	19.5	21.5	17.5	18.5	14.5	14.5	16.5	17.5	12.5	11.5
515	8	19.5	19.5	19.5	19.5	14.5	15.5	17.5	16.5	12.5	11.5
530	8	29.5	30.5	28.5	27.5	24.5	24.5	27.5	27.5	21.5	21.5
539	8	19.5	19.5	19.5	19.5	15.5	15.5	15.5	17.5	11.5	11.5
543	8	19.5	19.5	19.5	19.5	14.5	15.5	16.5	16.5	13.5	13.5
553	8	19.5	21.5	18.5	19.5	13.5	13.5	16.5	16.5	13.5	11.5
562	8	21.5	20.5	18.5	19.5	15.5	13.5	16.5	15.5	12.5	13.5
564	8	19.5	21.5	19.5	18.5	15.5	15.5	16.5	16.5	13.5	12.5
566	8	20.5	20.5	19.5	19.5	13.5	13.5	15.5	15.5	13.5	11.5
569	8	19.5	20.5	19.5	17.5	13.5	13.5	15.5	15.5	11.5	12.5
598	8	19.5	20.5	19.5	19.5	13.5	15.5	15.5	16.5	13.5	12.5
632	8	19.5	21.5	18.5	18.5	14.5	15.5	15.5	16.5	13.5	11.5
641	8	19.5	19.5	17.5	18.5	13.5	14.5	16.5	16.5	13.5	13.5
642	8	31.5	31.5	29.5	28.5	25.5	23.5	26.5	26.5	21.5	23.5
645	8	19.5	21.5	18.5	19.5	15.5	15.5	17.5	15.5	11.5	13.5
671	8	20.5	20.5	19.5	18.5	15.5	14.5	16.5	16.5	12.5	11.5
673	8	18.5	18.5	16.5	15.5	12.5	13.5	14.5	14.5	11.5	10.5
680	8	19.5	20.5	18.5	18.5	15.5	15.5	16.5	17.5	13.5	11.5
687	8	20.5	19.5	17.5	19.5	15.5	13.5	15.5	17.5	13.5	13.5
698	8	20.5	19.5	19.5	17.5	14.5	15.5	17.5	16.5	11.5	13.5
711	8	21.5	21.5	19.5	17.5	13.5	14.5	15.5	15.5	13.5	13.5
729	8	27.5	25.5	23.5	24.5	19.5	21.5	21.5	23.5	18.5	19.5
734	8	31.5	30.5	27.5	28.5	24.5	24.5	27.5	25.5	21.5	23.5
735	8	19.5	19.5	16.5	15.5	11.5	11.5	13.5	14.5	11.5	9.5
745	8	17.5	19.5	17.5	15.5	11.5	12.5	15.5	13.5	10.5	11.5
749	8	17.5	17.5	16.5	17.5	11.5	13.5	13.5	14.5	10.5	10.5
753	8	19.5	17.5	15.5	15.5	13.5	13.5	15.5	15.5	9.5	9.5
758	8	20.5	20.5	17.5	18.5	15.5	14.5	15.5	16.5	13.5	13.5
767	8	33.5	35.5	31.5	32.5	29.5	27.5	30.5	29.5	27.5	26.5
780	8	20.5	21.5	17.5	17.5	13.5	15.5	15.5	17.5	12.5	12.5
783	8	19.5	21.5	18.5	17.5	13.5	14.5	16.5	17.5	12.5	13.5
788	8	19.5	19.5	17.5	19.5	14.5	14.5	15.5	17.5	11.5	12.5
792	8	20.5	20.5	18.5	19.5	13.5	15.5	16.5	16.5	13.5	11.5
797	8	21.5	19.5	17.5	18.5	14.5	15.5	17.5	16.5	12.5	13.5
811	8	20.5	21.5	19.5	18.5	13.5	15.5	17.5	17.5	11.5	13.5
828	8	19.5	21.5	19.5	18.5	14.5	15.5	16.5	15.5	11.5	13.5
852	8	31.5	31.5	27.5	27.5	25.5	23.5	25.5	27.5	22.5	21.5
865	8	19.5	19.5	19.5	17.5	13.5	15.5	16.5	16.5	12.5	12.5
866	8	41.5	41.5	38.5	38.5	34.5	34.5	36.5	35.5	33.5	31.5
885	8	20.5	19.5	17.5	17.5	13.5	15.5	16.5	16.5	12.5	12.5
893	8	21.5	19.5	19.5	18.5	13.5	13.5	15.5	16.5	12.5	13.5
894	8	20.5	21.5	17.5	19.5	14.5	15.5	16.5	16.5	13.5	11.5
909	8	20.5	20.5	17.5	19.5	14.5	14.5	15.5	17.5	11.5	11.5
910	8	19.5	20.5	18.5	17.5	14.5	14.5	17.5	17.5	11.5	13.5
911	8	20.5	19.5	17.5	17.5	13.5	14.5	16.5	16.5	13.5	12.5
912	8	19.5	19.5	17.5	19.5	15.5	15.5	15.5	15.5	12.5	11.5
918	8	21.5	19.5	17.5	17.5	14.5	13.5	16.5	16.5	13.5	12.5
959	8	20.5	19.5	19.5	19.5	13.5	14.5	16.5	17.5	12.5	12.5
989	8	20.5	21.5	19.5	17.5	13.5	14.5	15.5	16.5	12.5	12.5
996	8	19.5	19.5	17.5	18.5	13.5	14.5	16.5	16.5	11.5	13.5
1000	8	20.5	19.5	17.5	19.5	14.5	14.5	15.5	17.5	13.5	13.5
1016	8	19.5	21.5	18.5	19.5	14.5	14.5	15.5	15.5	12.5	13.5
1019	8	20.5	20.5	19.5	18.5	15.5	13.5	15.5	17.5	13.5	12.5
1022	8	20.5	20.5	17.5	19.5	13.5	15.5	15.5	17.5	13.5	13.5
1027	8	20.5	20.5	17.5	19.5	14.5	14.5	17.5	15.5	12.5	13.5
1032	8	20.5	21.5	18.5	18.5	14.5	15.5	16.5	17.5	11.5	12.5
1033	8	21.5	19.5	18.5	19.5	14.5	13.5	17.5	16.5	12.5	11.5
1034	8	21.5	19.5	18.5	19.5	15.5	13.5	17.5	15.5	11.5	12.5
1035	8	20.5	19.5	19.5	18.5	14.5	14.5	17.5	16.5	13.5	12.5
1049	8	21.5	20.5	19.5	19.5	15.5	13.5	16.5	16.5	12.5	12.5
1060	8	21.5	21.5	17.5	18.5	14.5	15.5	15.5	16.5	11.5	11.5
1063	8	20.5	20.5	18.5	17.5	15.5	13.5	15.5	15.5	12.5	12.5
1076	8	20.5	20.5	17.5	18.5	15.5	14.5	17.5	17.5	11.5	11.5
1077	8	19.5	20.5	18.5	18.5	13.5	13.5	16.5	16.5	11.5	13.5
1098	8	29.5	30.5	29.5	27.5	23.5	24.5	27.5	25.5	23.5	22.5
1103	8	20.5	20.5	17.5	18.5	13.5	13.5	17.5	17.5	11.5	11.5
1105	8	19.5	21.5	17.5	18.5	13.5	13.5	17.5	15.5	11.5	12.5
1113	8	20.5	19.5	17.5	17.5	15.5	14.5	15.5	17.5	12.5	13.5
1127	8	41.5	41.5	37.5	38.5	34.5	33.5	36.5	37.5	31.5	33.5
1143	8	21.5	19.5	18.5	17.5	15.5	14.5	16.5	16.5	12.5	13.5
1146	8	20.5	20.5	17.5	17.5	14.5	15.5	17.5	17.5	12.5	13.5
1165	8	21.5	21.5	17.5	18.5	15.5	13.5	15.5	16.5	11.5	11.5
1166	8	19.5	21.5	18.5	17.5	13.5	13.5	16.5	15.5	12.5	11.5
1170	8	21.5	19.5	17.5	19.5	15.5	15.5	15.5	17.5	11.5	11.5
1178	8	20.5	19.5	18.5	17.5	15.5	13.5	16.5	15.5	12.5	13.5
1205	8	21.5	19.5	17.5	18.5	15.5	13.5	17.5	17.5	11.5	11.5
1224	8	20.5	19.5	17.5	19.5	14.5	14.5	17.5	17.5	13.5	13.5
1248	8	19.5	21.5	19.5	17.5	14.5	15.5	15.5	17.5	11.5	13.5
1267	8	17.5	19.5	17.5	15.5	11.5	13.5	14.5	15.5	10.5	10.5
1285	8	21.5	19.5	18.5	19.5	13.5	15.5	16.5	15.5	13.5	12.5
1292	8	20.5	20.5	17.5	18.5	15.5	15.5	16.5	15.5	13.5	11.5
1298	8	21.5	20.5	17.5	17.5	13.5	15.5	16.5	17.5	11.5	12.5
1303	8	30.5	29.5	28.5	27.5	25.5	25.5	26.5	26.5	21.5	21.5
1331	8	31.5	31.5	28.5	28.5	24.5	23.5	26.5	26.5	22.5	23.5
1333	8	21.5	19.5	19.5	19.5	15.5	15.5	17.5	15.5	11.5	13.5
1342	8	19.5	20.5	19.5	18.5	15.5	15.5	15.5	16.5	11.5	12.5
1345	8	20.5	19.5	17.5	17.5	15.5	13.5	17.5	16.5	12.5	12.5
1354	8	19.5	20.5	17.5	17.5	13.5	15.5	16.5	16.5	13.5	12.5
1358	8	19.5	19.5	18.5	18.5	14.5	15.5	16.5	16.5	11.5	13.5
1362	8	20.5	20.5	18.5	17.5	13.5	13.5	17.5	15.5	11.5	13.5
1372	8	21.5	20.5	17.5	17.5	15.5	13.5	15.5	16.5	11.5	13.5
1373	8	19.5	20.5	19.5	17.5	15.5	14.5	15.5	15.5	13.5	12.5
1405	8	19.5	20.5	17.5	18.5	13.5	13.5	17.5	17.5	13.5	11.5
1406	8	20.5	20.5	18.5	17.5	14.5	13.5	16.5	17.5	11.5	13.5
1418	8	19.5	19.5	17.5	19.5	15.5	13.5	16.5	15.5	13.5	13.5
1445	8	20.5	19.5	18.5	19.5	15.5	15.5	16.5	16.5	13.5	12.5
1460	8	20.5	20.5	17.5	18.5	15.5	13.5	16.5	15.5	12.5	12.5
1483	8	19.5	19.5	18.5	19.5	15.5	15.5	17.5	16.5	11.5	12.5
1505	8	20.5	19.5	17.5	19.5	14.5	14.5	16.5	16.5	12.5	11.5
1519	8	19.5	19.5	17.5	19.5	13.5	15.5	17.5	15.5	11.5	12.5
1521	8	20.5	20.5	18.5	18.5	14.5	13.5	15.5	15.5	11.5	11.5
1527	8	19.5	19.5	19.5	17.5	14.5	15.5	15.5	15.5	12.5	13.5
1528	8	19.5	20.5	19.5	18.5	15.5	15.5	16.5	16.5	11.5	13.5
1541	8	21.5	19.5	17.5	18.5	15.5	14.5	15.5	15.5	11.5	11.5
1543	8	20.5	21.5	19.5	19.5	15.5	13.5	16.5	16.5	11.5	11.5
1547	8	20.5	19.5	19.5	18.5	14.5	15.5	17.5	17.5	12.5	11.5
1569	8	60.5	61.5	58.5	59.5	55.5	54.5	57.5	55.5	51.5	51.5
1578	8	21.5	19.5	18.5	17.5	13.5	14.5	17.5	17.5	11.5	13.5
1584	8	19.5	21.5	19.5	17.5	15.5	15.5	16.5	17.5	13.5	13.5
1599	8	19.5	20.5	17.5	17.5	15.5	13.5	16.5	17.5	13.5	11.5
1600	8	20.5	19.5	17.5	19.5	15.5	13.5	16.5	17.5	12.5	13.5
1664	8	20.5	20.5	19.5	17.5	13.5	14.5	16.5	15.5	13.5	12.5
1674	8	20.5	21.5	17.5	19.5	15.5	14.5	15.5	16.5	13.5	12.5
1675	8	21.5	21.5	17.5	19.5	15.5	14.5	16.5	16.5	11.5	12.5
1695	8	19.5	19.5	19.5	19.5	15.5	15.5	17.5	17.5	12.5	11.5
1716	8	31.5	29.5	28.5	27.5	24.5	23.5	26.5	25.5	22.5	21.5
1723	8	20.5	21.5	17.5	18.5	13.5	13.5	16.5	15.5	12.5	13.5
1728	8	39.5	39.5	39.5	37.5	34.5	35.5	37.5	37.5	33.5	31.5
1729	8	21.5	19.5	18.5	19.5	13.5	15.5	15.5	15.5	12.5	11.5
1731	8	21.5	20.5	17.5	17.5	13.5	14.5	16.5	17.5	11.5	13.5
1737	8	19.5	21.5	19.5	19.5	14.5	14.5	17.5	17.5	11.5	11.5
1744	8	21.5	19.5	17.5	18.5	14.5	14.5	15.5	15.5	11.5	13.5
1751	8	20.5	19.5	17.5	17.5	15.5	14.5	15.5	17.5	12.5	12.5
1758	8	19.5	20.5	19.5	18.5	15.5	14.5	16.5	16.5	11.5	13.5
1772	8	21.5	21.5	19.5	17.5	13.5	13.5	16.5	17.5	13.5	11.5
1775	8	20.5	20.5	17.5	17.5	13.5	15.5	15.5	16.5	13.5	11.5
1783	8	21.5	20.5	19.5	17.5	14.5	15.5	17.5	17.5	12.5	13.5
1797	8	21.5	19.5	19.5	19.5	13.5	14.5	16.5	16.5	13.5	13.5
1801	8	21.5	19.5	19.5	17.5	15.5	15.5	17.5	15.5	11.5	13.5
1810	8	21.5	21.5	19.5	17.5	15.5	14.5	17.5	16.5	13.5	13.5
1811	8	20.5	21.5	17.5	19.5	14.5	14.5	16.5	15.5	12.5	12.5
1814	8	19.5	19.5	19.5	18.5	13.5	13.5	17.5	15.5	11.5	12.5
1815	8	19.5	19.5	18.5	17.5	14.5	14.5	16.5	15.5	11.5	12.5
1821	8	19.5	21.5	19.5	17.5	15.5	13.5	15.5	17.5	13.5	13.5
0	1	0	0	0	0	0	0	0	0	0	0
0	2	0	0	0	0	0	0	0	0	0	0
0	3	0	0	0	0	0	0	0	0	0	0
0	4	0	0	0	0	0	0	0	0	0	0
0	5	0	0	0	0	0	0	0	0	0	0
0	6	0	0	0	0	0	0	0	0	0	0
0	7	0	0	0	0	0	0	0	0	0	0
0	8	0	0	0	0	0	0	0	0	0	0
1838	1	0	0	0	0	0	0	0	0	0	0
1838	2	0	0	0	0	0	0	0	0	0	0
1838	3	0	0	0	0	0	0	0	0	0	0
1838	4	0	0	0	0	0	0	0	0	0	0
1838	5	0	0	0	0	0	0	0	0	0	0
1838	6	0	0	0	0	0	0	0	0	0	0
1838	7	0	0	0	0	0	0	0	0	0	0
1838	8	0	0	0	0	0	0	0	0	0	0
