N	D	1	2	3	4	5	6	7	8	9	10
13	1	17	17	15	15	10	9	13	13	7	9
39	1	14	15	13	11	8	7	11	9	7	5
44	1	20	19	17	18	13	12	14	15	10	12
54	1	15	17	14	14	10	11	12	11	9	9
55	1	16	15	13	15	11	10	13	11	8	7
60	1	15	16	13	15	10	10	11	13	8	8
74	1	15	14	12	13	8	9	11	10	6	6
82	1	15	16	15	13	11	11	13	12	8	8
86	1	15	16	15	14	11	11	13	12	9	8
88	1	14	14	12	13	7	8	11	10	7	7
97	1	15	14	12	13	7	7	9	10	5	7
115	1	15	17	14	13	10	9	13	12	9	7
160	1	13	13	11	11	9	9	9	9	5	6
171	1	17	17	13	14	9	9	13	11	8	8
184	1	15	16	13	14	9	11	13	12	9	8
196	1	15	16	13	14	9	11	13	12	9	8
198	1	16	16	14	14	10	9	13	13	9	8
206	1	16	15	14	14	11	10	11	13	7	9
211	1	16	16	15	13	10	9	13	13	9	9
248	1	16	16	14	14	10	11	11	11	8	8
249	1	15	16	15	15	9	11	13	12	8	7
256	1	14	15	11	13	9	7	9	10	5	6
300	1	15	17	13	15	9	11	11	12	9	8
354	1	16	15	15	14	11	11	13	12	7	8
371	1	15	15	14	14	11	10	11	11	8	7
398	1	15	15	15	15	9	11	11	12	9	7
401	1	17	15	14	13	10	10	13	11	7	9
402	1	15	17	14	14	9	11	13	12	7	8
405	1	17	15	14	14	9	10	13	12	8	8
427	1	16	16	14	14	10	11	12	11	8	9
438	1	16	15	13	15	10	11	13	11	8	8
473	1	16	17	13	13	9	11	11	12	8	9
478	1	31	31	29	27	25	23	27	25	23	22
482	1	17	16	13	13	10	10	11	12	8	9
498	1	16	15	15	13	10	9	12	12	9	8
531	1	16	16	15	13	11	9	12	12	8	7
532	1	16	17	13	14	11	11	13	11	7	8
538	1	29	30	28	28	23	24	25	27	22	21
541	1	15	15	14	14	11	11	13	11	8	9
548	1	17	16	15	14	9	10	12	11	7	9
557	1	16	16	15	15	9	11	11	12	8	7
608	1	16	16	13	15	10	9	13	11	9	8
629	1	13	15	13	13	9	7	10	10	5	6
637	1	17	17	15	14	9	10	13	13	7	7
640	1	17	17	13	15	11	9	13	13	8	7
647	1	22	23	22	22	16	18	19	19	16	14
651	1	17	16	13	13	10	11	12	12	7	8
668	1	15	17	14	14	9	11	11	13	9	8
669	1	15	15	14	14	11	9	11	12	7	7
685	1	17	16	15	15	11	10	12	11	9	9
689	1	15	16	14	14	11	9	12	13	7	7
700	1	17	17	13	15	9	9	12	11	9	7
715	1	16	15	15	15	11	10	12	12	8	7
726	1	16	17	15	14	11	9	12	12	8	8
736	1	15	15	15	15	11	10	11	13	8	9
740	1	15	15	15	15	9	11	11	12	9	7
750	1	14	14	12	13	8	8	10	9	6	6
765	1	17	15	15	14	9	9	12	13	9	8
775	1	17	16	14	13	9	9	12	12	7	9
784	1	16	16	13	14	10	11	12	12	8	7
794	1	17	16	13	15	11	10	13	13	7	7
808	1	31	29	29	27	24	23	26	25	21	21
816	1	17	16	15	13	11	11	13	11	9	7
818	1	17	15	15	14	11	11	13	11	9	9
822	1	16	15	13	14	9	11	13	11	7	8
853	1	15	15	13	14	9	9	11	13	9	7
878	1	16	15	13	14	11	11	11	12	9	7
883	1	16	16	14	14	9	9	12	13	9	7
940	1	23	24	22	20	16	16	20	18	15	14
964	1	16	16	14	14	9	10	12	13	9	9
965	1	17	15	15	15	9	9	11	12	9	7
974	1	15	17	15	14	10	11	12	13	7	8
987	1	16	17	14	15	11	9	11	13	7	8
991	1	17	17	13	14	10	11	12	13	9	8
1002	1	17	15	14	14	9	11	12	11	7	7
1056	1	16	16	13	15	10	9	12	13	7	8
1065	1	22	24	22	22	17	18	18	19	16	14
1066	1	17	17	13	14	9	10	13	11	7	8
1075	1	16	17	13	15	9	11	13	13	8	9
1081	1	17	17	14	14	11	9	13	13	8	8
1082	1	17	16	14	15	9	10	12	11	7	9
1111	1	17	15	13	15	10	11	11	12	7	9
1118	1	17	15	15	13	10	10	11	13	8	7
1124	1	16	15	15	14	11	10	12	11	9	7
1133	1	15	17	14	15	11	10	12	13	7	7
1138	1	17	17	14	15	10	9	13	13	7	7
1162	1	15	14	12	12	9	8	10	11	5	7
1184	1	16	16	13	13	11	11	12	11	7	8
1194	1	17	16	14	14	9	11	13	11	7	9
1197	1	17	15	14	15	9	9	12	11	7	9
1204	1	17	15	15	15	11	10	13	11	9	7
1208	1	17	15	15	14	11	11	13	12	9	8
1216	1	16	16	15	15	10	9	11	13	8	7
1225	1	17	17	15	13	11	10	12	11	9	7
1254	1	17	17	14	13	11	11	11	12	9	9
1259	1	17	17	13	13	9	10	12	13	9	8
1262	1	17	16	14	15	9	10	13	12	9	7
1266	1	16	16	14	14	11	11	11	12	8	9
1268	1	14	14	12	13	8	8	11	9	7	6
1270	1	15	15	14	13	10	10	11	12	7	9
1272	1	17	17	14	15	10	9	11	12	8	7
1280	1	16	16	13	13	9	9	11	11	9	9
1295	1	16	15	13	13	11	10	13	12	7	7
1320	1	17	15	15	14	10	11	12	11	7	8
1329	1	22	22	21	20	17	17	19	19	14	16
1390	1	23	22	21	22	17	18	20	19	15	15
1402	1	24	22	22	20	18	16	20	19	14	16
1414	1	15	15	13	14	11	11	11	12	8	7
1425	1	17	15	15	14	10	10	12	11	9	8
1436	1	15	16	15	15	10	9	12	13	7	9
1439	1	17	16	14	13	9	11	11	11	8	9
1443	1	15	15	14	14	11	9	12	12	9	8
1467	1	16	15	13	13	9	10	12	11	9	8
1477	1	15	15	14	14	9	10	12	13	9	9
1497	1	16	15	15	15	11	9	12	12	8	9
1499	1	16	15	13	15	9	9	13	13	8	9
1520	1	17	15	15	15	10	9	11	11	9	7
1540	1	17	15	14	15	10	9	11	12	7	8
1556	1	16	16	13	15	9	11	13	12	9	9
1558	1	15	17	14	14	9	11	12	12	7	7
1575	1	15	15	15	14	10	10	11	13	8	9
1583	1	15	16	13	13	9	9	12	11	7	8
1590	1	17	17	15	13	9	10	11	13	9	8
1599	1	17	15	14	15	9	11	13	12	9	7
1618	1	17	15	14	15	10	9	13	13	8	7
1619	1	17	17	13	13	11	11	11	11	9	9
1620	1	16	17	13	13	10	9	13	12	9	8
1623	1	15	15	13	14	11	9	13	12	7	7
1633	1	17	17	13	14	10	11	12	11	7	9
1639	1	16	15	13	13	10	10	12	12	8	7
1660	1	15	16	13	14	11	10	11	13	8	9
1662	1	17	15	14	14	9	10	12	13	7	9
1667	1	15	16	14	15	11	10	13	11	7	9
1677	1	16	16	14	13	9	9	11	11	8	8
1692	1	15	17	13	13	11	11	12	13	8	7
1695	1	17	17	15	14	11	11	12	13	9	9
1726	1	16	15	15	15	11	11	12	13	9	7
1738	1	22	23	22	20	18	17	20	18	15	15
1743	1	17	15	15	14	10	10	13	13	9	8
1764	1	16	15	13	15	9	10	13	13	8	7
1796	1	17	17	14	14	11	11	13	11	7	8
1804	1	15	15	15	14	10	9	13	13	7	9
1812	1	24	24	21	21	16	17	19	18	15	14
1832	1	16	15	14	14	11	9	12	12	7	8
13	2	17.5	17.5	15.5	15.5	10.5	9.5	13.5	13.5	7.5	9.5
39	2	14.5	15.5	13.5	11.5	8.5	7.5	11.5	9.5	7.5	5.5
44	2	20.5	19.5	17.5	18.5	13.5	12.5	14.5	15.5	10.5	12.5
54	2	15.5	17.5	14.5	14.5	10.5	11.5	12.5	11.5	9.5	9.5
55	2	16.5	15.5	13.5	15.5	11.5	10.5	13.5	11.5	8.5	7.5
60	2	15.5	16.5	13.5	15.5	10.5	10.5	11.5	13.5	8.5	8.5
74	2	15.5	14.5	12.5	13.5	8.5	9.5	11.5	10.5	6.5	6.5
82	2	15.5	16.5	15.5	13.5	11.5	11.5	13.5	12.5	8.5	8.5
86	2	15.5	16.5	15.5	14.5	11.5	11.5	13.5	12.5	9.5	8.5
88	2	14.5	14.5	12.5	13.5	7.5	8.5	11.5	10.5	7.5	7.5
97	2	15.5	14.5	12.5	13.5	7.5	7.5	9.5	10.5	5.5	7.5
115	2	15.5	17.5	14.5	13.5	10.5	9.5	13.5	12.5	9.5	7.5
160	2	13.5	13.5	11.5	11.5	9.5	9.5	9.5	9.5	5.5	6.5
171	2	17.5	17.5	13.5	14.5	9.5	9.5	13.5	11.5	8.5	8.5
184	2	15.5	16.5	13.5	14.5	9.5	11.5	13.5	12.5	9.5	8.5
196	2	15.5	16.5	13.5	14.5	9.5	11.5	13.5	12.5	9.5	8.5
198	2	16.5	16.5	14.5	14.5	10.5	9.5	13.5	13.5	9.5	8.5
206	2	16.5	15.5	14.5	14.5	11.5	10.5	11.5	13.5	7.5	9.5
211	2	16.5	16.5	15.5	13.5	10.5	9.5	13.5	13.5	9.5	9.5
248	2	16.5	16.5	14.5	14.5	10.5	11.5	11.5	11.5	8.5	8.5
249	2	15.5	16.5	15.5	15.5	9.5	11.5	13.5	12.5	8.5	7.5
256	2	14.5	15.5	11.5	13.5	9.5	7.5	9.5	10.5	5.5	6.5
300	2	15.5	17.5	13.5	15.5	9.5	11.5	11.5	12.5	9.5	8.5
354	2	16.5	15.5	15.5	14.5	11.5	11.5	13.5	12.5	7.5	8.5
371	2	15.5	15.5	14.5	14.5	11.5	10.5	11.5	11.5	8.5	7.5
398	2	15.5	15.5	15.5	15.5	9.5	11.5	11.5	12.5	9.5	7.5
401	2	17.5	15.5	14.5	13.5	10.5	10.5	13.5	11.5	7.5	9.5
402	2	15.5	17.5	14.5	14.5	9.5	11.5	13.5	12.5	7.5	8.5
405	2	17.5	15.5	14.5	14.5	9.5	10.5	13.5	12.5	8.5	8.5
427	2	16.5	16.5	14.5	14.5	10.5	11.5	12.5	11.5	8.5	9.5
438	2	16.5	15.5	13.5	15.5	10.5	11.5	13.5	11.5	8.5	8.5
473	2	16.5	17.5	13.5	13.5	9.5	11.5	11.5	12.5	8.5	9.5
478	2	31.5	31.5	29.5	27.5	25.5	23.5	27.5	25.5	23.5	22.5
482	2	17.5	16.5	13.5	13.5	10.5	10.5	11.5	12.5	8.5	9.5
498	2	16.5	15.5	15.5	13.5	10.5	9.5	12.5	12.5	9.5	8.5
531	2	16.5	16.5	15.5	13.5	11.5	9.5	12.5	12.5	8.5	7.5
532	2	16.5	17.5	13.5	14.5	11.5	11.5	13.5	11.5	7.5	8.5
538	2	29.5	30.5	28.5	28.5	23.5	24.5	25.5	27.5	22.5	21.5
541	2	15.5	15.5	14.5	14.5	11.5	11.5	13.5	11.5	8.5	9.5
548	2	17.5	16.5	15.5	14.5	9.5	10.5	12.5	11.5	7.5	9.5
557	2	16.5	16.5	15.5	15.5	9.5	11.5	11.5	12.5	8.5	7.5
608	2	16.5	16.5	13.5	15.5	10.5	9.5	13.5	11.5	9.5	8.5
629	2	13.5	15.5	13.5	13.5	9.5	7.5	10.5	10.5	5.5	6.5
637	2	17.5	17.5	15.5	14.5	9.5	10.5	13.5	13.5	7.5	7.5
640	2	17.5	17.5	13.5	15.5	11.5	9.5	13.5	13.5	8.5	7.5
647	2	22.5	23.5	22.5	22.5	16.5	18.5	19.5	19.5	16.5	14.5
651	2	17.5	16.5	13.5	13.5	10.5	11.5	12.5	12.5	7.5	8.5
668	2	15.5	17.5	14.5	14.5	9.5	11.5	11.5	13.5	9.5	8.5
669	2	15.5	15.5	14.5	14.5	11.5	9.5	11.5	12.5	7.5	7.5
685	2	17.5	16.5	15.5	15.5	11.5	10.5	12.5	11.5	9.5	9.5
689	2	15.5	16.5	14.5	14.5	11.5	9.5	12.5	13.5	7.5	7.5
700	2	17.5	17.5	13.5	15.5	9.5	9.5	12.5	11.5	9.5	7.5
715	2	16.5	15.5	15.5	15.5	11.5	10.5	12.5	12.5	8.5	7.5
726	2	16.5	17.5	15.5	14.5	11.5	9.5	12.5	12.5	8.5	8.5
736	2	15.5	15.5	15.5	15.5	11.5	10.5	11.5	13.5	8.5	9.5
740	2	15.5	15.5	15.5	15.5	9.5	11.5	11.5	12.5	9.5	7.5
750	2	14.5	14.5	12.5	13.5	8.5	8.5	10.5	9.5	6.5	6.5
765	2	17.5	15.5	15.5	14.5	9.5	9.5	12.5	13.5	9.5	8.5
775	2	17.5	16.5	14.5	13.5	9.5	9.5	12.5	12.5	7.5	9.5
784	2	16.5	16.5	13.5	14.5	10.5	11.5	12.5	12.5	8.5	7.5
794	2	17.5	16.5	13.5	15.5	11.5	10.5	13.5	13.5	7.5	7.5
808	2	31.5	29.5	29.5	27.5	24.5	23.5	26.5	25.5	21.5	21.5
816	2	17.5	16.5	15.5	13.5	11.5	11.5	13.5	11.5	9.5	7.5
818	2	17.5	15.5	15.5	14.5	11.5	11.5	13.5	11.5	9.5	9.5
822	2	16.5	15.5	13.5	14.5	9.5	11.5	13.5	11.5	7.5	8.5
853	2	15.5	15.5	13.5	14.5	9.5	9.5	11.5	13.5	9.5	7.5
878	2	16.5	15.5	13.5	14.5	11.5	11.5	11.5	12.5	9.5	7.5
883	2	16.5	16.5	14.5	14.5	9.5	9.5	12.5	13.5	9.5	7.5
940	2	23.5	24.5	22.5	20.5	16.5	16.5	20.5	18.5	15.5	14.5
964	2	16.5	16.5	14.5	14.5	9.5	10.5	12.5	13.5	9.5	9.5
965	2	17.5	15.5	15.5	15.5	9.5	9.5	11.5	12.5	9.5	7.5
974	2	15.5	17.5	15.5	14.5	10.5	11.5	12.5	13.5	7.5	8.5
987	2	16.5	17.5	14.5	15.5	11.5	9.5	11.5	13.5	7.5	8.5
991	2	17.5	17.5	13.5	14.5	10.5	11.5	12.5	13.5	9.5	8.5
1002	2	17.5	15.5	14.5	14.5	9.5	11.5	12.5	11.5	7.5	7.5
1056	2	16.5	16.5	13.5	15.5	10.5	9.5	12.5	13.5	7.5	8.5
1065	2	22.5	24.5	22.5	22.5	17.5	18.5	18.5	19.5	16.5	14.5
1066	2	17.5	17.5	13.5	14.5	9.5	10.5	13.5	11.5	7.5	8.5
1075	2	16.5	17.5	13.5	15.5	9.5	11.5	13.5	13.5	8.5	9.5
1081	2	17.5	17.5	14.5	14.5	11.5	9.5	13.5	13.5	8.5	8.5
1082	2	17.5	16.5	14.5	15.5	9.5	10.5	12.5	11.5	7.5	9.5
1111	2	17.5	15.5	13.5	15.5	10.5	11.5	11.5	12.5	7.5	9.5
1118	2	17.5	15.5	15.5	13.5	10.5	10.5	11.5	13.5	8.5	7.5
1124	2	16.5	15.5	15.5	14.5	11.5	10.5	12.5	11.5	9.5	7.5
1133	2	15.5	17.5	14.5	15.5	11.5	10.5	12.5	13.5	7.5	7.5
1138	2	17.5	17.5	14.5	15.5	10.5	9.5	13.5	13.5	7.5	7.5
1162	2	15.5	14.5	12.5	12.5	9.5	8.5	10.5	11.5	5.5	7.5
1184	2	16.5	16.5	13.5	13.5	11.5	11.5	12.5	11.5	7.5	8.5
1194	2	17.5	16.5	14.5	14.5	9.5	11.5	13.5	11.5	7.5	9.5
1197	2	17.5	15.5	14.5	15.5	9.5	9.5	12.5	11.5	7.5	9.5
1204	2	17.5	15.5	15.5	15.5	11.5	10.5	13.5	11.5	9.5	7.5
1208	2	17.5	15.5	15.5	14.5	11.5	11.5	13.5	12.5	9.5	8.5
1216	2	16.5	16.5	15.5	15.5	10.5	9.5	11.5	13.5	8.5	7.5
1225	2	17.5	17.5	15.5	13.5	11.5	10.5	12.5	11.5	9.5	7.5
1254	2	17.5	17.5	14.5	13.5	11.5	11.5	11.5	12.5	9.5	9.5
1259	2	17.5	17.5	13.5	13.5	9.5	10.5	12.5	13.5	9.5	8.5
1262	2	17.5	16.5	14.5	15.5	9.5	10.5	13.5	12.5	9.5	7.5
1266	2	16.5	16.5	14.5	14.5	11.5	11.5	11.5	12.5	8.5	9.5
1268	2	14.5	14.5	12.5	13.5	8.5	8.5	11.5	9.5	7.5	6.5
1270	2	15.5	15.5	14.5	13.5	10.5	10.5	11.5	12.5	7.5	9.5
1272	2	17.5	17.5	14.5	15.5	10.5	9.5	11.5	12.5	8.5	7.5
1280	2	16.5	16.5	13.5	13.5	9.5	9.5	11.5	11.5	9.5	9.5
1295	2	16.5	15.5	13.5	13.5	11.5	10.5	13.5	12.5	7.5	7.5
1320	2	17.5	15.5	15.5	14.5	10.5	11.5	12.5	11.5	7.5	8.5
1329	2	22.5	22.5	21.5	20.5	17.5	17.5	19.5	19.5	14.5	16.5
1390	2	23.5	22.5	21.5	22.5	17.5	18.5	20.5	19.5	15.5	15.5
1402	2	24.5	22.5	22.5	20.5	18.5	16.5	20.5	19.5	14.5	16.5
1414	2	15.5	15.5	13.5	14.5	11.5	11.5	11.5	12.5	8.5	7.5
1425	2	17.5	15.5	15.5	14.5	10.5	10.5	12.5	11.5	9.5	8.5
1436	2	15.5	16.5	15.5	15.5	10.5	9.5	12.5	13.5	7.5	9.5
1439	2	17.5	16.5	14.5	13.5	9.5	11.5	11.5	11.5	8.5	9.5
1443	2	15.5	15.5	14.5	14.5	11.5	9.5	12.5	12.5	9.5	8.5
1467	2	16.5	15.5	13.5	13.5	9.5	10.5	12.5	11.5	9.5	8.5
1477	2	15.5	15.5	14.5	14.5	9.5	10.5	12.5	13.5	9.5	9.5
1497	2	16.5	15.5	15.5	15.5	11.5	9.5	12.5	12.5	8.5	9.5
1499	2	16.5	15.5	13.5	15.5	9.5	9.5	13.5	13.5	8.5	9.5
1520	2	17.5	15.5	15.5	15.5	10.5	9.5	11.5	11.5	9.5	7.5
1540	2	17.5	15.5	14.5	15.5	10.5	9.5	11.5	12.5	7.5	8.5
1556	2	16.5	16.5	13.5	15.5	9.5	11.5	13.5	12.5	9.5	9.5
1558	2	15.5	17.5	14.5	14.5	9.5	11.5	12.5	12.5	7.5	7.5
1575	2	15.5	15.5	15.5	14.5	10.5	10.5	11.5	13.5	8.5	9.5
1583	2	15.5	16.5	13.5	13.5	9.5	9.5	12.5	11.5	7.5	8.5
1590	2	17.5	17.5	15.5	13.5	9.5	10.5	11.5	13.5	9.5	8.5
1599	2	17.5	15.5	14.5	15.5	9.5	11.5	13.5	12.5	9.5	7.5
1618	2	17.5	15.5	14.5	15.5	10.5	9.5	13.5	13.5	8.5	7.5
1619	2	17.5	17.5	13.5	13.5	11.5	11.5	11.5	11.5	9.5	9.5
1620	2	16.5	17.5	13.5	13.5	10.5	9.5	13.5	12.5	9.5	8.5
1623	2	15.5	15.5	13.5	14.5	11.5	9.5	13.5	12.5	7.5	7.5
1633	2	17.5	17.5	13.5	14.5	10.5	11.5	12.5	11.5	7.5	9.5
1639	2	16.5	15.5	13.5	13.5	10.5	10.5	12.5	12.5	8.5	7.5
1660	2	15.5	16.5	13.5	14.5	11.5	10.5	11.5	13.5	8.5	9.5
1662	2	17.5	15.5	14.5	14.5	9.5	10.5	12.5	13.5	7.5	9.5
1667	2	15.5	16.5	14.5	15.5	11.5	10.5	13.5	11.5	7.5	9.5
1677	2	16.5	16.5	14.5	13.5	9.5	9.5	11.5	11.5	8.5	8.5
1692	2	15.5	17.5	13.5	13.5	11.5	11.5	12.5	13.5	8.5	7.5
1695	2	17.5	17.5	15.5	14.5	11.5	11.5	12.5	13.5	9.5	9.5
1726	2	16.5	15.5	15.5	15.5	11.5	11.5	12.5	13.5	9.5	7.5
1738	2	22.5	23.5	22.5	20.5	18.5	17.5	20.5	18.5	15.5	15.5
1743	2	17.5	15.5	15.5	14.5	10.5	10.5	13.5	13.5	9.5	8.5
1764	2	16.5	15.5	13.5	15.5	9.5	10.5	13.5	13.5	8.5	7.5
1796	2	17.5	17.5	14.5	14.5	11.5	11.5	13.5	11.5	7.5	8.5
1804	2	15.5	15.5	15.5	14.5	10.5	9.5	13.5	13.5	7.5	9.5
1812	2	24.5	24.5	21.5	21.5	16.5	17.5	19.5	18.5	15.5	14.5
1832	2	16.5	15.5	14.5	14.5	11.5	9.5	12.5	12.5	7.5	8.5
13	3	18	18	16	16	11	10	14	14	8	10
39	3	15	16	14	12	9	8	12	10	8	6
44	3	21	20	18	19	14	13	15	16	11	13
54	3	16	18	15	15	11	12	13	12	10	10
55	3	17	16	14	16	12	11	14	12	9	8
60	3	16	17	14	16	11	11	12	14	9	9
74	3	16	15	13	14	9	10	12	11	7	7
82	3	16	17	16	14	12	12	14	13	9	9
86	3	16	17	16	15	12	12	14	13	10	9
88	3	15	15	13	14	8	9	12	11	8	8
97	3	16	15	13	14	8	8	10	11	6	8
115	3	16	18	15	14	11	10	14	13	10	8
160	3	14	14	12	12	10	10	10	10	6	7
171	3	18	18	14	15	10	10	14	12	9	9
184	3	16	17	14	15	10	12	14	13	10	9
196	3	16	17	14	15	10	12	14	13	10	9
198	3	17	17	15	15	11	10	14	14	10	9
206	3	17	16	15	15	12	11	12	14	8	10
211	3	17	17	16	14	11	10	14	14	10	10
248	3	17	17	15	15	11	12	12	12	9	9
249	3	16	17	16	16	10	12	14	13	9	8
256	3	15	16	12	14	10	8	10	11	6	7
300	3	16	18	14	16	10	12	12	13	10	9
354	3	17	16	16	15	12	12	14	13	8	9
371	3	16	16	15	15	12	11	12	12	9	8
398	3	16	16	16	16	10	12	12	13	10	8
401	3	18	16	15	14	11	11	14	12	8	10
402	3	16	18	15	15	10	12	14	13	8	9
405	3	18	16	15	15	10	11	14	13	9	9
427	3	17	17	15	15	11	12	13	12	9	10
438	3	17	16	14	16	11	12	14	12	9	9
473	3	17	18	14	14	10	12	12	13	9	10
478	3	32	32	30	28	26	24	28	26	24	23
482	3	18	17	14	14	11	11	12	13	9	10
498	3	17	16	16	14	11	10	13	13	10	9
531	3	17	17	16	14	12	10	13	13	9	8
532	3	17	18	14	15	12	12	14	12	8	9
538	3	30	31	29	29	24	25	26	28	23	22
541	3	16	16	15	15	12	12	14	12	9	10
548	3	18	17	16	15	10	11	13	12	8	10
557	3	17	17	16	16	10	12	12	13	9	8
608	3	17	17	14	16	11	10	14	12	10	9
629	3	14	16	14	14	10	8	11	11	6	7
637	3	18	18	16	15	10	11	14	14	8	8
640	3	18	18	14	16	12	10	14	14	9	8
647	3	23	24	23	23	17	19	20	20	17	15
651	3	18	17	14	14	11	12	13	13	8	9
668	3	16	18	15	15	10	12	12	14	10	9
669	3	16	16	15	15	12	10	12	13	8	8
685	3	18	17	16	16	12	11	13	12	10	10
689	3	16	17	15	15	12	10	13	14	8	8
700	3	18	18	14	16	10	10	13	12	10	8
715	3	17	16	16	16	12	11	13	13	9	8
726	3	17	18	16	15	12	10	13	13	9	9
736	3	16	16	16	16	12	11	12	14	9	10
740	3	16	16	16	16	10	12	12	13	10	8
750	3	15	15	13	14	9	9	11	10	7	7
765	3	18	16	16	15	10	10	13	14	10	9
775	3	18	17	15	14	10	10	13	13	8	10
784	3	17	17	14	15	11	12	13	13	9	8
794	3	18	17	14	16	12	11	14	14	8	8
808	3	32	30	30	28	25	24	27	26	22	22
816	3	18	17	16	14	12	12	14	12	10	8
818	3	18	16	16	15	12	12	14	12	10	10
822	3	17	16	14	15	10	12	14	12	8	9
853	3	16	16	14	15	10	10	12	14	10	8
878	3	17	16	14	15	12	12	12	13	10	8
883	3	17	17	15	15	10	10	13	14	10	8
940	3	24	25	23	21	17	17	21	19	16	15
964	3	17	17	15	15	10	11	13	14	10	10
965	3	18	16	16	16	10	10	12	13	10	8
974	3	16	18	16	15	11	12	13	14	8	9
987	3	17	18	15	16	12	10	12	14	8	9
991	3	18	18	14	15	11	12	13	14	10	9
1002	3	18	16	15	15	10	12	13	12	8	8
1056	3	17	17	14	16	11	10	13	14	8	9
1065	3	23	25	23	23	18	19	19	20	17	15
1066	3	18	18	14	15	10	11	14	12	8	9
1075	3	17	18	14	16	10	12	14	14	9	10
1081	3	18	18	15	15	12	10	14	14	9	9
1082	3	18	17	15	16	10	11	13	12	8	10
1111	3	18	16	14	16	11	12	12	13	8	10
1118	3	18	16	16	14	11	11	12	14	9	8
1124	3	17	16	16	15	12	11	13	12	10	8
1133	3	16	18	15	16	12	11	13	14	8	8
1138	3	18	18	15	16	11	10	14	14	8	8
1162	3	16	15	13	13	10	9	11	12	6	8
1184	3	17	17	14	14	12	12	13	12	8	9
1194	3	18	17	15	15	10	12	14	12	8	10
1197	3	18	16	15	16	10	10	13	12	8	10
1204	3	18	16	16	16	12	11	14	12	10	8
1208	3	18	16	16	15	12	12	14	13	10	9
1216	3	17	17	16	16	11	10	12	14	9	8
1225	3	18	18	16	14	12	11	13	12	10	8
1254	3	18	18	15	14	12	12	12	13	10	10
1259	3	18	18	14	14	10	11	13	14	10	9
1262	3	18	17	15	16	10	11	14	13	10	8
1266	3	17	17	15	15	12	12	12	13	9	10
1268	3	15	15	13	14	9	9	12	10	8	7
1270	3	16	16	15	14	11	11	12	13	8	10
1272	3	18	18	15	16	11	10	12	13	9	8
1280	3	17	17	14	14	10	10	12	12	10	10
1295	3	17	16	14	14	12	11	14	13	8	8
1320	3	18	16	16	15	11	12	13	12	8	9
1329	3	23	23	22	21	18	18	20	20	15	17
1390	3	24	23	22	23	18	19	21	20	16	16
1402	3	25	23	23	21	19	17	21	20	15	17
1414	3	16	16	14	15	12	12	12	13	9	8
1425	3	18	16	16	15	11	11	13	12	10	9
1436	3	16	17	16	16	11	10	13	14	8	10
1439	3	18	17	15	14	10	12	12	12	9	10
1443	3	16	16	15	15	12	10	13	13	10	9
1467	3	17	16	14	14	10	11	13	12	10	9
1477	3	16	16	15	15	10	11	13	14	10	10
1497	3	17	16	16	16	12	10	13	13	9	10
1499	3	17	16	14	16	10	10	14	14	9	10
1520	3	18	16	16	16	11	10	12	12	10	8
1540	3	18	16	15	16	11	10	12	13	8	9
1556	3	17	17	14	16	10	12	14	13	10	10
1558	3	16	18	15	15	10	12	13	13	8	8
1575	3	16	16	16	15	11	11	12	14	9	10
1583	3	16	17	14	14	10	10	13	12	8	9
1590	3	18	18	16	14	10	11	12	14	10	9
1599	3	18	16	15	16	10	12	14	13	10	8
1618	3	18	16	15	16	11	10	14	14	9	8
1619	3	18	18	14	14	12	12	12	12	10	10
1620	3	17	18	14	14	11	10	14	13	10	9
1623	3	16	16	14	15	12	10	14	13	8	8
1633	3	18	18	14	15	11	12	13	12	8	10
1639	3	17	16	14	14	11	11	13	13	9	8
1660	3	16	17	14	15	12	11	12	14	9	10
1662	3	18	16	15	15	10	11	13	14	8	10
1667	3	16	17	15	16	12	11	14	12	8	10
1677	3	17	17	15	14	10	10	12	12	9	9
1692	3	16	18	14	14	12	12	13	14	9	8
1695	3	18	18	16	15	12	12	13	14	10	10
1726	3	17	16	16	16	12	12	13	14	10	8
1738	3	23	24	23	21	19	18	21	19	16	16
1743	3	18	16	16	15	11	11	14	14	10	9
1764	3	17	16	14	16	10	11	14	14	9	8
1796	3	18	18	15	15	12	12	14	12	8	9
1804	3	16	16	16	15	11	10	14	14	8	10
1812	3	25	25	22	22	17	18	20	19	16	15
1832	3	17	16	15	15	12	10	13	13	8	9
13	4	18.5	18.5	16.5	16.5	11.5	10.5	14.5	14.5	8.5	10.5
39	4	15.5	16.5	14.5	12.5	9.5	8.5	12.5	10.5	8.5	6.5
44	4	21.5	20.5	18.5	19.5	14.5	13.5	15.5	16.5	11.5	13.5
54	4	16.5	18.5	15.5	15.5	11.5	12.5	13.5	12.5	10.5	10.5
55	4	17.5	16.5	14.5	16.5	12.5	11.5	14.5	12.5	9.5	8.5
60	4	16.5	17.5	14.5	16.5	11.5	11.5	12.5	14.5	9.5	9.5
74	4	16.5	15.5	13.5	14.5	9.5	10.5	12.5	11.5	7.5	7.5
82	4	16.5	17.5	16.5	14.5	12.5	12.5	14.5	13.5	9.5	9.5
86	4	16.5	17.5	16.5	15.5	12.5	12.5	14.5	13.5	10.5	9.5
88	4	15.5	15.5	13.5	14.5	8.5	9.5	12.5	11.5	8.5	8.5
97	4	16.5	15.5	13.5	14.5	8.5	8.5	10.5	11.5	6.5	8.5
115	4	16.5	18.5	15.5	14.5	11.5	10.5	14.5	13.5	10.5	8.5
160	4	14.5	14.5	12.5	12.5	10.5	10.5	10.5	10.5	6.5	7.5
171	4	18.5	18.5	14.5	15.5	10.5	10.5	14.5	12.5	9.5	9.5
184	4	16.5	17.5	14.5	15.5	10.5	12.5	14.5	13.5	10.5	9.5
196	4	16.5	17.5	14.5	15.5	10.5	12.5	14.5	13.5	10.5	9.5
198	4	17.5	17.5	15.5	15.5	11.5	10.5	14.5	14.5	10.5	9.5
206	4	17.5	16.5	15.5	15.5	12.5	11.5	12.5	14.5	8.5	10.5
211	4	17.5	17.5	16.5	14.5	11.5	10.5	14.5	14.5	10.5	10.5
248	4	17.5	17.5	15.5	15.5	11.5	12.5	12.5	12.5	9.5	9.5
249	4	16.5	17.5	16.5	16.5	10.5	12.5	14.5	13.5	9.5	8.5
256	4	15.5	16.5	12.5	14.5	10.5	8.5	10.5	11.5	6.5	7.5
300	4	16.5	18.5	14.5	16.5	10.5	12.5	12.5	13.5	10.5	9.5
354	4	17.5	16.5	16.5	15.5	12.5	12.5	14.5	13.5	8.5	9.5
371	4	16.5	16.5	15.5	15.5	12.5	11.5	12.5	12.5	9.5	8.5
398	4	16.5	16.5	16.5	16.5	10.5	12.5	12.5	13.5	10.5	8.5
401	4	18.5	16.5	15.5	14.5	11.5	11.5	14.5	12.5	8.5	10.5
402	4	16.5	18.5	15.5	15.5	10.5	12.5	14.5	13.5	8.5	9.5
405	4	18.5	16.5	15.5	15.5	10.5	11.5	14.5	13.5	9.5	9.5
427	4	17.5	17.5	15.5	15.5	11.5	12.5	13.5	12.5	9.5	10.5
438	4	17.5	16.5	14.5	16.5	11.5	12.5	14.5	12.5	9.5	9.5
473	4	17.5	18.5	14.5	14.5	10.5	12.5	12.5	13.5	9.5	10.5
478	4	32.5	32.5	30.5	28.5	26.5	24.5	28.5	26.5	24.5	23.5
482	4	18.5	17.5	14.5	14.5	11.5	11.5	12.5	13.5	9.5	10.5
498	4	17.5	16.5	16.5	14.5	11.5	10.5	13.5	13.5	10.5	9.5
531	4	17.5	17.5	16.5	14.5	12.5	10.5	13.5	13.5	9.5	8.5
532	4	17.5	18.5	14.5	15.5	12.5	12.5	14.5	12.5	8.5	9.5
538	4	30.5	31.5	29.5	29.5	24.5	25.5	26.5	28.5	23.5	22.5
541	4	16.5	16.5	15.5	15.5	12.5	12.5	14.5	12.5	9.5	10.5
548	4	18.5	17.5	16.5	15.5	10.5	11.5	13.5	12.5	8.5	10.5
557	4	17.5	17.5	16.5	16.5	10.5	12.5	12.5	13.5	9.5	8.5
608	4	17.5	17.5	14.5	16.5	11.5	10.5	14.5	12.5	10.5	9.5
629	4	14.5	16.5	14.5	14.5	10.5	8.5	11.5	11.5	6.5	7.5
637	4	18.5	18.5	16.5	15.5	10.5	11.5	14.5	14.5	8.5	8.5
640	4	18.5	18.5	14.5	16.5	12.5	10.5	14.5	14.5	9.5	8.5
647	4	23.5	24.5	23.5	23.5	17.5	19.5	20.5	20.5	17.5	15.5
651	4	18.5	17.5	14.5	14.5	11.5	12.5	13.5	13.5	8.5	9.5
668	4	16.5	18.5	15.5	15.5	10.5	12.5	12.5	14.5	10.5	9.5
669	4	16.5	16.5	15.5	15.5	12.5	10.5	12.5	13.5	8.5	8.5
685	4	18.5	17.5	16.5	16.5	12.5	11.5	13.5	12.5	10.5	10.5
689	4	16.5	17.5	15.5	15.5	12.5	10.5	13.5	14.5	8.5	8.5
700	4	18.5	18.5	14.5	16.5	10.5	10.5	13.5	12.5	10.5	8.5
715	4	17.5	16.5	16.5	16.5	12.5	11.5	13.5	13.5	9.5	8.5
726	4	17.5	18.5	16.5	15.5	12.5	10.5	13.5	13.5	9.5	9.5
736	4	16.5	16.5	16.5	16.5	12.5	11.5	12.5	14.5	9.5	10.5
740	4	16.5	16.5	16.5	16.5	10.5	12.5	12.5	13.5	10.5	8.5
750	4	15.5	15.5	13.5	14.5	9.5	9.5	11.5	10.5	7.5	7.5
765	4	18.5	16.5	16.5	15.5	10.5	10.5	13.5	14.5	10.5	9.5
775	4	18.5	17.5	15.5	14.5	10.5	10.5	13.5	13.5	8.5	10.5
784	4	17.5	17.5	14.5	15.5	11.5	12.5	13.5	13.5	9.5	8.5
794	4	18.5	17.5	14.5	16.5	12.5	11.5	14.5	14.5	8.5	8.5
808	4	32.5	30.5	30.5	28.5	25.5	24.5	27.5	26.5	22.5	22.5
816	4	18.5	17.5	16.5	14.5	12.5	12.5	14.5	12.5	10.5	8.5
818	4	18.5	16.5	16.5	15.5	12.5	12.5	14.5	12.5	10.5	10.5
822	4	17.5	16.5	14.5	15.5	10.5	12.5	14.5	12.5	8.5	9.5
853	4	16.5	16.5	14.5	15.5	10.5	10.5	12.5	14.5	10.5	8.5
878	4	17.5	16.5	14.5	15.5	12.5	12.5	12.5	13.5	10.5	8.5
883	4	17.5	17.5	15.5	15.5	10.5	10.5	13.5	14.5	10.5	8.5
940	4	24.5	25.5	23.5	21.5	17.5	17.5	21.5	19.5	16.5	15.5
964	4	17.5	17.5	15.5	15.5	10.5	11.5	13.5	14.5	10.5	10.5
965	4	18.5	16.5	16.5	16.5	10.5	10.5	12.5	13.5	10.5	8.5
974	4	16.5	18.5	16.5	15.5	11.5	12.5	13.5	14.5	8.5	9.5
987	4	17.5	18.5	15.5	16.5	12.5	10.5	12.5	14.5	8.5	9.5
991	4	18.5	18.5	14.5	15.5	11.5	12.5	13.5	14.5	10.5	9.5
1002	4	18.5	16.5	15.5	15.5	10.5	12.5	13.5	12.5	8.5	8.5
1056	4	17.5	17.5	14.5	16.5	11.5	10.5	13.5	14.5	8.5	9.5
1065	4	23.5	25.5	23.5	23.5	18.5	19.5	19.5	20.5	17.5	15.5
1066	4	18.5	18.5	14.5	15.5	10.5	11.5	14.5	12.5	8.5	9.5
1075	4	17.5	18.5	14.5	16.5	10.5	12.5	14.5	14.5	9.5	10.5
1081	4	18.5	18.5	15.5	15.5	12.5	10.5	14.5	14.5	9.5	9.5
1082	4	18.5	17.5	15.5	16.5	10.5	11.5	13.5	12.5	8.5	10.5
1111	4	18.5	16.5	14.5	16.5	11.5	12.5	12.5	13.5	8.5	10.5
1118	4	18.5	16.5	16.5	14.5	11.5	11.5	12.5	14.5	9.5	8.5
1124	4	17.5	16.5	16.5	15.5	12.5	11.5	13.5	12.5	10.5	8.5
1133	4	16.5	18.5	15.5	16.5	12.5	11.5	13.5	14.5	8.5	8.5
1138	4	18.5	18.5	15.5	16.5	11.5	10.5	14.5	14.5	8.5	8.5
1162	4	16.5	15.5	13.5	13.5	10.5	9.5	11.5	12.5	6.5	8.5
1184	4	17.5	17.5	14.5	14.5	12.5	12.5	13.5	12.5	8.5	9.5
1194	4	18.5	17.5	15.5	15.5	10.5	12.5	14.5	12.5	8.5	10.5
1197	4	18.5	16.5	15.5	16.5	10.5	10.5	13.5	12.5	8.5	10.5
1204	4	18.5	16.5	16.5	16.5	12.5	11.5	14.5	12.5	10.5	8.5
1208	4	18.5	16.5	16.5	15.5	12.5	12.5	14.5	13.5	10.5	9.5
1216	4	17.5	17.5	16.5	16.5	11.5	10.5	12.5	14.5	9.5	8.5
1225	4	18.5	18.5	16.5	14.5	12.5	11.5	13.5	12.5	10.5	8.5
1254	4	18.5	18.5	15.5	14.5	12.5	12.5	12.5	13.5	10.5	10.5
1259	4	18.5	18.5	14.5	14.5	10.5	11.5	13.5	14.5	10.5	9.5
1262	4	18.5	17.5	15.5	16.5	10.5	11.5	14.5	13.5	10.5	8.5
1266	4	17.5	17.5	15.5	15.5	12.5	12.5	12.5	13.5	9.5	10.5
1268	4	15.5	15.5	13.5	14.5	9.5	9.5	12.5	10.5	8.5	7.5
1270	4	16.5	16.5	15.5	14.5	11.5	11.5	12.5	13.5	8.5	10.5
1272	4	18.5	18.5	15.5	16.5	11.5	10.5	12.5	13.5	9.5	8.5
1280	4	17.5	17.5	14.5	14.5	10.5	10.5	12.5	12.5	10.5	10.5
1295	4	17.5	16.5	14.5	14.5	12.5	11.5	14.5	13.5	8.5	8.5
1320	4	18.5	16.5	16.5	15.5	11.5	12.5	13.5	12.5	8.5	9.5
1329	4	23.5	23.5	22.5	21.5	18.5	18.5	20.5	20.5	15.5	17.5
1390	4	24.5	23.5	22.5	23.5	18.5	19.5	21.5	20.5	16.5	16.5
1402	4	25.5	23.5	23.5	21.5	19.5	17.5	21.5	20.5	15.5	17.5
1414	4	16.5	16.5	14.5	15.5	12.5	12.5	12.5	13.5	9.5	8.5
1425	4	18.5	16.5	16.5	15.5	11.5	11.5	13.5	12.5	10.5	9.5
1436	4	16.5	17.5	16.5	16.5	11.5	10.5	13.5	14.5	8.5	10.5
1439	4	18.5	17.5	15.5	14.5	10.5	12.5	12.5	12.5	9.5	10.5
1443	4	16.5	16.5	15.5	15.5	12.5	10.5	13.5	13.5	10.5	9.5
1467	4	17.5	16.5	14.5	14.5	10.5	11.5	13.5	12.5	10.5	9.5
1477	4	16.5	16.5	15.5	15.5	10.5	11.5	13.5	14.5	10.5	10.5
1497	4	17.5	16.5	16.5	16.5	12.5	10.5	13.5	13.5	9.5	10.5
1499	4	17.5	16.5	14.5	16.5	10.5	10.5	14.5	14.5	9.5	10.5
1520	4	18.5	16.5	16.5	16.5	11.5	10.5	12.5	12.5	10.5	8.5
1540	4	18.5	16.5	15.5	16.5	11.5	10.5	12.5	13.5	8.5	9.5
1556	4	17.5	17.5	14.5	16.5	10.5	12.5	14.5	13.5	10.5	10.5
1558	4	16.5	18.5	15.5	15.5	10.5	12.5	13.5	13.5	8.5	8.5
1575	4	16.5	16.5	16.5	15.5	11.5	11.5	12.5	14.5	9.5	10.5
1583	4	16.5	17.5	14.5	14.5	10.5	10.5	13.5	12.5	8.5	9.5
1590	4	18.5	18.5	16.5	14.5	10.5	11.5	12.5	14.5	10.5	9.5
1599	4	18.5	16.5	15.5	16.5	10.5	12.5	14.5	13.5	10.5	8.5
1618	4	18.5	16.5	15.5	16.5	11.5	10.5	14.5	14.5	9.5	8.5
1619	4	18.5	18.5	14.5	14.5	12.5	12.5	12.5	12.5	10.5	10.5
1620	4	17.5	18.5	14.5	14.5	11.5	10.5	14.5	13.5	10.5	9.5
1623	4	16.5	16.5	14.5	15.5	12.5	10.5	14.5	13.5	8.5	8.5
1633	4	18.5	18.5	14.5	15.5	11.5	12.5	13.5	12.5	8.5	10.5
1639	4	17.5	16.5	14.5	14.5	11.5	11.5	13.5	13.5	9.5	8.5
1660	4	16.5	17.5	14.5	15.5	12.5	11.5	12.5	14.5	9.5	10.5
1662	4	18.5	16.5	15.5	15.5	10.5	11.5	13.5	14.5	8.5	10.5
1667	4	16.5	17.5	15.5	16.5	12.5	11.5	14.5	12.5	8.5	10.5
1677	4	17.5	17.5	15.5	14.5	10.5	10.5	12.5	12.5	9.5	9.5
1692	4	16.5	18.5	14.5	14.5	12.5	12.5	13.5	14.5	9.5	8.5
1695	4	18.5	18.5	16.5	15.5	12.5	12.5	13.5	14.5	10.5	10.5
1726	4	17.5	16.5	16.5	16.5	12.5	12.5	13.5	14.5	10.5	8.5
1738	4	23.5	24.5	23.5	21.5	19.5	18.5	21.5	19.5	16.5	16.5
1743	4	18.5	16.5	16.5	15.5	11.5	11.5	14.5	14.5	10.5	9.5
1764	4	17.5	16.5	14.5	16.5	10.5	11.5	14.5	14.5	9.5	8.5
1796	4	18.5	18.5	15.5	15.5	12.5	12.5	14.5	12.5	8.5	9.5
1804	4	16.5	16.5	16.5	15.5	11.5	10.5	14.5	14.5	8.5	10.5
1812	4	25.5	25.5	22.5	22.5	17.5	18.5	20.5	19.5	16.5	15.5
1832	4	17.5	16.5	15.5	15.5	12.5	10.5	13.5	13.5	8.5	9.5
13	5	19	20	17	16	14	12	14	14	11	11
39	5	16	18	14	15	12	10	13	13	10	9
44	5	25	24	22	24	20	19	22	20	17	17
54	5	20	20	17	16	12	12	14	16	11	12
55	5	20	20	17	17	12	12	14	14	11	11
60	5	20	20	16	17	14	13	15	15	10	10
74	5	16	17	14	16	10	12	14	13	10	9
82	5	19	18	18	18	12	13	16	15	12	10
86	5	20	18	18	18	13	12	15	14	10	12
88	5	17	17	16	16	12	12	13	14	10	10
97	5	16	18	16	15	12	11	13	12	10	9
115	5	20	20	16	18	14	12	14	15	12	10
160	5	17	17	14	15	12	12	12	12	8	9
171	5	20	20	17	16	14	13	16	14	11	11
184	5	20	19	16	18	13	12	15	16	12	12
196	5	20	19	16	18	13	12	15	16	12	12
198	5	18	18	17	18	14	12	15	16	11	10
206	5	18	19	16	16	13	14	14	16	12	12
211	5	18	20	16	16	14	12	14	15	10	12
248	5	19	19	17	17	12	13	14	16	12	11
249	5	19	20	18	17	13	14	14	16	11	10
256	5	18	18	14	16	12	10	14	13	10	8
300	5	20	18	17	18	12	14	16	16	10	12
354	5	18	20	18	16	12	12	14	15	10	10
371	5	19	19	18	16	13	14	16	14	11	10
398	5	19	19	18	18	13	13	16	14	10	12
401	5	19	20	17	18	12	13	16	15	12	12
402	5	19	20	17	17	13	13	15	14	12	10
405	5	18	20	18	18	13	13	15	14	12	11
427	5	19	20	17	17	14	14	15	16	10	11
438	5	20	20	16	17	14	13	16	14	11	12
473	5	18	18	17	16	13	14	16	16	11	11
478	5	38	40	37	36	33	32	36	35	32	31
482	5	20	19	16	17	13	13	16	15	12	11
498	5	18	18	17	18	13	13	16	15	12	11
531	5	18	19	17	17	14	13	14	16	11	10
532	5	19	18	16	17	12	14	14	15	10	11
538	5	40	38	38	38	34	33	36	34	30	31
541	5	18	20	18	16	13	14	15	16	11	12
548	5	19	20	17	16	14	12	16	15	12	11
557	5	18	19	17	16	12	13	16	15	10	11
608	5	18	19	18	18	12	13	16	14	10	12
629	5	16	18	15	14	10	11	14	12	8	9
637	5	19	19	16	17	12	13	15	16	12	10
640	5	19	19	18	16	12	14	14	14	11	10
647	5	29	30	26	27	22	24	24	25	22	20
651	5	20	19	18	18	14	13	14	16	11	12
668	5	18	18	16	16	13	14	16	16	10	11
669	5	19	18	18	18	12	13	14	15	10	12
685	5	18	19	16	17	14	14	16	16	11	10
689	5	20	19	17	18	14	13	15	15	11	12
700	5	18	19	17	16	12	13	14	16	10	10
715	5	18	20	18	17	12	13	14	16	11	12
726	5	19	20	18	16	14	13	15	15	11	10
736	5	18	20	18	16	12	13	16	14	10	10
740	5	20	19	18	18	14	14	15	14	11	11
750	5	18	16	15	14	11	12	14	14	8	10
765	5	20	19	18	17	13	14	16	14	10	10
775	5	18	18	17	18	14	12	16	16	10	11
784	5	20	19	16	18	12	13	14	16	10	11
794	5	20	19	17	16	14	13	14	15	12	11
808	5	38	40	38	36	32	32	34	36	30	30
816	5	18	18	17	17	13	12	16	14	11	10
818	5	19	19	18	16	14	14	16	15	10	11
822	5	20	19	18	18	12	13	16	15	12	10
853	5	19	18	16	17	14	13	14	16	10	10
878	5	19	20	16	16	14	13	15	14	10	11
883	5	19	19	18	16	12	12	15	16	10	11
940	5	29	29	26	27	24	22	25	25	20	22
964	5	18	18	18	17	12	14	15	16	12	10
965	5	18	20	17	18	12	12	15	15	12	12
974	5	20	18	18	18	14	13	15	15	10	10
987	5	18	18	17	18	14	13	15	16	10	11
991	5	18	20	18	16	14	13	16	16	11	10
1002	5	19	18	17	18	14	12	15	15	12	12
1056	5	19	20	18	17	13	12	15	14	12	10
1065	5	30	29	28	27	22	22	25	25	22	20
1066	5	20	18	17	18	12	12	14	14	11	11
1075	5	19	19	17	16	12	14	14	15	12	11
1081	5	18	19	16	17	14	14	14	14	10	11
1082	5	20	18	17	18	12	13	15	14	11	10
1111	5	19	19	16	16	14	13	16	16	11	10
1118	5	18	19	18	18	12	12	15	16	12	10
1124	5	19	19	18	17	12	14	14	14	12	11
1133	5	18	18	17	18	14	14	16	16	12	12
1138	5	19	20	16	17	12	12	15	16	10	10
1162	5	18	17	15	15	11	11	14	14	10	10
1184	5	19	19	18	18	14	12	16	15	10	11
1194	5	18	20	17	18	14	14	16	16	12	12
1197	5	18	20	17	16	14	13	14	14	12	10
1204	5	18	18	17	17	14	14	16	16	11	10
1208	5	18	20	17	17	13	12	15	15	12	10
1216	5	19	18	18	17	14	13	16	16	12	12
1225	5	20	19	16	18	12	12	16	14	12	10
1254	5	18	18	16	16	13	14	16	15	11	12
1259	5	19	20	17	17	12	14	15	16	12	12
1262	5	19	20	16	17	13	14	16	15	12	12
1266	5	19	19	17	16	13	12	15	15	12	11
1268	5	17	18	14	15	12	11	12	14	9	9
1270	5	18	19	18	18	12	12	15	14	11	10
1272	5	19	20	18	16	14	14	16	15	12	12
1280	5	19	20	18	16	12	12	16	16	11	11
1295	5	20	20	17	17	13	12	16	16	11	11
1320	5	20	20	18	17	12	14	16	16	12	11
1329	5	29	30	27	28	24	24	24	24	20	20
1390	5	30	29	26	28	24	22	26	24	20	21
1402	5	30	29	28	27	24	24	24	24	22	22
1414	5	19	18	18	18	13	13	14	15	11	10
1425	5	18	18	17	18	14	12	15	16	11	10
1436	5	20	18	18	16	14	12	14	16	10	11
1439	5	18	18	17	16	13	12	14	16	10	10
1443	5	19	19	16	18	14	12	15	14	11	11
1467	5	19	20	16	18	13	13	14	15	11	10
1477	5	19	20	17	16	12	14	14	14	12	10
1497	5	19	20	17	16	13	13	15	15	12	12
1499	5	19	19	16	16	13	12	15	15	10	10
1520	5	20	19	17	16	13	14	16	15	11	11
1540	5	20	19	18	18	12	14	15	14	12	10
1556	5	19	20	18	18	12	12	14	15	12	11
1558	5	19	20	16	17	12	13	15	14	10	11
1575	5	20	19	18	17	14	14	15	14	12	12
1583	5	19	19	17	18	14	14	15	15	12	12
1590	5	18	18	18	16	13	13	16	14	12	12
1599	5	19	19	18	18	12	14	15	16	10	12
1618	5	18	19	17	18	12	12	15	16	10	12
1619	5	18	18	16	17	14	14	16	14	12	12
1620	5	20	18	16	17	14	12	16	15	11	10
1623	5	18	18	17	18	13	12	14	14	12	12
1633	5	19	20	17	16	14	12	14	16	10	11
1639	5	20	20	16	18	12	13	15	15	12	11
1660	5	18	19	16	18	14	12	14	15	12	12
1662	5	19	20	16	17	13	13	15	15	10	11
1667	5	18	19	17	17	12	12	16	15	10	10
1677	5	20	20	18	18	14	14	15	15	11	11
1692	5	19	19	17	16	12	13	16	14	10	10
1695	5	20	19	16	17	13	14	14	16	12	11
1726	5	20	20	16	18	14	12	14	16	11	11
1738	5	28	30	26	27	24	24	24	26	21	22
1743	5	18	18	16	18	12	13	16	15	12	12
1764	5	19	18	18	18	13	12	16	15	12	10
1796	5	20	20	18	16	14	13	16	15	11	10
1804	5	18	18	18	16	14	13	16	15	10	10
1812	5	29	28	27	26	24	24	24	25	20	22
1832	5	18	19	18	17	12	14	15	16	11	11
13	6	19.5	20.5	17.5	16.5	14.5	12.5	14.5	14.5	11.5	11.5
39	6	16.5	18.5	14.5	15.5	12.5	10.5	13.5	13.5	10.5	9.5
44	6	25.5	24.5	22.5	24.5	20.5	19.5	22.5	20.5	17.5	17.5
54	6	20.5	20.5	17.5	16.5	12.5	12.5	14.5	16.5	11.5	12.5
55	6	20.5	20.5	17.5	17.5	12.5	12.5	14.5	14.5	11.5	11.5
60	6	20.5	20.5	16.5	17.5	14.5	13.5	15.5	15.5	10.5	10.5
74	6	16.5	17.5	14.5	16.5	10.5	12.5	14.5	13.5	10.5	9.5
82	6	19.5	18.5	18.5	18.5	12.5	13.5	16.5	15.5	12.5	10.5
86	6	20.5	18.5	18.5	18.5	13.5	12.5	15.5	14.5	10.5	12.5
88	6	17.5	17.5	16.5	16.5	12.5	12.5	13.5	14.5	10.5	10.5
97	6	16.5	18.5	16.5	15.5	12.5	11.5	13.5	12.5	10.5	9.5
115	6	20.5	20.5	16.5	18.5	14.5	12.5	14.5	15.5	12.5	10.5
160	6	17.5	17.5	14.5	15.5	12.5	12.5	12.5	12.5	8.5	9.5
171	6	20.5	20.5	17.5	16.5	14.5	13.5	16.5	14.5	11.5	11.5
184	6	20.5	19.5	16.5	18.5	13.5	12.5	15.5	16.5	12.5	12.5
196	6	20.5	19.5	16.5	18.5	13.5	12.5	15.5	16.5	12.5	12.5
198	6	18.5	18.5	17.5	18.5	14.5	12.5	15.5	16.5	11.5	10.5
206	6	18.5	19.5	16.5	16.5	13.5	14.5	14.5	16.5	12.5	12.5
211	6	18.5	20.5	16.5	16.5	14.5	12.5	14.5	15.5	10.5	12.5
248	6	19.5	19.5	17.5	17.5	12.5	13.5	14.5	16.5	12.5	11.5
249	6	19.5	20.5	18.5	17.5	13.5	14.5	14.5	16.5	11.5	10.5
256	6	18.5	18.5	14.5	16.5	12.5	10.5	14.5	13.5	10.5	8.5
300	6	20.5	18.5	17.5	18.5	12.5	14.5	16.5	16.5	10.5	12.5
354	6	18.5	20.5	18.5	16.5	12.5	12.5	14.5	15.5	10.5	10.5
371	6	19.5	19.5	18.5	16.5	13.5	14.5	16.5	14.5	11.5	10.5
398	6	19.5	19.5	18.5	18.5	13.5	13.5	16.5	14.5	10.5	12.5
401	6	19.5	20.5	17.5	18.5	12.5	13.5	16.5	15.5	12.5	12.5
402	6	19.5	20.5	17.5	17.5	13.5	13.5	15.5	14.5	12.5	10.5
405	6	18.5	20.5	18.5	18.5	13.5	13.5	15.5	14.5	12.5	11.5
427	6	19.5	20.5	17.5	17.5	14.5	14.5	15.5	16.5	10.5	11.5
438	6	20.5	20.5	16.5	17.5	14.5	13.5	16.5	14.5	11.5	12.5
473	6	18.5	18.5	17.5	16.5	13.5	14.5	16.5	16.5	11.5	11.5
478	6	38.5	40.5	37.5	36.5	33.5	32.5	36.5	35.5	32.5	31.5
482	6	20.5	19.5	16.5	17.5	13.5	13.5	16.5	15.5	12.5	11.5
498	6	18.5	18.5	17.5	18.5	13.5	13.5	16.5	15.5	12.5	11.5
531	6	18.5	19.5	17.5	17.5	14.5	13.5	14.5	16.5	11.5	10.5
532	6	19.5	18.5	16.5	17.5	12.5	14.5	14.5	15.5	10.5	11.5
538	6	40.5	38.5	38.5	38.5	34.5	33.5	36.5	34.5	30.5	31.5
541	6	18.5	20.5	18.5	16.5	13.5	14.5	15.5	16.5	11.5	12.5
548	6	19.5	20.5	17.5	16.5	14.5	12.5	16.5	15.5	12.5	11.5
557	6	18.5	19.5	17.5	16.5	12.5	13.5	16.5	15.5	10.5	11.5
608	6	18.5	19.5	18.5	18.5	12.5	13.5	16.5	14.5	10.5	12.5
629	6	16.5	18.5	15.5	14.5	10.5	11.5	14.5	12.5	8.5	9.5
637	6	19.5	19.5	16.5	17.5	12.5	13.5	15.5	16.5	12.5	10.5
640	6	19.5	19.5	18.5	16.5	12.5	14.5	14.5	14.5	11.5	10.5
647	6	29.5	30.5	26.5	27.5	22.5	24.5	24.5	25.5	22.5	20.5
651	6	20.5	19.5	18.5	18.5	14.5	13.5	14.5	16.5	11.5	12.5
668	6	18.5	18.5	16.5	16.5	13.5	14.5	16.5	16.5	10.5	11.5
669	6	19.5	18.5	18.5	18.5	12.5	13.5	14.5	15.5	10.5	12.5
685	6	18.5	19.5	16.5	17.5	14.5	14.5	16.5	16.5	11.5	10.5
689	6	20.5	19.5	17.5	18.5	14.5	13.5	15.5	15.5	11.5	12.5
700	6	18.5	19.5	17.5	16.5	12.5	13.5	14.5	16.5	10.5	10.5
715	6	18.5	20.5	18.5	17.5	12.5	13.5	14.5	16.5	11.5	12.5
726	6	19.5	20.5	18.5	16.5	14.5	13.5	15.5	15.5	11.5	10.5
736	6	18.5	20.5	18.5	16.5	12.5	13.5	16.5	14.5	10.5	10.5
740	6	20.5	19.5	18.5	18.5	14.5	14.5	15.5	14.5	11.5	11.5
750	6	18.5	16.5	15.5	14.5	11.5	12.5	14.5	14.5	8.5	10.5
765	6	20.5	19.5	18.5	17.5	13.5	14.5	16.5	14.5	10.5	10.5
775	6	18.5	18.5	17.5	18.5	14.5	12.5	16.5	16.5	10.5	11.5
784	6	20.5	19.5	16.5	18.5	12.5	13.5	14.5	16.5	10.5	11.5
794	6	20.5	19.5	17.5	16.5	14.5	13.5	14.5	15.5	12.5	11.5
808	6	38.5	40.5	38.5	36.5	32.5	32.5	34.5	36.5	30.5	30.5
816	6	18.5	18.5	17.5	17.5	13.5	12.5	16.5	14.5	11.5	10.5
818	6	19.5	19.5	18.5	16.5	14.5	14.5	16.5	15.5	10.5	11.5
822	6	20.5	19.5	18.5	18.5	12.5	13.5	16.5	15.5	12.5	10.5
853	6	19.5	18.5	16.5	17.5	14.5	13.5	14.5	16.5	10.5	10.5
878	6	19.5	20.5	16.5	16.5	14.5	13.5	15.5	14.5	10.5	11.5
883	6	19.5	19.5	18.5	16.5	12.5	12.5	15.5	16.5	10.5	11.5
940	6	29.5	29.5	26.5	27.5	24.5	22.5	25.5	25.5	20.5	22.5
964	6	18.5	18.5	18.5	17.5	12.5	14.5	15.5	16.5	12.5	10.5
965	6	18.5	20.5	17.5	18.5	12.5	12.5	15.5	15.5	12.5	12.5
974	6	20.5	18.5	18.5	18.5	14.5	13.5	15.5	15.5	10.5	10.5
987	6	18.5	18.5	17.5	18.5	14.5	13.5	15.5	16.5	10.5	11.5
991	6	18.5	20.5	18.5	16.5	14.5	13.5	16.5	16.5	11.5	10.5
1002	6	19.5	18.5	17.5	18.5	14.5	12.5	15.5	15.5	12.5	12.5
1056	6	19.5	20.5	18.5	17.5	13.5	12.5	15.5	14.5	12.5	10.5
1065	6	30.5	29.5	28.5	27.5	22.5	22.5	25.5	25.5	22.5	20.5
1066	6	20.5	18.5	17.5	18.5	12.5	12.5	14.5	14.5	11.5	11.5
1075	6	19.5	19.5	17.5	16.5	12.5	14.5	14.5	15.5	12.5	11.5
1081	6	18.5	19.5	16.5	17.5	14.5	14.5	14.5	14.5	10.5	11.5
1082	6	20.5	18.5	17.5	18.5	12.5	13.5	15.5	14.5	11.5	10.5
1111	6	19.5	19.5	16.5	16.5	14.5	13.5	16.5	16.5	11.5	10.5
1118	6	18.5	19.5	18.5	18.5	12.5	12.5	15.5	16.5	12.5	10.5
1124	6	19.5	19.5	18.5	17.5	12.5	14.5	14.5	14.5	12.5	11.5
1133	6	18.5	18.5	17.5	18.5	14.5	14.5	16.5	16.5	12.5	12.5
1138	6	19.5	20.5	16.5	17.5	12.5	12.5	15.5	16.5	10.5	10.5
1162	6	18.5	17.5	15.5	15.5	11.5	11.5	14.5	14.5	10.5	10.5
1184	6	19.5	19.5	18.5	18.5	14.5	12.5	16.5	15.5	10.5	11.5
1194	6	18.5	20.5	17.5	18.5	14.5	14.5	16.5	16.5	12.5	12.5
1197	6	18.5	20.5	17.5	16.5	14.5	13.5	14.5	14.5	12.5	10.5
1204	6	18.5	18.5	17.5	17.5	14.5	14.5	16.5	16.5	11.5	10.5
1208	6	18.5	20.5	17.5	17.5	13.5	12.5	15.5	15.5	12.5	10.5
1216	6	19.5	18.5	18.5	17.5	14.5	13.5	16.5	16.5	12.5	12.5
1225	6	20.5	19.5	16.5	18.5	12.5	12.5	16.5	14.5	12.5	10.5
1254	6	18.5	18.5	16.5	16.5	13.5	14.5	16.5	15.5	11.5	12.5
1259	6	19.5	20.5	17.5	17.5	12.5	14.5	15.5	16.5	12.5	12.5
1262	6	19.5	20.5	16.5	17.5	13.5	14.5	16.5	15.5	12.5	12.5
1266	6	19.5	19.5	17.5	16.5	13.5	12.5	15.5	15.5	12.5	11.5
1268	6	17.5	18.5	14.5	15.5	12.5	11.5	12.5	14.5	9.5	9.5
1270	6	18.5	19.5	18.5	18.5	12.5	12.5	15.5	14.5	11.5	10.5
1272	6	19.5	20.5	18.5	16.5	14.5	14.5	16.5	15.5	12.5	12.5
1280	6	19.5	20.5	18.5	16.5	12.5	12.5	16.5	16.5	11.5	11.5
1295	6	20.5	20.5	17.5	17.5	13.5	12.5	16.5	16.5	11.5	11.5
1320	6	20.5	20.5	18.5	17.5	12.5	14.5	16.5	16.5	12.5	11.5
1329	6	29.5	30.5	27.5	28.5	24.5	24.5	24.5	24.5	20.5	20.5
1390	6	30.5	29.5	26.5	28.5	24.5	22.5	26.5	24.5	20.5	21.5
1402	6	30.5	29.5	28.5	27.5	24.5	24.5	24.5	24.5	22.5	22.5
1414	6	19.5	18.5	18.5	18.5	13.5	13.5	14.5	15.5	11.5	10.5
1425	6	18.5	18.5	17.5	18.5	14.5	12.5	15.5	16.5	11.5	10.5
1436	6	20.5	18.5	18.5	16.5	14.5	12.5	14.5	16.5	10.5	11.5
1439	6	18.5	18.5	17.5	16.5	13.5	12.5	14.5	16.5	10.5	10.5
1443	6	19.5	19.5	16.5	18.5	14.5	12.5	15.5	14.5	11.5	11.5
1467	6	19.5	20.5	16.5	18.5	13.5	13.5	14.5	15.5	11.5	10.5
1477	6	19.5	20.5	17.5	16.5	12.5	14.5	14.5	14.5	12.5	10.5
1497	6	19.5	20.5	17.5	16.5	13.5	13.5	15.5	15.5	12.5	12.5
1499	6	19.5	19.5	16.5	16.5	13.5	12.5	15.5	15.5	10.5	10.5
1520	6	20.5	19.5	17.5	16.5	13.5	14.5	16.5	15.5	11.5	11.5
1540	6	20.5	19.5	18.5	18.5	12.5	14.5	15.5	14.5	12.5	10.5
1556	6	19.5	20.5	18.5	18.5	12.5	12.5	14.5	15.5	12.5	11.5
1558	6	19.5	20.5	16.5	17.5	12.5	13.5	15.5	14.5	10.5	11.5
1575	6	20.5	19.5	18.5	17.5	14.5	14.5	15.5	14.5	12.5	12.5
1583	6	19.5	19.5	17.5	18.5	14.5	14.5	15.5	15.5	12.5	12.5
1590	6	18.5	18.5	18.5	16.5	13.5	13.5	16.5	14.5	12.5	12.5
1599	6	19.5	19.5	18.5	18.5	12.5	14.5	15.5	16.5	10.5	12.5
1618	6	18.5	19.5	17.5	18.5	12.5	12.5	15.5	16.5	10.5	12.5
1619	6	18.5	18.5	16.5	17.5	14.5	14.5	16.5	14.5	12.5	12.5
1620	6	20.5	18.5	16.5	17.5	14.5	12.5	16.5	15.5	11.5	10.5
1623	6	18.5	18.5	17.5	18.5	13.5	12.5	14.5	14.5	12.5	12.5
1633	6	19.5	20.5	17.5	16.5	14.5	12.5	14.5	16.5	10.5	11.5
1639	6	20.5	20.5	16.5	18.5	12.5	13.5	15.5	15.5	12.5	11.5
1660	6	18.5	19.5	16.5	18.5	14.5	12.5	14.5	15.5	12.5	12.5
1662	6	19.5	20.5	16.5	17.5	13.5	13.5	15.5	15.5	10.5	11.5
1667	6	18.5	19.5	17.5	17.5	12.5	12.5	16.5	15.5	10.5	10.5
1677	6	20.5	20.5	18.5	18.5	14.5	14.5	15.5	15.5	11.5	11.5
1692	6	19.5	19.5	17.5	16.5	12.5	13.5	16.5	14.5	10.5	10.5
1695	6	20.5	19.5	16.5	17.5	13.5	14.5	14.5	16.5	12.5	11.5
1726	6	20.5	20.5	16.5	18.5	14.5	12.5	14.5	16.5	11.5	11.5
1738	6	28.5	30.5	26.5	27.5	24.5	24.5	24.5	26.5	21.5	22.5
1743	6	18.5	18.5	16.5	18.5	12.5	13.5	16.5	15.5	12.5	12.5
1764	6	19.5	18.5	18.5	18.5	13.5	12.5	16.5	15.5	12.5	10.5
1796	6	20.5	20.5	18.5	16.5	14.5	13.5	16.5	15.5	11.5	10.5
1804	6	18.5	18.5	18.5	16.5	14.5	13.5	16.5	15.5	10.5	10.5
1812	6	29.5	28.5	27.5	26.5	24.5	24.5	24.5	25.5	20.5	22.5
1832	6	18.5	19.5	18.5	17.5	12.5	14.5	15.5	16.5	11.5	11.5
13	7	20	21	18	17	15	13	15	15	12	12
39	7	17	19	15	16	13	11	14	14	11	10
44	7	26	25	23	25	21	20	23	21	18	18
54	7	21	21	18	17	13	13	15	17	12	13
55	7	21	21	18	18	13	13	15	15	12	12
60	7	21	21	17	18	15	14	16	16	11	11
74	7	17	18	15	17	11	13	15	14	11	10
82	7	20	19	19	19	13	14	17	16	13	11
86	7	21	19	19	19	14	13	16	15	11	13
88	7	18	18	17	17	13	13	14	15	11	11
97	7	17	19	17	16	13	12	14	13	11	10
115	7	21	21	17	19	15	13	15	16	13	11
160	7	18	18	15	16	13	13	13	13	9	10
171	7	21	21	18	17	15	14	17	15	12	12
184	7	21	20	17	19	14	13	16	17	13	13
196	7	21	20	17	19	14	13	16	17	13	13
198	7	19	19	18	19	15	13	16	17	12	11
206	7	19	20	17	17	14	15	15	17	13	13
211	7	19	21	17	17	15	13	15	16	11	13
248	7	20	20	18	18	13	14	15	17	13	12
249	7	20	21	19	18	14	15	15	17	12	11
256	7	19	19	15	17	13	11	15	14	11	9
300	7	21	19	18	19	13	15	17	17	11	13
354	7	19	21	19	17	13	13	15	16	11	11
371	7	20	20	19	17	14	15	17	15	12	11
398	7	20	20	19	19	14	14	17	15	11	13
401	7	20	21	18	19	13	14	17	16	13	13
402	7	20	21	18	18	14	14	16	15	13	11
405	7	19	21	19	19	14	14	16	15	13	12
427	7	20	21	18	18	15	15	16	17	11	12
438	7	21	21	17	18	15	14	17	15	12	13
473	7	19	19	18	17	14	15	17	17	12	12
478	7	39	41	38	37	34	33	37	36	33	32
482	7	21	20	17	18	14	14	17	16	13	12
498	7	19	19	18	19	14	14	17	16	13	12
531	7	19	20	18	18	15	14	15	17	12	11
532	7	20	19	17	18	13	15	15	16	11	12
538	7	41	39	39	39	35	34	37	35	31	32
541	7	19	21	19	17	14	15	16	17	12	13
548	7	20	21	18	17	15	13	17	16	13	12
557	7	19	20	18	17	13	14	17	16	11	12
608	7	19	20	19	19	13	14	17	15	11	13
629	7	17	19	16	15	11	12	15	13	9	10
637	7	20	20	17	18	13	14	16	17	13	11
640	7	20	20	19	17	13	15	15	15	12	11
647	7	30	31	27	28	23	25	25	26	23	21
651	7	21	20	19	19	15	14	15	17	12	13
668	7	19	19	17	17	14	15	17	17	11	12
669	7	20	19	19	19	13	14	15	16	11	13
685	7	19	20	17	18	15	15	17	17	12	11
689	7	21	20	18	19	15	14	16	16	12	13
700	7	19	20	18	17	13	14	15	17	11	11
715	7	19	21	19	18	13	14	15	17	12	13
726	7	20	21	19	17	15	14	16	16	12	11
736	7	19	21	19	17	13	14	17	15	11	11
740	7	21	20	19	19	15	15	16	15	12	12
750	7	19	17	16	15	12	13	15	15	9	11
765	7	21	20	19	18	14	15	17	15	11	11
775	7	19	19	18	19	15	13	17	17	11	12
784	7	21	20	17	19	13	14	15	17	11	12
794	7	21	20	18	17	15	14	15	16	13	12
808	7	39	41	39	37	33	33	35	37	31	31
816	7	19	19	18	18	14	13	17	15	12	11
818	7	20	20	19	17	15	15	17	16	11	12
822	7	21	20	19	19	13	14	17	16	13	11
853	7	20	19	17	18	15	14	15	17	11	11
878	7	20	21	17	17	15	14	16	15	11	12
883	7	20	20	19	17	13	13	16	17	11	12
940	7	30	30	27	28	25	23	26	26	21	23
964	7	19	19	19	18	13	15	16	17	13	11
965	7	19	21	18	19	13	13	16	16	13	13
974	7	21	19	19	19	15	14	16	16	11	11
987	7	19	19	18	19	15	14	16	17	11	12
991	7	19	21	19	17	15	14	17	17	12	11
1002	7	20	19	18	19	15	13	16	16	13	13
1056	7	20	21	19	18	14	13	16	15	13	11
1065	7	31	30	29	28	23	23	26	26	23	21
1066	7	21	19	18	19	13	13	15	15	12	12
1075	7	20	20	18	17	13	15	15	16	13	12
1081	7	19	20	17	18	15	15	15	15	11	12
1082	7	21	19	18	19	13	14	16	15	12	11
1111	7	20	20	17	17	15	14	17	17	12	11
1118	7	19	20	19	19	13	13	16	17	13	11
1124	7	20	20	19	18	13	15	15	15	13	12
1133	7	19	19	18	19	15	15	17	17	13	13
1138	7	20	21	17	18	13	13	16	17	11	11
1162	7	19	18	16	16	12	12	15	15	11	11
1184	7	20	20	19	19	15	13	17	16	11	12
1194	7	19	21	18	19	15	15	17	17	13	13
1197	7	19	21	18	17	15	14	15	15	13	11
1204	7	19	19	18	18	15	15	17	17	12	11
1208	7	19	21	18	18	14	13	16	16	13	11
1216	7	20	19	19	18	15	14	17	17	13	13
1225	7	21	20	17	19	13	13	17	15	13	11
1254	7	19	19	17	17	14	15	17	16	12	13
1259	7	20	21	18	18	13	15	16	17	13	13
1262	7	20	21	17	18	14	15	17	16	13	13
1266	7	20	20	18	17	14	13	16	16	13	12
1268	7	18	19	15	16	13	12	13	15	10	10
1270	7	19	20	19	19	13	13	16	15	12	11
1272	7	20	21	19	17	15	15	17	16	13	13
1280	7	20	21	19	17	13	13	17	17	12	12
1295	7	21	21	18	18	14	13	17	17	12	12
1320	7	21	21	19	18	13	15	17	17	13	12
1329	7	30	31	28	29	25	25	25	25	21	21
1390	7	31	30	27	29	25	23	27	25	21	22
1402	7	31	30	29	28	25	25	25	25	23	23
1414	7	20	19	19	19	14	14	15	16	12	11
1425	7	19	19	18	19	15	13	16	17	12	11
1436	7	21	19	19	17	15	13	15	17	11	12
1439	7	19	19	18	17	14	13	15	17	11	11
1443	7	20	20	17	19	15	13	16	15	12	12
1467	7	20	21	17	19	14	14	15	16	12	11
1477	7	20	21	18	17	13	15	15	15	13	11
1497	7	20	21	18	17	14	14	16	16	13	13
1499	7	20	20	17	17	14	13	16	16	11	11
1520	7	21	20	18	17	14	15	17	16	12	12
1540	7	21	20	19	19	13	15	16	15	13	11
1556	7	20	21	19	19	13	13	15	16	13	12
1558	7	20	21	17	18	13	14	16	15	11	12
1575	7	21	20	19	18	15	15	16	15	13	13
1583	7	20	20	18	19	15	15	16	16	13	13
1590	7	19	19	19	17	14	14	17	15	13	13
1599	7	20	20	19	19	13	15	16	17	11	13
1618	7	19	20	18	19	13	13	16	17	11	13
1619	7	19	19	17	18	15	15	17	15	13	13
1620	7	21	19	17	18	15	13	17	16	12	11
1623	7	19	19	18	19	14	13	15	15	13	13
1633	7	20	21	18	17	15	13	15	17	11	12
1639	7	21	21	17	19	13	14	16	16	13	12
1660	7	19	20	17	19	15	13	15	16	13	13
1662	7	20	21	17	18	14	14	16	16	11	12
1667	7	19	20	18	18	13	13	17	16	11	11
1677	7	21	21	19	19	15	15	16	16	12	12
1692	7	20	20	18	17	13	14	17	15	11	11
1695	7	21	20	17	18	14	15	15	17	13	12
1726	7	21	21	17	19	15	13	15	17	12	12
1738	7	29	31	27	28	25	25	25	27	22	23
1743	7	19	19	17	19	13	14	17	16	13	13
1764	7	20	19	19	19	14	13	17	16	13	11
1796	7	21	21	19	17	15	14	17	16	12	11
1804	7	19	19	19	17	15	14	17	16	11	11
1812	7	30	29	28	27	25	25	25	26	21	23
1832	7	19	20	19	18	13	15	16	17	12	12
13	8	20.5	21.5	18.5	17.5	15.5	13.5	15.5	15.5	12.5	12.5
39	8	17.5	19.5	15.5	16.5	13.5	11.5	14.5	14.5	11.5	10.5
44	8	26.5	25.5	23.5	25.5	21.5	20.5	23.5	21.5	18.5	18.5
54	8	21.5	21.5	18.5	17.5	13.5	13.5	15.5	17.5	12.5	13.5
55	8	21.5	21.5	18.5	18.5	13.5	13.5	15.5	15.5	12.5	12.5
60	8	21.5	21.5	17.5	18.5	15.5	14.5	16.5	16.5	11.5	11.5
74	8	17.5	18.5	15.5	17.5	11.5	13.5	15.5	14.5	11.5	10.5
82	8	20.5	19.5	19.5	19.5	13.5	14.5	17.5	16.5	13.5	11.5
86	8	21.5	19.5	19.5	19.5	14.5	13.5	16.5	15.5	11.5	13.5
88	8	18.5	18.5	17.5	17.5	13.5	13.5	14.5	15.5	11.5	11.5
97	8	17.5	19.5	17.5	16.5	13.5	12.5	14.5	13.5	11.5	10.5
115	8	21.5	21.5	17.5	19.5	15.5	13.5	15.5	16.5	13.5	11.5
160	8	18.5	18.5	15.5	16.5	13.5	13.5	13.5	13.5	9.5	10.5
171	8	21.5	21.5	18.5	17.5	15.5	14.5	17.5	15.5	12.5	12.5
184	8	21.5	20.5	17.5	19.5	14.5	13.5	16.5	17.5	13.5	13.5
196	8	21.5	20.5	17.5	19.5	14.5	13.5	16.5	17.5	13.5	13.5
198	8	19.5	19.5	18.5	19.5	15.5	13.5	16.5	17.5	12.5	11.5
206	8	19.5	20.5	17.5	17.5	14.5	15.5	15.5	17.5	13.5	13.5
211	8	19.5	21.5	17.5	17.5	15.5	13.5	15.5	16.5	11.5	13.5
248	8	20.5	20.5	18.5	18.5	13.5	14.5	15.5	17.5	13.5	12.5
249	8	20.5	21.5	19.5	18.5	14.5	15.5	15.5	17.5	12.5	11.5
256	8	19.5	19.5	15.5	17.5	13.5	11.5	15.5	14.5	11.5	9.5
300	8	21.5	19.5	18.5	19.5	13.5	15.5	17.5	17.5	11.5	13.5
354	8	19.5	21.5	19.5	17.5	13.5	13.5	15.5	16.5	11.5	11.5
371	8	20.5	20.5	19.5	17.5	14.5	15.5	17.5	15.5	12.5	11.5
398	8	20.5	20.5	19.5	19.5	14.5	14.5	17.5	15.5	11.5	13.5
401	8	20.5	21.5	18.5	19.5	13.5	14.5	17.5	16.5	13.5	13.5
402	8	20.5	21.5	18.5	18.5	14.5	14.5	16.5	15.5	13.5	11.5
405	8	19.5	21.5	19.5	19.5	14.5	14.5	16.5	15.5	13.5	12.5
427	8	20.5	21.5	18.5	18.5	15.5	15.5	16.5	17.5	11.5	12.5
438	8	21.5	21.5	17.5	18.5	15.5	14.5	17.5	15.5	12.5	13.5
473	8	19.5	19.5	18.5	17.5	14.5	15.5	17.5	17.5	12.5	12.5
478	8	39.5	41.5	38.5	37.5	34.5	33.5	37.5	36.5	33.5	32.5
482	8	21.5	20.5	17.5	18.5	14.5	14.5	17.5	16.5	13.5	12.5
498	8	19.5	19.5	18.5	19.5	14.5	14.5	17.5	16.5	13.5	12.5
531	8	19.5	20.5	18.5	18.5	15.5	14.5	15.5	17.5	12.5	11.5
532	8	20.5	19.5	17.5	18.5	13.5	15.5	15.5	16.5	11.5	12.5
538	8	41.5	39.5	39.5	39.5	35.5	34.5	37.5	35.5	31.5	32.5
541	8	19.5	21.5	19.5	17.5	14.5	15.5	16.5	17.5	12.5	13.5
548	8	20.5	21.5	18.5	17.5	15.5	13.5	17.5	16.5	13.5	12.5
557	8	19.5	20.5	18.5	17.5	13.5	14.5	17.5	16.5	11.5	12.5
608	8	19.5	20.5	19.5	19.5	13.5	14.5	17.5	15.5	11.5	13.5
629	8	17.5	19.5	16.5	15.5	11.5	12.5	15.5	13.5	9.5	10.5
637	8	20.5	20.5	17.5	18.5	13.5	14.5	16.5	17.5	13.5	11.5
640	8	20.5	20.5	19.5	17.5	13.5	15.5	15.5	15.5	12.5	11.5
647	8	30.5	31.5	27.5	28.5	23.5	25.5	25.5	26.5	23.5	21.5
651	8	21.5	20.5	19.5	19.5	15.5	14.5	15.5	17.5	12.5	13.5
668	8	19.5	19.5	17.5	17.5	14.5	15.5	17.5	17.5	11.5	12.5
669	8	20.5	19.5	19.5	19.5	13.5	14.5	15.5	16.5	11.5	13.5
685	8	19.5	20.5	17.5	18.5	15.5	15.5	17.5	17.5	12.5	11.5
689	8	21.5	20.5	18.5	19.5	15.5	14.5	16.5	16.5	12.5	13.5
700	8	19.5	20.5	18.5	17.5	13.5	14.5	15.5	17.5	11.5	11.5
715	8	19.5	21.5	19.5	18.5	13.5	14.5	15.5	17.5	12.5	13.5
726	8	20.5	21.5	19.5	17.5	15.5	14.5	16.5	16.5	12.5	11.5
736	8	19.5	21.5	19.5	17.5	13.5	14.5	17.5	15.5	11.5	11.5
740	8	21.5	20.5	19.5	19.5	15.5	15.5	16.5	15.5	12.5	12.5
750	8	19.5	17.5	16.5	15.5	12.5	13.5	15.5	15.5	9.5	11.5
765	8	21.5	20.5	19.5	18.5	14.5	15.5	17.5	15.5	11.5	11.5
775	8	19.5	19.5	18.5	19.5	15.5	13.5	17.5	17.5	11.5	12.5
784	8	21.5	20.5	17.5	19.5	13.5	14.5	15.5	17.5	11.5	12.5
794	8	21.5	20.5	18.5	17.5	15.5	14.5	15.5	16.5	13.5	12.5
808	8	39.5	41.5	39.5	37.5	33.5	33.5	35.5	37.5	31.5	31.5
816	8	19.5	19.5	18.5	18.5	14.5	13.5	17.5	15.5	12.5	11.5
818	8	20.5	20.5	19.5	17.5	15.5	15.5	17.5	16.5	11.5	12.5
822	8	21.5	20.5	19.5	19.5	13.5	14.5	17.5	16.5	13.5	11.5
853	8	20.5	19.5	17.5	18.5	15.5	14.5	15.5	17.5	11.5	11.5
878	8	20.5	21.5	17.5	17.5	15.5	14.5	16.5	15.5	11.5	12.5
883	8	20.5	20.5	19.5	17.5	13.5	13.5	16.5	17.5	11.5	12.5
940	8	30.5	30.5	27.5	28.5	25.5	23.5	26.5	26.5	21.5	23.5
964	8	19.5	19.5	19.5	18.5	13.5	15.5	16.5	17.5	13.5	11.5
965	8	19.5	21.5	18.5	19.5	13.5	13.5	16.5	16.5	13.5	13.5
974	8	21.5	19.5	19.5	19.5	15.5	14.5	16.5	16.5	11.5	11.5
987	8	19.5	19.5	18.5	19.5	15.5	14.5	16.5	17.5	11.5	12.5
991	8	19.5	21.5	19.5	17.5	15.5	14.5	17.5	17.5	12.5	11.5
1002	8	20.5	19.5	18.5	19.5	15.5	13.5	16.5	16.5	13.5	13.5
1056	8	20.5	21.5	19.5	18.5	14.5	13.5	16.5	15.5	13.5	11.5
1065	8	31.5	30.5	29.5	28.5	23.5	23.5	26.5	26.5	23.5	21.5
1066	8	21.5	19.5	18.5	19.5	13.5	13.5	15.5	15.5	12.5	12.5
1075	8	20.5	20.5	18.5	17.5	13.5	15.5	15.5	16.5	13.5	12.5
1081	8	19.5	20.5	17.5	18.5	15.5	15.5	15.5	15.5	11.5	12.5
1082	8	21.5	19.5	18.5	19.5	13.5	14.5	16.5	15.5	12.5	11.5
1111	8	20.5	20.5	17.5	17.5	15.5	14.5	17.5	17.5	12.5	11.5
1118	8	19.5	20.5	19.5	19.5	13.5	13.5	16.5	17.5	13.5	11.5
1124	8	20.5	20.5	19.5	18.5	13.5	15.5	15.5	15.5	13.5	12.5
1133	8	19.5	19.5	18.5	19.5	15.5	15.5	17.5	17.5	13.5	13.5
1138	8	20.5	21.5	17.5	18.5	13.5	13.5	16.5	17.5	11.5	11.5
1162	8	19.5	18.5	16.5	16.5	12.5	12.5	15.5	15.5	11.5	11.5
1184	8	20.5	20.5	19.5	19.5	15.5	13.5	17.5	16.5	11.5	12.5
1194	8	19.5	21.5	18.5	19.5	15.5	15.5	17.5	17.5	13.5	13.5
1197	8	19.5	21.5	18.5	17.5	15.5	14.5	15.5	15.5	13.5	11.5
1204	8	19.5	19.5	18.5	18.5	15.5	15.5	17.5	17.5	12.5	11.5
1208	8	19.5	21.5	18.5	18.5	14.5	13.5	16.5	16.5	13.5	11.5
1216	8	20.5	19.5	19.5	18.5	15.5	14.5	17.5	17.5	13.5	13.5
1225	8	21.5	20.5	17.5	19.5	13.5	13.5	17.5	15.5	13.5	11.5
1254	8	19.5	19.5	17.5	17.5	14.5	15.5	17.5	16.5	12.5	13.5
1259	8	20.5	21.5	18.5	18.5	13.5	15.5	16.5	17.5	13.5	13.5
1262	8	20.5	21.5	17.5	18.5	14.5	15.5	17.5	16.5	13.5	13.5
1266	8	20.5	20.5	18.5	17.5	14.5	13.5	16.5	16.5	13.5	12.5
1268	8	18.5	19.5	15.5	16.5	13.5	12.5	13.5	15.5	10.5	10.5
1270	8	19.5	20.5	19.5	19.5	13.5	13.5	16.5	15.5	12.5	11.5
1272	8	20.5	21.5	19.5	17.5	15.5	15.5	17.5	16.5	13.5	13.5
1280	8	20.5	21.5	19.5	17.5	13.5	13.5	17.5	17.5	12.5	12.5
1295	8	21.5	21.5	18.5	18.5	14.5	13.5	17.5	17.5	12.5	12.5
1320	8	21.5	21.5	19.5	18.5	13.5	15.5	17.5	17.5	13.5	12.5
1329	8	30.5	31.5	28.5	29.5	25.5	25.5	25.5	25.5	21.5	21.5
1390	8	31.5	30.5	27.5	29.5	25.5	23.5	27.5	25.5	21.5	22.5
1402	8	31.5	30.5	29.5	28.5	25.5	25.5	25.5	25.5	23.5	23.5
1414	8	20.5	19.5	19.5	19.5	14.5	14.5	15.5	16.5	12.5	11.5
1425	8	19.5	19.5	18.5	19.5	15.5	13.5	16.5	17.5	12.5	11.5
1436	8	21.5	19.5	19.5	17.5	15.5	13.5	15.5	17.5	11.5	12.5
1439	8	19.5	19.5	18.5	17.5	14.5	13.5	15.5	17.5	11.5	11.5
1443	8	20.5	20.5	17.5	19.5	15.5	13.5	16.5	15.5	12.5	12.5
1467	8	20.5	21.5	17.5	19.5	14.5	14.5	15.5	16.5	12.5	11.5
1477	8	20.5	21.5	18.5	17.5	13.5	15.5	15.5	15.5	13.5	11.5
1497	8	20.5	21.5	18.5	17.5	14.5	14.5	16.5	16.5	13.5	13.5
1499	8	20.5	20.5	17.5	17.5	14.5	13.5	16.5	16.5	11.5	11.5
1520	8	21.5	20.5	18.5	17.5	14.5	15.5	17.5	16.5	12.5	12.5
1540	8	21.5	20.5	19.5	19.5	13.5	15.5	16.5	15.5	13.5	11.5
1556	8	20.5	21.5	19.5	19.5	13.5	13.5	15.5	16.5	13.5	12.5
1558	8	20.5	21.5	17.5	18.5	13.5	14.5	16.5	15.5	11.5	12.5
1575	8	21.5	20.5	19.5	18.5	15.5	15.5	16.5	15.5	13.5	13.5
1583	8	20.5	20.5	18.5	19.5	15.5	15.5	16.5	16.5	13.5	13.5
1590	8	19.5	19.5	19.5	17.5	14.5	14.5	17.5	15.5	13.5	13.5
1599	8	20.5	20.5	19.5	19.5	13.5	15.5	16.5	17.5	11.5	13.5
1618	8	19.5	20.5	18.5	19.5	13.5	13.5	16.5	17.5	11.5	13.5
1619	8	19.5	19.5	17.5	18.5	15.5	15.5	17.5	15.5	13.5	13.5
1620	8	21.5	19.5	17.5	18.5	15.5	13.5	17.5	16.5	12.5	11.5
1623	8	19.5	19.5	18.5	19.5	14.5	13.5	15.5	15.5	13.5	13.5
1633	8	20.5	21.5	18.5	17.5	15.5	13.5	15.5	17.5	11.5	12.5
1639	8	21.5	21.5	17.5	19.5	13.5	14.5	16.5	16.5	13.5	12.5
1660	8	19.5	20.5	17.5	19.5	15.5	13.5	15.5	16.5	13.5	13.5
1662	8	20.5	21.5	17.5	18.5	14.5	14.5	16.5	16.5	11.5	12.5
1667	8	19.5	20.5	18.5	18.5	13.5	13.5	17.5	16.5	11.5	11.5
1677	8	21.5	21.5	19.5	19.5	15.5	15.5	16.5	16.5	12.5	12.5
1692	8	20.5	20.5	18.5	17.5	13.5	14.5	17.5	15.5	11.5	11.5
1695	8	21.5	20.5	17.5	18.5	14.5	15.5	15.5	17.5	13.5	12.5
1726	8	21.5	21.5	17.5	19.5	15.5	13.5	15.5	17.5	12.5	12.5
1738	8	29.5	31.5	27.5	28.5	25.5	25.5	25.5	27.5	22.5	23.5
1743	8	19.5	19.5	17.5	19.5	13.5	14.5	17.5	16.5	13.5	13.5
1764	8	20.5	19.5	19.5	19.5	14.5	13.5	17.5	16.5	13.5	11.5
1796	8	21.5	21.5	19.5	17.5	15.5	14.5	17.5	16.5	12.5	11.5
1804	8	19.5	19.5	19.5	17.5	15.5	14.5	17.5	16.5	11.5	11.5
1812	8	30.5	29.5	28.5	27.5	25.5	25.5	25.5	26.5	21.5	23.5
1832	8	19.5	20.5	19.5	18.5	13.5	15.5	16.5	17.5	12.5	12.5
0	1	0	0	0	0	0	0	0	0	0	0
0	2	0	0	0	0	0	0	0	0	0	0
0	3	0	0	0	0	0	0	0	0	0	0
0	4	0	0	0	0	0	0	0	0	0	0
0	5	0	0	0	0	0	0	0	0	0	0
0	6	0	0	0	0	0	0	0	0	0	0
0	7	0	0	0	0	0	0	0	0	0	0
0	8	0	0	0	0	0	0	0	0	0	0
1838	1	0	0	0	0	0	0	0	0	0	0
1838	2	0	0	0	0	0	0	0	0	0	0
1838	3	0	0	0	0	0	0	0	0	0	0
1838	4	0	0	0	0	0	0	0	0	0	0
1838	5	0	0	0	0	0	0	0	0	0	0
1838	6	0	0	0	0	0	0	0	0	0	0
1838	7	0	0	0	0	0	0	0	0	0	0
1838	8	0	0	0	0	0	0	0	0	0	0
