N	D	1	2	3	4	5	6	7	8	9	10
18	1	17	15	14	15	11	11	13	13	9	7
19	1	16	15	15	15	11	9	13	11	7	7
55	1	16	17	13	14	11	11	11	12	7	9
67	1	17	16	13	15	11	11	13	11	8	7
79	1	13	13	12	11	8	9	10	9	6	7
82	1	16	16	13	14	11	9	13	12	7	7
102	1	16	17	14	15	10	10	11	13	8	9
104	1	17	15	14	13	9	10	13	11	8	9
106	1	15	15	12	12	9	8	11	11	7	5
111	1	13	14	11	13	8	7	11	11	7	5
119	1	16	16	13	15	9	10	13	13	8	7
142	1	16	17	15	13	11	10	13	13	7	8
157	1	16	17	13	13	11	9	11	11	9	9
158	1	15	15	12	11	7	7	11	9	6	7
177	1	13	13	12	13	9	9	11	10	7	5
186	1	16	15	15	13	11	11	12	13	8	9
207	1	16	16	13	15	9	11	13	12	8	7
219	1	15	14	13	11	8	7	9	11	5	7
227	1	16	17	13	15	9	11	13	11	9	9
235	1	16	17	13	15	9	11	13	11	9	9
238	1	15	15	14	14	11	10	13	11	8	8
239	1	17	17	14	13	10	10	11	13	7	8
242	1	15	15	13	14	10	10	12	13	8	7
255	1	14	14	13	13	9	8	9	9	7	6
274	1	20	20	19	19	14	16	16	18	13	12
280	1	29	30	29	28	25	24	27	25	23	23
315	1	58	58	57	57	53	52	54	55	50	50
342	1	17	15	15	13	11	10	12	12	9	7
349	1	15	15	13	14	9	9	13	13	8	8
356	1	15	15	14	13	9	11	12	12	7	9
357	1	17	15	13	13	9	11	12	13	8	9
364	1	15	17	15	14	9	11	13	13	8	7
365	1	17	16	14	13	10	11	12	12	9	8
373	1	16	17	13	14	11	11	11	12	8	8
378	1	24	22	22	22	17	18	18	20	15	14
379	1	16	16	14	14	9	9	12	12	8	7
391	1	15	16	13	14	10	9	12	12	9	9
399	1	24	24	22	21	18	16	20	19	15	16
402	1	15	17	15	15	11	10	13	12	7	8
433	1	17	15	15	15	11	10	12	13	9	8
458	1	31	29	27	28	25	25	25	26	21	23
467	1	15	17	14	15	11	11	11	12	7	7
489	1	17	17	15	14	10	9	11	13	9	8
504	1	2	17	14	15	10	9	12	11	8	8
507	1	17	16	15	13	9	10	12	11	9	9
546	1	17	15	15	14	9	11	13	11	7	8
549	1	16	16	15	15	10	11	11	12	9	8
559	1	17	16	13	14	9	10	12	11	8	8
578	1	16	15	14	13	11	11	11	13	7	9
590	1	15	15	13	14	9	10	11	13	7	8
597	1	29	31	28	27	24	24	26	26	23	23
601	1	16	17	13	14	10	10	12	13	9	8
604	1	24	24	21	21	18	18	18	18	16	15
619	1	17	17	13	15	11	11	12	13	7	7
622	1	17	16	15	15	11	11	13	11	8	8
638	1	16	15	13	15	9	9	12	11	8	7
650	1	15	15	13	15	10	11	13	12	7	8
655	1	16	17	13	15	9	9	12	11	8	8
657	1	16	17	13	14	9	11	11	11	8	7
664	1	22	23	21	21	17	18	20	18	15	14
665	1	16	16	14	14	11	10	11	11	7	9
667	1	31	31	27	27	23	23	26	27	21	22
674	1	15	15	15	15	10	11	13	11	9	9
686	1	16	17	15	13	9	10	13	12	9	9
691	1	15	15	13	15	11	11	12	13	8	8
694	1	17	15	14	15	11	11	11	11	8	8
704	1	15	15	15	15	11	10	11	13	8	8
707	1	17	15	15	15	9	11	12	11	9	7
710	1	17	15	13	13	9	10	11	11	9	7
727	1	17	15	15	14	9	11	12	11	9	8
770	1	16	16	15	15	9	9	13	11	9	9
788	1	17	15	13	15	11	10	13	11	8	7
790	1	24	23	20	22	16	18	18	18	14	14
793	1	15	15	14	13	10	10	13	11	8	9
803	1	16	15	14	15	9	11	12	11	9	9
816	1	16	17	15	14	9	9	12	11	9	7
818	1	17	17	14	15	11	11	13	11	7	8
819	1	14	13	13	12	8	8	10	10	6	6
820	1	16	17	15	13	9	9	13	11	7	9
825	1	16	15	13	15	10	9	12	12	9	7
826	1	15	17	13	13	11	10	11	11	7	8
838	1	15	16	13	13	9	9	12	11	9	9
851	1	16	16	15	14	11	9	11	11	7	9
867	1	15	17	15	15	10	11	12	13	9	8
870	1	16	17	13	15	9	11	13	12	9	9
876	1	14	14	12	12	7	7	11	10	7	5
881	1	17	15	13	15	9	9	13	11	7	9
897	1	17	15	13	14	9	11	13	13	8	7
906	1	15	16	15	13	11	10	13	12	7	8
920	1	22	24	21	21	18	18	20	20	15	15
928	1	16	16	14	13	10	9	13	12	9	9
955	1	30	31	29	27	24	24	26	25	22	23
958	1	15	15	13	13	10	10	12	11	7	7
961	1	17	16	13	14	10	11	11	13	7	8
979	1	16	15	14	14	10	9	12	11	8	7
1013	1	17	16	14	14	9	9	12	13	7	7
1015	1	16	15	13	14	9	9	12	13	9	8
1024	1	15	15	14	15	9	9	13	13	8	8
1036	1	17	17	15	15	10	10	13	12	7	7
1050	1	17	16	15	13	11	11	11	12	9	8
1084	1	16	16	14	13	10	10	11	12	7	7
1092	1	17	17	13	14	10	11	12	13	9	8
1112	1	24	23	22	20	16	17	18	19	15	14
1114	1	15	17	15	15	10	9	13	12	8	8
1115	1	17	15	13	13	11	9	12	13	8	7
1120	1	17	15	14	13	11	9	13	12	8	8
1123	1	15	15	15	15	11	11	13	11	9	7
1143	1	17	16	13	15	9	10	11	13	7	9
1155	1	17	16	15	14	11	9	12	11	9	9
1162	1	14	13	12	11	8	7	10	9	6	5
1209	1	15	16	14	13	11	11	11	12	7	8
1214	1	17	15	14	14	11	9	13	13	9	9
1228	1	15	16	13	14	10	9	12	12	7	7
1231	1	17	17	15	14	9	9	12	11	8	8
1249	1	44	43	41	41	39	39	39	41	36	36
1261	1	16	17	15	14	10	10	13	12	8	8
1263	1	16	17	15	15	9	9	11	13	9	8
1264	1	15	17	13	14	10	9	11	13	7	7
1275	1	17	15	15	13	11	11	11	11	8	8
1311	1	16	16	13	15	9	10	12	13	9	7
1317	1	16	16	13	13	9	11	12	11	8	8
1323	1	17	15	14	15	11	9	13	11	8	9
1325	1	15	17	13	15	11	11	13	11	8	7
1336	1	17	16	13	15	10	9	12	12	9	9
1338	1	17	16	13	15	9	9	13	11	8	9
1341	1	15	15	15	13	11	11	12	11	8	7
1350	1	15	16	14	13	11	9	11	12	9	8
1352	1	15	17	15	14	11	11	13	13	8	8
1358	1	17	16	13	13	9	10	11	11	7	8
1364	1	17	15	13	13	11	9	13	11	7	9
1368	1	16	16	13	15	11	11	13	13	7	9
1384	1	16	15	15	13	9	10	11	11	8	8
1408	1	17	17	14	13	10	10	12	12	9	9
1424	1	16	16	15	13	9	10	11	11	8	9
1440	1	15	17	14	13	10	10	13	13	7	7
1449	1	17	15	13	13	9	9	13	12	8	7
1459	1	16	17	15	15	10	10	12	12	7	8
1469	1	17	16	14	14	11	9	11	12	8	8
1470	1	17	15	14	14	9	9	11	11	9	8
1473	1	15	16	13	13	11	9	11	11	9	8
1478	1	15	15	13	13	10	11	13	12	8	8
1481	1	16	17	14	14	9	11	12	13	9	9
1486	1	15	17	14	14	11	11	11	12	8	9
1491	1	15	17	13	15	9	9	13	12	9	9
1492	1	15	17	15	14	11	9	12	12	7	7
1496	1	17	16	15	14	10	11	11	13	7	9
1498	1	15	17	14	14	11	10	12	12	9	9
1507	1	15	16	14	15	9	9	13	13	8	9
1509	1	16	15	15	14	10	11	13	13	8	9
1517	1	15	15	15	15	10	9	13	13	7	7
1523	1	17	15	14	15	9	9	11	12	8	9
1532	1	15	17	15	15	9	11	13	11	7	9
1535	1	15	16	14	13	10	10	11	12	9	7
1542	1	16	16	13	15	10	11	13	13	9	8
1545	1	17	15	14	13	9	10	12	12	9	9
1549	1	16	15	15	14	11	10	11	11	9	8
1551	1	23	23	21	22	18	16	19	19	15	14
1563	1	16	16	14	15	9	9	11	13	7	7
1587	1	16	15	13	15	10	11	13	13	8	8
1591	1	17	17	13	15	11	10	13	12	8	7
1596	1	16	17	15	14	9	11	12	13	8	9
1610	1	15	16	14	14	9	9	12	11	9	9
1616	1	16	15	15	14	10	9	12	11	7	8
1617	1	17	15	13	13	10	11	12	11	9	9
1626	1	15	15	14	14	11	9	13	13	8	7
1628	1	16	16	15	13	9	9	13	11	8	8
1640	1	15	15	13	13	10	9	12	12	7	7
1641	1	17	15	15	13	10	11	12	12	9	8
1651	1	17	15	13	13	11	10	11	13	8	8
1657	1	16	17	15	15	11	9	11	11	7	8
1686	1	22	23	22	21	16	16	18	18	16	14
1688	1	22	23	20	22	16	18	20	19	15	15
1696	1	17	16	13	14	9	11	11	12	9	8
1697	1	16	16	15	15	11	9	11	12	8	9
1712	1	16	15	13	13	9	11	13	12	8	8
1721	1	24	22	21	20	17	16	19	20	14	15
1736	1	15	17	15	13	9	11	13	13	7	8
1746	1	15	16	14	13	10	11	13	11	8	9
1779	1	17	16	13	15	9	10	12	12	7	8
1795	1	15	16	15	13	9	10	13	13	7	7
1805	1	15	16	13	14	11	11	13	11	7	9
1811	1	15	15	15	13	9	11	12	11	7	8
1817	1	15	17	14	13	9	11	11	13	9	8
1826	1	15	16	14	14	11	10	12	12	7	8
1837	1	15	16	15	15	9	11	12	12	8	8
18	2	17.5	15.5	14.5	15.5	11.5	11.5	13.5	13.5	9.5	7.5
19	2	16.5	15.5	15.5	15.5	11.5	9.5	13.5	11.5	7.5	7.5
55	2	16.5	17.5	13.5	14.5	11.5	11.5	11.5	12.5	7.5	9.5
67	2	17.5	16.5	13.5	15.5	11.5	11.5	13.5	11.5	8.5	7.5
79	2	13.5	13.5	12.5	11.5	8.5	9.5	10.5	9.5	6.5	7.5
82	2	16.5	16.5	13.5	14.5	11.5	9.5	13.5	12.5	7.5	7.5
102	2	16.5	17.5	14.5	15.5	10.5	10.5	11.5	13.5	8.5	9.5
104	2	17.5	15.5	14.5	13.5	9.5	10.5	13.5	11.5	8.5	9.5
106	2	15.5	15.5	12.5	12.5	9.5	8.5	11.5	11.5	7.5	5.5
111	2	13.5	14.5	11.5	13.5	8.5	7.5	11.5	11.5	7.5	5.5
119	2	16.5	16.5	13.5	15.5	9.5	10.5	13.5	13.5	8.5	7.5
142	2	16.5	17.5	15.5	13.5	11.5	10.5	13.5	13.5	7.5	8.5
157	2	16.5	17.5	13.5	13.5	11.5	9.5	11.5	11.5	9.5	9.5
158	2	15.5	15.5	12.5	11.5	7.5	7.5	11.5	9.5	6.5	7.5
177	2	13.5	13.5	12.5	13.5	9.5	9.5	11.5	10.5	7.5	5.5
186	2	16.5	15.5	15.5	13.5	11.5	11.5	12.5	13.5	8.5	9.5
207	2	16.5	16.5	13.5	15.5	9.5	11.5	13.5	12.5	8.5	7.5
219	2	15.5	14.5	13.5	11.5	8.5	7.5	9.5	11.5	5.5	7.5
227	2	16.5	17.5	13.5	15.5	9.5	11.5	13.5	11.5	9.5	9.5
235	2	16.5	17.5	13.5	15.5	9.5	11.5	13.5	11.5	9.5	9.5
238	2	15.5	15.5	14.5	14.5	11.5	10.5	13.5	11.5	8.5	8.5
239	2	17.5	17.5	14.5	13.5	10.5	10.5	11.5	13.5	7.5	8.5
242	2	15.5	15.5	13.5	14.5	10.5	10.5	12.5	13.5	8.5	7.5
255	2	14.5	14.5	13.5	13.5	9.5	8.5	9.5	9.5	7.5	6.5
274	2	20.5	20.5	19.5	19.5	14.5	16.5	16.5	18.5	13.5	12.5
280	2	29.5	30.5	29.5	28.5	25.5	24.5	27.5	25.5	23.5	23.5
315	2	58.5	58.5	57.5	57.5	53.5	52.5	54.5	55.5	50.5	50.5
342	2	17.5	15.5	15.5	13.5	11.5	10.5	12.5	12.5	9.5	7.5
349	2	15.5	15.5	13.5	14.5	9.5	9.5	13.5	13.5	8.5	8.5
356	2	15.5	15.5	14.5	13.5	9.5	11.5	12.5	12.5	7.5	9.5
357	2	17.5	15.5	13.5	13.5	9.5	11.5	12.5	13.5	8.5	9.5
364	2	15.5	17.5	15.5	14.5	9.5	11.5	13.5	13.5	8.5	7.5
365	2	17.5	16.5	14.5	13.5	10.5	11.5	12.5	12.5	9.5	8.5
373	2	16.5	17.5	13.5	14.5	11.5	11.5	11.5	12.5	8.5	8.5
378	2	24.5	22.5	22.5	22.5	17.5	18.5	18.5	20.5	15.5	14.5
379	2	16.5	16.5	14.5	14.5	9.5	9.5	12.5	12.5	8.5	7.5
391	2	15.5	16.5	13.5	14.5	10.5	9.5	12.5	12.5	9.5	9.5
399	2	24.5	24.5	22.5	21.5	18.5	16.5	20.5	19.5	15.5	16.5
402	2	15.5	17.5	15.5	15.5	11.5	10.5	13.5	12.5	7.5	8.5
433	2	17.5	15.5	15.5	15.5	11.5	10.5	12.5	13.5	9.5	8.5
458	2	31.5	29.5	27.5	28.5	25.5	25.5	25.5	26.5	21.5	23.5
467	2	15.5	17.5	14.5	15.5	11.5	11.5	11.5	12.5	7.5	7.5
489	2	17.5	17.5	15.5	14.5	10.5	9.5	11.5	13.5	9.5	8.5
504	2	2.5	17.5	14.5	15.5	10.5	9.5	12.5	11.5	8.5	8.5
507	2	17.5	16.5	15.5	13.5	9.5	10.5	12.5	11.5	9.5	9.5
546	2	17.5	15.5	15.5	14.5	9.5	11.5	13.5	11.5	7.5	8.5
549	2	16.5	16.5	15.5	15.5	10.5	11.5	11.5	12.5	9.5	8.5
559	2	17.5	16.5	13.5	14.5	9.5	10.5	12.5	11.5	8.5	8.5
578	2	16.5	15.5	14.5	13.5	11.5	11.5	11.5	13.5	7.5	9.5
590	2	15.5	15.5	13.5	14.5	9.5	10.5	11.5	13.5	7.5	8.5
597	2	29.5	31.5	28.5	27.5	24.5	24.5	26.5	26.5	23.5	23.5
601	2	16.5	17.5	13.5	14.5	10.5	10.5	12.5	13.5	9.5	8.5
604	2	24.5	24.5	21.5	21.5	18.5	18.5	18.5	18.5	16.5	15.5
619	2	17.5	17.5	13.5	15.5	11.5	11.5	12.5	13.5	7.5	7.5
622	2	17.5	16.5	15.5	15.5	11.5	11.5	13.5	11.5	8.5	8.5
638	2	16.5	15.5	13.5	15.5	9.5	9.5	12.5	11.5	8.5	7.5
650	2	15.5	15.5	13.5	15.5	10.5	11.5	13.5	12.5	7.5	8.5
655	2	16.5	17.5	13.5	15.5	9.5	9.5	12.5	11.5	8.5	8.5
657	2	16.5	17.5	13.5	14.5	9.5	11.5	11.5	11.5	8.5	7.5
664	2	22.5	23.5	21.5	21.5	17.5	18.5	20.5	18.5	15.5	14.5
665	2	16.5	16.5	14.5	14.5	11.5	10.5	11.5	11.5	7.5	9.5
667	2	31.5	31.5	27.5	27.5	23.5	23.5	26.5	27.5	21.5	22.5
674	2	15.5	15.5	15.5	15.5	10.5	11.5	13.5	11.5	9.5	9.5
686	2	16.5	17.5	15.5	13.5	9.5	10.5	13.5	12.5	9.5	9.5
691	2	15.5	15.5	13.5	15.5	11.5	11.5	12.5	13.5	8.5	8.5
694	2	17.5	15.5	14.5	15.5	11.5	11.5	11.5	11.5	8.5	8.5
704	2	15.5	15.5	15.5	15.5	11.5	10.5	11.5	13.5	8.5	8.5
707	2	17.5	15.5	15.5	15.5	9.5	11.5	12.5	11.5	9.5	7.5
710	2	17.5	15.5	13.5	13.5	9.5	10.5	11.5	11.5	9.5	7.5
727	2	17.5	15.5	15.5	14.5	9.5	11.5	12.5	11.5	9.5	8.5
770	2	16.5	16.5	15.5	15.5	9.5	9.5	13.5	11.5	9.5	9.5
788	2	17.5	15.5	13.5	15.5	11.5	10.5	13.5	11.5	8.5	7.5
790	2	24.5	23.5	20.5	22.5	16.5	18.5	18.5	18.5	14.5	14.5
793	2	15.5	15.5	14.5	13.5	10.5	10.5	13.5	11.5	8.5	9.5
803	2	16.5	15.5	14.5	15.5	9.5	11.5	12.5	11.5	9.5	9.5
816	2	16.5	17.5	15.5	14.5	9.5	9.5	12.5	11.5	9.5	7.5
818	2	17.5	17.5	14.5	15.5	11.5	11.5	13.5	11.5	7.5	8.5
819	2	14.5	13.5	13.5	12.5	8.5	8.5	10.5	10.5	6.5	6.5
820	2	16.5	17.5	15.5	13.5	9.5	9.5	13.5	11.5	7.5	9.5
825	2	16.5	15.5	13.5	15.5	10.5	9.5	12.5	12.5	9.5	7.5
826	2	15.5	17.5	13.5	13.5	11.5	10.5	11.5	11.5	7.5	8.5
838	2	15.5	16.5	13.5	13.5	9.5	9.5	12.5	11.5	9.5	9.5
851	2	16.5	16.5	15.5	14.5	11.5	9.5	11.5	11.5	7.5	9.5
867	2	15.5	17.5	15.5	15.5	10.5	11.5	12.5	13.5	9.5	8.5
870	2	16.5	17.5	13.5	15.5	9.5	11.5	13.5	12.5	9.5	9.5
876	2	14.5	14.5	12.5	12.5	7.5	7.5	11.5	10.5	7.5	5.5
881	2	17.5	15.5	13.5	15.5	9.5	9.5	13.5	11.5	7.5	9.5
897	2	17.5	15.5	13.5	14.5	9.5	11.5	13.5	13.5	8.5	7.5
906	2	15.5	16.5	15.5	13.5	11.5	10.5	13.5	12.5	7.5	8.5
920	2	22.5	24.5	21.5	21.5	18.5	18.5	20.5	20.5	15.5	15.5
928	2	16.5	16.5	14.5	13.5	10.5	9.5	13.5	12.5	9.5	9.5
955	2	30.5	31.5	29.5	27.5	24.5	24.5	26.5	25.5	22.5	23.5
958	2	15.5	15.5	13.5	13.5	10.5	10.5	12.5	11.5	7.5	7.5
961	2	17.5	16.5	13.5	14.5	10.5	11.5	11.5	13.5	7.5	8.5
979	2	16.5	15.5	14.5	14.5	10.5	9.5	12.5	11.5	8.5	7.5
1013	2	17.5	16.5	14.5	14.5	9.5	9.5	12.5	13.5	7.5	7.5
1015	2	16.5	15.5	13.5	14.5	9.5	9.5	12.5	13.5	9.5	8.5
1024	2	15.5	15.5	14.5	15.5	9.5	9.5	13.5	13.5	8.5	8.5
1036	2	17.5	17.5	15.5	15.5	10.5	10.5	13.5	12.5	7.5	7.5
1050	2	17.5	16.5	15.5	13.5	11.5	11.5	11.5	12.5	9.5	8.5
1084	2	16.5	16.5	14.5	13.5	10.5	10.5	11.5	12.5	7.5	7.5
1092	2	17.5	17.5	13.5	14.5	10.5	11.5	12.5	13.5	9.5	8.5
1112	2	24.5	23.5	22.5	20.5	16.5	17.5	18.5	19.5	15.5	14.5
1114	2	15.5	17.5	15.5	15.5	10.5	9.5	13.5	12.5	8.5	8.5
1115	2	17.5	15.5	13.5	13.5	11.5	9.5	12.5	13.5	8.5	7.5
1120	2	17.5	15.5	14.5	13.5	11.5	9.5	13.5	12.5	8.5	8.5
1123	2	15.5	15.5	15.5	15.5	11.5	11.5	13.5	11.5	9.5	7.5
1143	2	17.5	16.5	13.5	15.5	9.5	10.5	11.5	13.5	7.5	9.5
1155	2	17.5	16.5	15.5	14.5	11.5	9.5	12.5	11.5	9.5	9.5
1162	2	14.5	13.5	12.5	11.5	8.5	7.5	10.5	9.5	6.5	5.5
1209	2	15.5	16.5	14.5	13.5	11.5	11.5	11.5	12.5	7.5	8.5
1214	2	17.5	15.5	14.5	14.5	11.5	9.5	13.5	13.5	9.5	9.5
1228	2	15.5	16.5	13.5	14.5	10.5	9.5	12.5	12.5	7.5	7.5
1231	2	17.5	17.5	15.5	14.5	9.5	9.5	12.5	11.5	8.5	8.5
1249	2	44.5	43.5	41.5	41.5	39.5	39.5	39.5	41.5	36.5	36.5
1261	2	16.5	17.5	15.5	14.5	10.5	10.5	13.5	12.5	8.5	8.5
1263	2	16.5	17.5	15.5	15.5	9.5	9.5	11.5	13.5	9.5	8.5
1264	2	15.5	17.5	13.5	14.5	10.5	9.5	11.5	13.5	7.5	7.5
1275	2	17.5	15.5	15.5	13.5	11.5	11.5	11.5	11.5	8.5	8.5
1311	2	16.5	16.5	13.5	15.5	9.5	10.5	12.5	13.5	9.5	7.5
1317	2	16.5	16.5	13.5	13.5	9.5	11.5	12.5	11.5	8.5	8.5
1323	2	17.5	15.5	14.5	15.5	11.5	9.5	13.5	11.5	8.5	9.5
1325	2	15.5	17.5	13.5	15.5	11.5	11.5	13.5	11.5	8.5	7.5
1336	2	17.5	16.5	13.5	15.5	10.5	9.5	12.5	12.5	9.5	9.5
1338	2	17.5	16.5	13.5	15.5	9.5	9.5	13.5	11.5	8.5	9.5
1341	2	15.5	15.5	15.5	13.5	11.5	11.5	12.5	11.5	8.5	7.5
1350	2	15.5	16.5	14.5	13.5	11.5	9.5	11.5	12.5	9.5	8.5
1352	2	15.5	17.5	15.5	14.5	11.5	11.5	13.5	13.5	8.5	8.5
1358	2	17.5	16.5	13.5	13.5	9.5	10.5	11.5	11.5	7.5	8.5
1364	2	17.5	15.5	13.5	13.5	11.5	9.5	13.5	11.5	7.5	9.5
1368	2	16.5	16.5	13.5	15.5	11.5	11.5	13.5	13.5	7.5	9.5
1384	2	16.5	15.5	15.5	13.5	9.5	10.5	11.5	11.5	8.5	8.5
1408	2	17.5	17.5	14.5	13.5	10.5	10.5	12.5	12.5	9.5	9.5
1424	2	16.5	16.5	15.5	13.5	9.5	10.5	11.5	11.5	8.5	9.5
1440	2	15.5	17.5	14.5	13.5	10.5	10.5	13.5	13.5	7.5	7.5
1449	2	17.5	15.5	13.5	13.5	9.5	9.5	13.5	12.5	8.5	7.5
1459	2	16.5	17.5	15.5	15.5	10.5	10.5	12.5	12.5	7.5	8.5
1469	2	17.5	16.5	14.5	14.5	11.5	9.5	11.5	12.5	8.5	8.5
1470	2	17.5	15.5	14.5	14.5	9.5	9.5	11.5	11.5	9.5	8.5
1473	2	15.5	16.5	13.5	13.5	11.5	9.5	11.5	11.5	9.5	8.5
1478	2	15.5	15.5	13.5	13.5	10.5	11.5	13.5	12.5	8.5	8.5
1481	2	16.5	17.5	14.5	14.5	9.5	11.5	12.5	13.5	9.5	9.5
1486	2	15.5	17.5	14.5	14.5	11.5	11.5	11.5	12.5	8.5	9.5
1491	2	15.5	17.5	13.5	15.5	9.5	9.5	13.5	12.5	9.5	9.5
1492	2	15.5	17.5	15.5	14.5	11.5	9.5	12.5	12.5	7.5	7.5
1496	2	17.5	16.5	15.5	14.5	10.5	11.5	11.5	13.5	7.5	9.5
1498	2	15.5	17.5	14.5	14.5	11.5	10.5	12.5	12.5	9.5	9.5
1507	2	15.5	16.5	14.5	15.5	9.5	9.5	13.5	13.5	8.5	9.5
1509	2	16.5	15.5	15.5	14.5	10.5	11.5	13.5	13.5	8.5	9.5
1517	2	15.5	15.5	15.5	15.5	10.5	9.5	13.5	13.5	7.5	7.5
1523	2	17.5	15.5	14.5	15.5	9.5	9.5	11.5	12.5	8.5	9.5
1532	2	15.5	17.5	15.5	15.5	9.5	11.5	13.5	11.5	7.5	9.5
1535	2	15.5	16.5	14.5	13.5	10.5	10.5	11.5	12.5	9.5	7.5
1542	2	16.5	16.5	13.5	15.5	10.5	11.5	13.5	13.5	9.5	8.5
1545	2	17.5	15.5	14.5	13.5	9.5	10.5	12.5	12.5	9.5	9.5
1549	2	16.5	15.5	15.5	14.5	11.5	10.5	11.5	11.5	9.5	8.5
1551	2	23.5	23.5	21.5	22.5	18.5	16.5	19.5	19.5	15.5	14.5
1563	2	16.5	16.5	14.5	15.5	9.5	9.5	11.5	13.5	7.5	7.5
1587	2	16.5	15.5	13.5	15.5	10.5	11.5	13.5	13.5	8.5	8.5
1591	2	17.5	17.5	13.5	15.5	11.5	10.5	13.5	12.5	8.5	7.5
1596	2	16.5	17.5	15.5	14.5	9.5	11.5	12.5	13.5	8.5	9.5
1610	2	15.5	16.5	14.5	14.5	9.5	9.5	12.5	11.5	9.5	9.5
1616	2	16.5	15.5	15.5	14.5	10.5	9.5	12.5	11.5	7.5	8.5
1617	2	17.5	15.5	13.5	13.5	10.5	11.5	12.5	11.5	9.5	9.5
1626	2	15.5	15.5	14.5	14.5	11.5	9.5	13.5	13.5	8.5	7.5
1628	2	16.5	16.5	15.5	13.5	9.5	9.5	13.5	11.5	8.5	8.5
1640	2	15.5	15.5	13.5	13.5	10.5	9.5	12.5	12.5	7.5	7.5
1641	2	17.5	15.5	15.5	13.5	10.5	11.5	12.5	12.5	9.5	8.5
1651	2	17.5	15.5	13.5	13.5	11.5	10.5	11.5	13.5	8.5	8.5
1657	2	16.5	17.5	15.5	15.5	11.5	9.5	11.5	11.5	7.5	8.5
1686	2	22.5	23.5	22.5	21.5	16.5	16.5	18.5	18.5	16.5	14.5
1688	2	22.5	23.5	20.5	22.5	16.5	18.5	20.5	19.5	15.5	15.5
1696	2	17.5	16.5	13.5	14.5	9.5	11.5	11.5	12.5	9.5	8.5
1697	2	16.5	16.5	15.5	15.5	11.5	9.5	11.5	12.5	8.5	9.5
1712	2	16.5	15.5	13.5	13.5	9.5	11.5	13.5	12.5	8.5	8.5
1721	2	24.5	22.5	21.5	20.5	17.5	16.5	19.5	20.5	14.5	15.5
1736	2	15.5	17.5	15.5	13.5	9.5	11.5	13.5	13.5	7.5	8.5
1746	2	15.5	16.5	14.5	13.5	10.5	11.5	13.5	11.5	8.5	9.5
1779	2	17.5	16.5	13.5	15.5	9.5	10.5	12.5	12.5	7.5	8.5
1795	2	15.5	16.5	15.5	13.5	9.5	10.5	13.5	13.5	7.5	7.5
1805	2	15.5	16.5	13.5	14.5	11.5	11.5	13.5	11.5	7.5	9.5
1811	2	15.5	15.5	15.5	13.5	9.5	11.5	12.5	11.5	7.5	8.5
1817	2	15.5	17.5	14.5	13.5	9.5	11.5	11.5	13.5	9.5	8.5
1826	2	15.5	16.5	14.5	14.5	11.5	10.5	12.5	12.5	7.5	8.5
1837	2	15.5	16.5	15.5	15.5	9.5	11.5	12.5	12.5	8.5	8.5
18	3	18	16	15	16	12	12	14	14	10	8
19	3	17	16	16	16	12	10	14	12	8	8
55	3	17	18	14	15	12	12	12	13	8	10
67	3	18	17	14	16	12	12	14	12	9	8
79	3	14	14	13	12	9	10	11	10	7	8
82	3	17	17	14	15	12	10	14	13	8	8
102	3	17	18	15	16	11	11	12	14	9	10
104	3	18	16	15	14	10	11	14	12	9	10
106	3	16	16	13	13	10	9	12	12	8	6
111	3	14	15	12	14	9	8	12	12	8	6
119	3	17	17	14	16	10	11	14	14	9	8
142	3	17	18	16	14	12	11	14	14	8	9
157	3	17	18	14	14	12	10	12	12	10	10
158	3	16	16	13	12	8	8	12	10	7	8
177	3	14	14	13	14	10	10	12	11	8	6
186	3	17	16	16	14	12	12	13	14	9	10
207	3	17	17	14	16	10	12	14	13	9	8
219	3	16	15	14	12	9	8	10	12	6	8
227	3	17	18	14	16	10	12	14	12	10	10
235	3	17	18	14	16	10	12	14	12	10	10
238	3	16	16	15	15	12	11	14	12	9	9
239	3	18	18	15	14	11	11	12	14	8	9
242	3	16	16	14	15	11	11	13	14	9	8
255	3	15	15	14	14	10	9	10	10	8	7
274	3	21	21	20	20	15	17	17	19	14	13
280	3	30	31	30	29	26	25	28	26	24	24
315	3	59	59	58	58	54	53	55	56	51	51
342	3	18	16	16	14	12	11	13	13	10	8
349	3	16	16	14	15	10	10	14	14	9	9
356	3	16	16	15	14	10	12	13	13	8	10
357	3	18	16	14	14	10	12	13	14	9	10
364	3	16	18	16	15	10	12	14	14	9	8
365	3	18	17	15	14	11	12	13	13	10	9
373	3	17	18	14	15	12	12	12	13	9	9
378	3	25	23	23	23	18	19	19	21	16	15
379	3	17	17	15	15	10	10	13	13	9	8
391	3	16	17	14	15	11	10	13	13	10	10
399	3	25	25	23	22	19	17	21	20	16	17
402	3	16	18	16	16	12	11	14	13	8	9
433	3	18	16	16	16	12	11	13	14	10	9
458	3	32	30	28	29	26	26	26	27	22	24
467	3	16	18	15	16	12	12	12	13	8	8
489	3	18	18	16	15	11	10	12	14	10	9
504	3	3	18	15	16	11	10	13	12	9	9
507	3	18	17	16	14	10	11	13	12	10	10
546	3	18	16	16	15	10	12	14	12	8	9
549	3	17	17	16	16	11	12	12	13	10	9
559	3	18	17	14	15	10	11	13	12	9	9
578	3	17	16	15	14	12	12	12	14	8	10
590	3	16	16	14	15	10	11	12	14	8	9
597	3	30	32	29	28	25	25	27	27	24	24
601	3	17	18	14	15	11	11	13	14	10	9
604	3	25	25	22	22	19	19	19	19	17	16
619	3	18	18	14	16	12	12	13	14	8	8
622	3	18	17	16	16	12	12	14	12	9	9
638	3	17	16	14	16	10	10	13	12	9	8
650	3	16	16	14	16	11	12	14	13	8	9
655	3	17	18	14	16	10	10	13	12	9	9
657	3	17	18	14	15	10	12	12	12	9	8
664	3	23	24	22	22	18	19	21	19	16	15
665	3	17	17	15	15	12	11	12	12	8	10
667	3	32	32	28	28	24	24	27	28	22	23
674	3	16	16	16	16	11	12	14	12	10	10
686	3	17	18	16	14	10	11	14	13	10	10
691	3	16	16	14	16	12	12	13	14	9	9
694	3	18	16	15	16	12	12	12	12	9	9
704	3	16	16	16	16	12	11	12	14	9	9
707	3	18	16	16	16	10	12	13	12	10	8
710	3	18	16	14	14	10	11	12	12	10	8
727	3	18	16	16	15	10	12	13	12	10	9
770	3	17	17	16	16	10	10	14	12	10	10
788	3	18	16	14	16	12	11	14	12	9	8
790	3	25	24	21	23	17	19	19	19	15	15
793	3	16	16	15	14	11	11	14	12	9	10
803	3	17	16	15	16	10	12	13	12	10	10
816	3	17	18	16	15	10	10	13	12	10	8
818	3	18	18	15	16	12	12	14	12	8	9
819	3	15	14	14	13	9	9	11	11	7	7
820	3	17	18	16	14	10	10	14	12	8	10
825	3	17	16	14	16	11	10	13	13	10	8
826	3	16	18	14	14	12	11	12	12	8	9
838	3	16	17	14	14	10	10	13	12	10	10
851	3	17	17	16	15	12	10	12	12	8	10
867	3	16	18	16	16	11	12	13	14	10	9
870	3	17	18	14	16	10	12	14	13	10	10
876	3	15	15	13	13	8	8	12	11	8	6
881	3	18	16	14	16	10	10	14	12	8	10
897	3	18	16	14	15	10	12	14	14	9	8
906	3	16	17	16	14	12	11	14	13	8	9
920	3	23	25	22	22	19	19	21	21	16	16
928	3	17	17	15	14	11	10	14	13	10	10
955	3	31	32	30	28	25	25	27	26	23	24
958	3	16	16	14	14	11	11	13	12	8	8
961	3	18	17	14	15	11	12	12	14	8	9
979	3	17	16	15	15	11	10	13	12	9	8
1013	3	18	17	15	15	10	10	13	14	8	8
1015	3	17	16	14	15	10	10	13	14	10	9
1024	3	16	16	15	16	10	10	14	14	9	9
1036	3	18	18	16	16	11	11	14	13	8	8
1050	3	18	17	16	14	12	12	12	13	10	9
1084	3	17	17	15	14	11	11	12	13	8	8
1092	3	18	18	14	15	11	12	13	14	10	9
1112	3	25	24	23	21	17	18	19	20	16	15
1114	3	16	18	16	16	11	10	14	13	9	9
1115	3	18	16	14	14	12	10	13	14	9	8
1120	3	18	16	15	14	12	10	14	13	9	9
1123	3	16	16	16	16	12	12	14	12	10	8
1143	3	18	17	14	16	10	11	12	14	8	10
1155	3	18	17	16	15	12	10	13	12	10	10
1162	3	15	14	13	12	9	8	11	10	7	6
1209	3	16	17	15	14	12	12	12	13	8	9
1214	3	18	16	15	15	12	10	14	14	10	10
1228	3	16	17	14	15	11	10	13	13	8	8
1231	3	18	18	16	15	10	10	13	12	9	9
1249	3	45	44	42	42	40	40	40	42	37	37
1261	3	17	18	16	15	11	11	14	13	9	9
1263	3	17	18	16	16	10	10	12	14	10	9
1264	3	16	18	14	15	11	10	12	14	8	8
1275	3	18	16	16	14	12	12	12	12	9	9
1311	3	17	17	14	16	10	11	13	14	10	8
1317	3	17	17	14	14	10	12	13	12	9	9
1323	3	18	16	15	16	12	10	14	12	9	10
1325	3	16	18	14	16	12	12	14	12	9	8
1336	3	18	17	14	16	11	10	13	13	10	10
1338	3	18	17	14	16	10	10	14	12	9	10
1341	3	16	16	16	14	12	12	13	12	9	8
1350	3	16	17	15	14	12	10	12	13	10	9
1352	3	16	18	16	15	12	12	14	14	9	9
1358	3	18	17	14	14	10	11	12	12	8	9
1364	3	18	16	14	14	12	10	14	12	8	10
1368	3	17	17	14	16	12	12	14	14	8	10
1384	3	17	16	16	14	10	11	12	12	9	9
1408	3	18	18	15	14	11	11	13	13	10	10
1424	3	17	17	16	14	10	11	12	12	9	10
1440	3	16	18	15	14	11	11	14	14	8	8
1449	3	18	16	14	14	10	10	14	13	9	8
1459	3	17	18	16	16	11	11	13	13	8	9
1469	3	18	17	15	15	12	10	12	13	9	9
1470	3	18	16	15	15	10	10	12	12	10	9
1473	3	16	17	14	14	12	10	12	12	10	9
1478	3	16	16	14	14	11	12	14	13	9	9
1481	3	17	18	15	15	10	12	13	14	10	10
1486	3	16	18	15	15	12	12	12	13	9	10
1491	3	16	18	14	16	10	10	14	13	10	10
1492	3	16	18	16	15	12	10	13	13	8	8
1496	3	18	17	16	15	11	12	12	14	8	10
1498	3	16	18	15	15	12	11	13	13	10	10
1507	3	16	17	15	16	10	10	14	14	9	10
1509	3	17	16	16	15	11	12	14	14	9	10
1517	3	16	16	16	16	11	10	14	14	8	8
1523	3	18	16	15	16	10	10	12	13	9	10
1532	3	16	18	16	16	10	12	14	12	8	10
1535	3	16	17	15	14	11	11	12	13	10	8
1542	3	17	17	14	16	11	12	14	14	10	9
1545	3	18	16	15	14	10	11	13	13	10	10
1549	3	17	16	16	15	12	11	12	12	10	9
1551	3	24	24	22	23	19	17	20	20	16	15
1563	3	17	17	15	16	10	10	12	14	8	8
1587	3	17	16	14	16	11	12	14	14	9	9
1591	3	18	18	14	16	12	11	14	13	9	8
1596	3	17	18	16	15	10	12	13	14	9	10
1610	3	16	17	15	15	10	10	13	12	10	10
1616	3	17	16	16	15	11	10	13	12	8	9
1617	3	18	16	14	14	11	12	13	12	10	10
1626	3	16	16	15	15	12	10	14	14	9	8
1628	3	17	17	16	14	10	10	14	12	9	9
1640	3	16	16	14	14	11	10	13	13	8	8
1641	3	18	16	16	14	11	12	13	13	10	9
1651	3	18	16	14	14	12	11	12	14	9	9
1657	3	17	18	16	16	12	10	12	12	8	9
1686	3	23	24	23	22	17	17	19	19	17	15
1688	3	23	24	21	23	17	19	21	20	16	16
1696	3	18	17	14	15	10	12	12	13	10	9
1697	3	17	17	16	16	12	10	12	13	9	10
1712	3	17	16	14	14	10	12	14	13	9	9
1721	3	25	23	22	21	18	17	20	21	15	16
1736	3	16	18	16	14	10	12	14	14	8	9
1746	3	16	17	15	14	11	12	14	12	9	10
1779	3	18	17	14	16	10	11	13	13	8	9
1795	3	16	17	16	14	10	11	14	14	8	8
1805	3	16	17	14	15	12	12	14	12	8	10
1811	3	16	16	16	14	10	12	13	12	8	9
1817	3	16	18	15	14	10	12	12	14	10	9
1826	3	16	17	15	15	12	11	13	13	8	9
1837	3	16	17	16	16	10	12	13	13	9	9
18	4	18.5	16.5	15.5	16.5	12.5	12.5	14.5	14.5	10.5	8.5
19	4	17.5	16.5	16.5	16.5	12.5	10.5	14.5	12.5	8.5	8.5
55	4	17.5	18.5	14.5	15.5	12.5	12.5	12.5	13.5	8.5	10.5
67	4	18.5	17.5	14.5	16.5	12.5	12.5	14.5	12.5	9.5	8.5
79	4	14.5	14.5	13.5	12.5	9.5	10.5	11.5	10.5	7.5	8.5
82	4	17.5	17.5	14.5	15.5	12.5	10.5	14.5	13.5	8.5	8.5
102	4	17.5	18.5	15.5	16.5	11.5	11.5	12.5	14.5	9.5	10.5
104	4	18.5	16.5	15.5	14.5	10.5	11.5	14.5	12.5	9.5	10.5
106	4	16.5	16.5	13.5	13.5	10.5	9.5	12.5	12.5	8.5	6.5
111	4	14.5	15.5	12.5	14.5	9.5	8.5	12.5	12.5	8.5	6.5
119	4	17.5	17.5	14.5	16.5	10.5	11.5	14.5	14.5	9.5	8.5
142	4	17.5	18.5	16.5	14.5	12.5	11.5	14.5	14.5	8.5	9.5
157	4	17.5	18.5	14.5	14.5	12.5	10.5	12.5	12.5	10.5	10.5
158	4	16.5	16.5	13.5	12.5	8.5	8.5	12.5	10.5	7.5	8.5
177	4	14.5	14.5	13.5	14.5	10.5	10.5	12.5	11.5	8.5	6.5
186	4	17.5	16.5	16.5	14.5	12.5	12.5	13.5	14.5	9.5	10.5
207	4	17.5	17.5	14.5	16.5	10.5	12.5	14.5	13.5	9.5	8.5
219	4	16.5	15.5	14.5	12.5	9.5	8.5	10.5	12.5	6.5	8.5
227	4	17.5	18.5	14.5	16.5	10.5	12.5	14.5	12.5	10.5	10.5
235	4	17.5	18.5	14.5	16.5	10.5	12.5	14.5	12.5	10.5	10.5
238	4	16.5	16.5	15.5	15.5	12.5	11.5	14.5	12.5	9.5	9.5
239	4	18.5	18.5	15.5	14.5	11.5	11.5	12.5	14.5	8.5	9.5
242	4	16.5	16.5	14.5	15.5	11.5	11.5	13.5	14.5	9.5	8.5
255	4	15.5	15.5	14.5	14.5	10.5	9.5	10.5	10.5	8.5	7.5
274	4	21.5	21.5	20.5	20.5	15.5	17.5	17.5	19.5	14.5	13.5
280	4	30.5	31.5	30.5	29.5	26.5	25.5	28.5	26.5	24.5	24.5
315	4	59.5	59.5	58.5	58.5	54.5	53.5	55.5	56.5	51.5	51.5
342	4	18.5	16.5	16.5	14.5	12.5	11.5	13.5	13.5	10.5	8.5
349	4	16.5	16.5	14.5	15.5	10.5	10.5	14.5	14.5	9.5	9.5
356	4	16.5	16.5	15.5	14.5	10.5	12.5	13.5	13.5	8.5	10.5
357	4	18.5	16.5	14.5	14.5	10.5	12.5	13.5	14.5	9.5	10.5
364	4	16.5	18.5	16.5	15.5	10.5	12.5	14.5	14.5	9.5	8.5
365	4	18.5	17.5	15.5	14.5	11.5	12.5	13.5	13.5	10.5	9.5
373	4	17.5	18.5	14.5	15.5	12.5	12.5	12.5	13.5	9.5	9.5
378	4	25.5	23.5	23.5	23.5	18.5	19.5	19.5	21.5	16.5	15.5
379	4	17.5	17.5	15.5	15.5	10.5	10.5	13.5	13.5	9.5	8.5
391	4	16.5	17.5	14.5	15.5	11.5	10.5	13.5	13.5	10.5	10.5
399	4	25.5	25.5	23.5	22.5	19.5	17.5	21.5	20.5	16.5	17.5
402	4	16.5	18.5	16.5	16.5	12.5	11.5	14.5	13.5	8.5	9.5
433	4	18.5	16.5	16.5	16.5	12.5	11.5	13.5	14.5	10.5	9.5
458	4	32.5	30.5	28.5	29.5	26.5	26.5	26.5	27.5	22.5	24.5
467	4	16.5	18.5	15.5	16.5	12.5	12.5	12.5	13.5	8.5	8.5
489	4	18.5	18.5	16.5	15.5	11.5	10.5	12.5	14.5	10.5	9.5
504	4	3.5	18.5	15.5	16.5	11.5	10.5	13.5	12.5	9.5	9.5
507	4	18.5	17.5	16.5	14.5	10.5	11.5	13.5	12.5	10.5	10.5
546	4	18.5	16.5	16.5	15.5	10.5	12.5	14.5	12.5	8.5	9.5
549	4	17.5	17.5	16.5	16.5	11.5	12.5	12.5	13.5	10.5	9.5
559	4	18.5	17.5	14.5	15.5	10.5	11.5	13.5	12.5	9.5	9.5
578	4	17.5	16.5	15.5	14.5	12.5	12.5	12.5	14.5	8.5	10.5
590	4	16.5	16.5	14.5	15.5	10.5	11.5	12.5	14.5	8.5	9.5
597	4	30.5	32.5	29.5	28.5	25.5	25.5	27.5	27.5	24.5	24.5
601	4	17.5	18.5	14.5	15.5	11.5	11.5	13.5	14.5	10.5	9.5
604	4	25.5	25.5	22.5	22.5	19.5	19.5	19.5	19.5	17.5	16.5
619	4	18.5	18.5	14.5	16.5	12.5	12.5	13.5	14.5	8.5	8.5
622	4	18.5	17.5	16.5	16.5	12.5	12.5	14.5	12.5	9.5	9.5
638	4	17.5	16.5	14.5	16.5	10.5	10.5	13.5	12.5	9.5	8.5
650	4	16.5	16.5	14.5	16.5	11.5	12.5	14.5	13.5	8.5	9.5
655	4	17.5	18.5	14.5	16.5	10.5	10.5	13.5	12.5	9.5	9.5
657	4	17.5	18.5	14.5	15.5	10.5	12.5	12.5	12.5	9.5	8.5
664	4	23.5	24.5	22.5	22.5	18.5	19.5	21.5	19.5	16.5	15.5
665	4	17.5	17.5	15.5	15.5	12.5	11.5	12.5	12.5	8.5	10.5
667	4	32.5	32.5	28.5	28.5	24.5	24.5	27.5	28.5	22.5	23.5
674	4	16.5	16.5	16.5	16.5	11.5	12.5	14.5	12.5	10.5	10.5
686	4	17.5	18.5	16.5	14.5	10.5	11.5	14.5	13.5	10.5	10.5
691	4	16.5	16.5	14.5	16.5	12.5	12.5	13.5	14.5	9.5	9.5
694	4	18.5	16.5	15.5	16.5	12.5	12.5	12.5	12.5	9.5	9.5
704	4	16.5	16.5	16.5	16.5	12.5	11.5	12.5	14.5	9.5	9.5
707	4	18.5	16.5	16.5	16.5	10.5	12.5	13.5	12.5	10.5	8.5
710	4	18.5	16.5	14.5	14.5	10.5	11.5	12.5	12.5	10.5	8.5
727	4	18.5	16.5	16.5	15.5	10.5	12.5	13.5	12.5	10.5	9.5
770	4	17.5	17.5	16.5	16.5	10.5	10.5	14.5	12.5	10.5	10.5
788	4	18.5	16.5	14.5	16.5	12.5	11.5	14.5	12.5	9.5	8.5
790	4	25.5	24.5	21.5	23.5	17.5	19.5	19.5	19.5	15.5	15.5
793	4	16.5	16.5	15.5	14.5	11.5	11.5	14.5	12.5	9.5	10.5
803	4	17.5	16.5	15.5	16.5	10.5	12.5	13.5	12.5	10.5	10.5
816	4	17.5	18.5	16.5	15.5	10.5	10.5	13.5	12.5	10.5	8.5
818	4	18.5	18.5	15.5	16.5	12.5	12.5	14.5	12.5	8.5	9.5
819	4	15.5	14.5	14.5	13.5	9.5	9.5	11.5	11.5	7.5	7.5
820	4	17.5	18.5	16.5	14.5	10.5	10.5	14.5	12.5	8.5	10.5
825	4	17.5	16.5	14.5	16.5	11.5	10.5	13.5	13.5	10.5	8.5
826	4	16.5	18.5	14.5	14.5	12.5	11.5	12.5	12.5	8.5	9.5
838	4	16.5	17.5	14.5	14.5	10.5	10.5	13.5	12.5	10.5	10.5
851	4	17.5	17.5	16.5	15.5	12.5	10.5	12.5	12.5	8.5	10.5
867	4	16.5	18.5	16.5	16.5	11.5	12.5	13.5	14.5	10.5	9.5
870	4	17.5	18.5	14.5	16.5	10.5	12.5	14.5	13.5	10.5	10.5
876	4	15.5	15.5	13.5	13.5	8.5	8.5	12.5	11.5	8.5	6.5
881	4	18.5	16.5	14.5	16.5	10.5	10.5	14.5	12.5	8.5	10.5
897	4	18.5	16.5	14.5	15.5	10.5	12.5	14.5	14.5	9.5	8.5
906	4	16.5	17.5	16.5	14.5	12.5	11.5	14.5	13.5	8.5	9.5
920	4	23.5	25.5	22.5	22.5	19.5	19.5	21.5	21.5	16.5	16.5
928	4	17.5	17.5	15.5	14.5	11.5	10.5	14.5	13.5	10.5	10.5
955	4	31.5	32.5	30.5	28.5	25.5	25.5	27.5	26.5	23.5	24.5
958	4	16.5	16.5	14.5	14.5	11.5	11.5	13.5	12.5	8.5	8.5
961	4	18.5	17.5	14.5	15.5	11.5	12.5	12.5	14.5	8.5	9.5
979	4	17.5	16.5	15.5	15.5	11.5	10.5	13.5	12.5	9.5	8.5
1013	4	18.5	17.5	15.5	15.5	10.5	10.5	13.5	14.5	8.5	8.5
1015	4	17.5	16.5	14.5	15.5	10.5	10.5	13.5	14.5	10.5	9.5
1024	4	16.5	16.5	15.5	16.5	10.5	10.5	14.5	14.5	9.5	9.5
1036	4	18.5	18.5	16.5	16.5	11.5	11.5	14.5	13.5	8.5	8.5
1050	4	18.5	17.5	16.5	14.5	12.5	12.5	12.5	13.5	10.5	9.5
1084	4	17.5	17.5	15.5	14.5	11.5	11.5	12.5	13.5	8.5	8.5
1092	4	18.5	18.5	14.5	15.5	11.5	12.5	13.5	14.5	10.5	9.5
1112	4	25.5	24.5	23.5	21.5	17.5	18.5	19.5	20.5	16.5	15.5
1114	4	16.5	18.5	16.5	16.5	11.5	10.5	14.5	13.5	9.5	9.5
1115	4	18.5	16.5	14.5	14.5	12.5	10.5	13.5	14.5	9.5	8.5
1120	4	18.5	16.5	15.5	14.5	12.5	10.5	14.5	13.5	9.5	9.5
1123	4	16.5	16.5	16.5	16.5	12.5	12.5	14.5	12.5	10.5	8.5
1143	4	18.5	17.5	14.5	16.5	10.5	11.5	12.5	14.5	8.5	10.5
1155	4	18.5	17.5	16.5	15.5	12.5	10.5	13.5	12.5	10.5	10.5
1162	4	15.5	14.5	13.5	12.5	9.5	8.5	11.5	10.5	7.5	6.5
1209	4	16.5	17.5	15.5	14.5	12.5	12.5	12.5	13.5	8.5	9.5
1214	4	18.5	16.5	15.5	15.5	12.5	10.5	14.5	14.5	10.5	10.5
1228	4	16.5	17.5	14.5	15.5	11.5	10.5	13.5	13.5	8.5	8.5
1231	4	18.5	18.5	16.5	15.5	10.5	10.5	13.5	12.5	9.5	9.5
1249	4	45.5	44.5	42.5	42.5	40.5	40.5	40.5	42.5	37.5	37.5
1261	4	17.5	18.5	16.5	15.5	11.5	11.5	14.5	13.5	9.5	9.5
1263	4	17.5	18.5	16.5	16.5	10.5	10.5	12.5	14.5	10.5	9.5
1264	4	16.5	18.5	14.5	15.5	11.5	10.5	12.5	14.5	8.5	8.5
1275	4	18.5	16.5	16.5	14.5	12.5	12.5	12.5	12.5	9.5	9.5
1311	4	17.5	17.5	14.5	16.5	10.5	11.5	13.5	14.5	10.5	8.5
1317	4	17.5	17.5	14.5	14.5	10.5	12.5	13.5	12.5	9.5	9.5
1323	4	18.5	16.5	15.5	16.5	12.5	10.5	14.5	12.5	9.5	10.5
1325	4	16.5	18.5	14.5	16.5	12.5	12.5	14.5	12.5	9.5	8.5
1336	4	18.5	17.5	14.5	16.5	11.5	10.5	13.5	13.5	10.5	10.5
1338	4	18.5	17.5	14.5	16.5	10.5	10.5	14.5	12.5	9.5	10.5
1341	4	16.5	16.5	16.5	14.5	12.5	12.5	13.5	12.5	9.5	8.5
1350	4	16.5	17.5	15.5	14.5	12.5	10.5	12.5	13.5	10.5	9.5
1352	4	16.5	18.5	16.5	15.5	12.5	12.5	14.5	14.5	9.5	9.5
1358	4	18.5	17.5	14.5	14.5	10.5	11.5	12.5	12.5	8.5	9.5
1364	4	18.5	16.5	14.5	14.5	12.5	10.5	14.5	12.5	8.5	10.5
1368	4	17.5	17.5	14.5	16.5	12.5	12.5	14.5	14.5	8.5	10.5
1384	4	17.5	16.5	16.5	14.5	10.5	11.5	12.5	12.5	9.5	9.5
1408	4	18.5	18.5	15.5	14.5	11.5	11.5	13.5	13.5	10.5	10.5
1424	4	17.5	17.5	16.5	14.5	10.5	11.5	12.5	12.5	9.5	10.5
1440	4	16.5	18.5	15.5	14.5	11.5	11.5	14.5	14.5	8.5	8.5
1449	4	18.5	16.5	14.5	14.5	10.5	10.5	14.5	13.5	9.5	8.5
1459	4	17.5	18.5	16.5	16.5	11.5	11.5	13.5	13.5	8.5	9.5
1469	4	18.5	17.5	15.5	15.5	12.5	10.5	12.5	13.5	9.5	9.5
1470	4	18.5	16.5	15.5	15.5	10.5	10.5	12.5	12.5	10.5	9.5
1473	4	16.5	17.5	14.5	14.5	12.5	10.5	12.5	12.5	10.5	9.5
1478	4	16.5	16.5	14.5	14.5	11.5	12.5	14.5	13.5	9.5	9.5
1481	4	17.5	18.5	15.5	15.5	10.5	12.5	13.5	14.5	10.5	10.5
1486	4	16.5	18.5	15.5	15.5	12.5	12.5	12.5	13.5	9.5	10.5
1491	4	16.5	18.5	14.5	16.5	10.5	10.5	14.5	13.5	10.5	10.5
1492	4	16.5	18.5	16.5	15.5	12.5	10.5	13.5	13.5	8.5	8.5
1496	4	18.5	17.5	16.5	15.5	11.5	12.5	12.5	14.5	8.5	10.5
1498	4	16.5	18.5	15.5	15.5	12.5	11.5	13.5	13.5	10.5	10.5
1507	4	16.5	17.5	15.5	16.5	10.5	10.5	14.5	14.5	9.5	10.5
1509	4	17.5	16.5	16.5	15.5	11.5	12.5	14.5	14.5	9.5	10.5
1517	4	16.5	16.5	16.5	16.5	11.5	10.5	14.5	14.5	8.5	8.5
1523	4	18.5	16.5	15.5	16.5	10.5	10.5	12.5	13.5	9.5	10.5
1532	4	16.5	18.5	16.5	16.5	10.5	12.5	14.5	12.5	8.5	10.5
1535	4	16.5	17.5	15.5	14.5	11.5	11.5	12.5	13.5	10.5	8.5
1542	4	17.5	17.5	14.5	16.5	11.5	12.5	14.5	14.5	10.5	9.5
1545	4	18.5	16.5	15.5	14.5	10.5	11.5	13.5	13.5	10.5	10.5
1549	4	17.5	16.5	16.5	15.5	12.5	11.5	12.5	12.5	10.5	9.5
1551	4	24.5	24.5	22.5	23.5	19.5	17.5	20.5	20.5	16.5	15.5
1563	4	17.5	17.5	15.5	16.5	10.5	10.5	12.5	14.5	8.5	8.5
1587	4	17.5	16.5	14.5	16.5	11.5	12.5	14.5	14.5	9.5	9.5
1591	4	18.5	18.5	14.5	16.5	12.5	11.5	14.5	13.5	9.5	8.5
1596	4	17.5	18.5	16.5	15.5	10.5	12.5	13.5	14.5	9.5	10.5
1610	4	16.5	17.5	15.5	15.5	10.5	10.5	13.5	12.5	10.5	10.5
1616	4	17.5	16.5	16.5	15.5	11.5	10.5	13.5	12.5	8.5	9.5
1617	4	18.5	16.5	14.5	14.5	11.5	12.5	13.5	12.5	10.5	10.5
1626	4	16.5	16.5	15.5	15.5	12.5	10.5	14.5	14.5	9.5	8.5
1628	4	17.5	17.5	16.5	14.5	10.5	10.5	14.5	12.5	9.5	9.5
1640	4	16.5	16.5	14.5	14.5	11.5	10.5	13.5	13.5	8.5	8.5
1641	4	18.5	16.5	16.5	14.5	11.5	12.5	13.5	13.5	10.5	9.5
1651	4	18.5	16.5	14.5	14.5	12.5	11.5	12.5	14.5	9.5	9.5
1657	4	17.5	18.5	16.5	16.5	12.5	10.5	12.5	12.5	8.5	9.5
1686	4	23.5	24.5	23.5	22.5	17.5	17.5	19.5	19.5	17.5	15.5
1688	4	23.5	24.5	21.5	23.5	17.5	19.5	21.5	20.5	16.5	16.5
1696	4	18.5	17.5	14.5	15.5	10.5	12.5	12.5	13.5	10.5	9.5
1697	4	17.5	17.5	16.5	16.5	12.5	10.5	12.5	13.5	9.5	10.5
1712	4	17.5	16.5	14.5	14.5	10.5	12.5	14.5	13.5	9.5	9.5
1721	4	25.5	23.5	22.5	21.5	18.5	17.5	20.5	21.5	15.5	16.5
1736	4	16.5	18.5	16.5	14.5	10.5	12.5	14.5	14.5	8.5	9.5
1746	4	16.5	17.5	15.5	14.5	11.5	12.5	14.5	12.5	9.5	10.5
1779	4	18.5	17.5	14.5	16.5	10.5	11.5	13.5	13.5	8.5	9.5
1795	4	16.5	17.5	16.5	14.5	10.5	11.5	14.5	14.5	8.5	8.5
1805	4	16.5	17.5	14.5	15.5	12.5	12.5	14.5	12.5	8.5	10.5
1811	4	16.5	16.5	16.5	14.5	10.5	12.5	13.5	12.5	8.5	9.5
1817	4	16.5	18.5	15.5	14.5	10.5	12.5	12.5	14.5	10.5	9.5
1826	4	16.5	17.5	15.5	15.5	12.5	11.5	13.5	13.5	8.5	9.5
1837	4	16.5	17.5	16.5	16.5	10.5	12.5	13.5	13.5	9.5	9.5
18	5	18	18	17	17	14	12	14	16	12	11
19	5	19	20	17	16	14	14	15	14	12	10
55	5	18	18	16	17	13	12	14	16	10	10
67	5	19	19	18	18	13	12	16	15	10	11
79	5	18	16	14	14	10	12	13	14	8	9
82	5	18	19	16	16	12	12	15	15	11	10
102	5	18	20	18	18	13	14	15	14	11	10
104	5	19	19	17	18	12	13	16	16	10	11
106	5	16	16	15	16	11	11	12	14	8	8
111	5	17	18	14	16	10	12	14	14	8	10
119	5	20	20	17	16	12	12	15	15	12	12
142	5	18	19	16	18	13	14	14	16	10	10
157	5	20	19	18	18	13	12	14	15	12	11
158	5	18	17	16	14	10	10	14	13	10	10
177	5	16	16	14	15	12	10	13	12	10	9
186	5	19	18	17	18	14	14	14	14	11	11
207	5	18	20	17	16	13	14	16	16	11	11
219	5	16	18	15	14	11	10	14	14	8	10
227	5	20	20	17	17	12	12	15	16	11	12
235	5	20	20	17	17	12	12	15	16	11	12
238	5	18	20	17	16	13	14	16	14	10	10
239	5	20	18	17	18	14	12	14	16	10	11
242	5	19	18	17	16	12	14	16	15	12	10
255	5	17	18	14	15	11	10	13	13	10	8
274	5	28	27	26	24	20	20	24	22	20	18
280	5	40	38	37	36	32	32	36	34	32	30
315	5	80	80	78	78	72	74	76	74	71	70
342	5	20	20	18	18	13	13	15	15	10	10
349	5	20	18	16	18	13	12	15	14	12	12
356	5	18	19	17	18	12	14	14	15	11	11
357	5	20	19	16	17	12	14	15	15	11	11
364	5	20	20	18	17	13	13	16	14	10	10
365	5	19	19	16	18	13	13	14	14	12	10
373	5	19	20	16	18	12	14	16	16	12	10
378	5	29	29	26	27	24	24	24	25	22	21
379	5	18	20	18	16	12	13	16	14	10	12
391	5	19	20	16	18	12	12	15	14	10	11
399	5	29	30	27	28	22	24	25	24	20	21
402	5	19	20	18	16	14	13	16	16	12	11
433	5	19	18	17	16	13	14	16	15	12	11
458	5	38	39	38	38	33	32	35	35	31	32
467	5	18	20	17	16	12	12	15	14	11	10
489	5	18	18	16	16	14	14	16	14	11	12
504	5	18	18	18	17	12	14	14	14	10	12
507	5	18	20	17	17	12	14	14	14	11	12
546	5	19	20	18	18	13	13	14	16	11	11
549	5	19	20	18	17	12	13	16	15	10	12
559	5	18	18	17	17	12	13	16	16	10	11
578	5	19	20	17	18	12	13	14	14	11	12
590	5	20	19	18	16	12	13	16	14	12	11
597	5	40	39	38	38	34	34	36	34	30	30
601	5	20	18	16	18	12	13	15	15	11	12
604	5	30	28	27	27	23	23	26	26	22	21
619	5	18	18	16	16	13	13	14	14	10	12
622	5	20	19	16	16	14	13	14	15	11	10
638	5	18	18	18	18	14	12	16	14	10	12
650	5	20	18	18	16	13	12	14	16	10	11
655	5	18	18	17	18	13	14	14	16	12	11
657	5	18	18	16	18	14	13	15	14	11	10
664	5	28	28	26	27	24	22	26	24	20	20
665	5	19	19	18	16	13	13	15	14	10	10
667	5	40	38	36	36	32	34	35	34	32	31
674	5	18	18	16	16	13	12	15	16	10	10
686	5	20	19	16	18	12	12	14	16	12	12
691	5	18	18	18	18	12	13	16	16	12	12
694	5	20	19	17	16	13	13	15	14	12	10
704	5	20	19	16	16	12	13	15	16	12	11
707	5	18	20	17	17	13	13	16	16	11	10
710	5	18	20	16	16	13	14	16	15	12	10
727	5	20	19	16	18	12	12	14	16	10	11
770	5	20	19	16	16	13	13	15	14	12	11
788	5	18	20	18	18	13	12	16	15	12	12
790	5	28	29	27	27	22	23	26	24	22	22
793	5	20	19	17	17	14	13	16	14	12	11
803	5	20	20	16	18	14	12	14	15	10	12
816	5	20	19	16	17	12	12	16	16	11	10
818	5	20	20	18	18	14	13	16	15	11	10
819	5	18	16	16	16	10	10	12	14	8	9
820	5	20	18	18	16	12	12	15	15	12	11
825	5	18	20	18	17	14	14	15	15	11	10
826	5	19	19	18	18	13	13	15	16	12	12
838	5	18	19	17	16	14	12	16	16	11	10
851	5	20	20	17	17	13	13	14	14	11	12
867	5	18	19	18	18	14	13	15	14	11	10
870	5	20	20	18	18	13	14	16	14	10	12
876	5	17	17	15	14	10	11	13	14	10	10
881	5	18	20	17	18	14	14	14	15	10	10
897	5	19	19	18	17	13	13	16	14	12	12
906	5	19	20	18	18	12	12	14	16	11	10
920	5	30	30	27	28	22	23	26	24	22	20
928	5	20	18	16	18	13	14	15	15	10	11
955	5	39	38	37	36	34	33	34	35	32	31
958	5	18	20	18	18	12	12	14	16	11	10
961	5	19	19	17	17	12	13	16	14	12	11
979	5	19	19	18	18	14	13	15	14	12	12
1013	5	18	19	17	18	12	12	16	15	10	11
1015	5	19	19	16	16	13	12	16	15	10	10
1024	5	18	20	18	17	14	12	16	14	10	10
1036	5	18	19	17	18	12	14	15	16	11	10
1050	5	20	20	18	16	13	12	14	16	12	10
1084	5	19	19	18	16	13	14	16	16	11	11
1092	5	20	19	16	17	13	14	15	16	12	12
1112	5	29	28	26	26	23	24	26	25	20	21
1114	5	18	19	16	17	13	13	16	16	11	10
1115	5	20	19	16	16	14	14	15	15	11	12
1120	5	18	18	17	17	12	13	15	15	10	11
1123	5	19	20	17	18	13	14	14	15	12	11
1143	5	20	19	16	16	14	12	14	14	10	11
1155	5	19	20	17	16	13	12	16	16	11	11
1162	5	16	18	14	14	10	12	13	12	9	8
1209	5	19	19	18	17	13	13	15	14	12	11
1214	5	18	19	16	18	14	12	16	16	11	11
1228	5	20	18	17	18	14	13	15	15	10	11
1231	5	18	19	16	16	12	12	16	14	11	11
1249	5	58	59	56	56	53	53	54	54	51	50
1261	5	19	18	18	16	12	14	14	14	11	11
1263	5	20	18	18	16	12	14	15	15	12	12
1264	5	19	20	16	18	14	14	16	14	12	11
1275	5	18	19	18	18	14	13	15	16	10	10
1311	5	20	18	17	16	12	13	15	14	12	12
1317	5	20	19	18	17	12	13	15	16	10	10
1323	5	19	19	17	18	12	14	14	15	11	11
1325	5	18	19	18	18	14	14	15	14	11	11
1336	5	19	18	17	17	13	13	14	16	11	12
1338	5	20	19	17	16	12	12	14	16	11	11
1341	5	19	20	17	16	13	13	16	14	12	10
1350	5	18	18	18	16	12	14	16	16	11	12
1352	5	20	20	18	16	12	12	15	15	11	12
1358	5	20	19	18	18	12	14	16	15	11	11
1364	5	18	19	18	18	13	14	16	14	10	10
1368	5	20	20	16	17	12	14	15	16	11	12
1384	5	20	19	17	16	13	14	14	15	11	10
1408	5	18	19	16	17	14	14	14	15	10	11
1424	5	20	18	16	17	13	12	14	15	11	11
1440	5	19	19	16	18	12	14	15	16	10	11
1449	5	20	20	18	16	12	12	14	14	12	11
1459	5	20	18	16	17	12	12	16	16	12	11
1469	5	18	19	17	16	14	13	14	14	10	12
1470	5	19	20	16	18	13	14	14	14	11	12
1473	5	18	19	18	16	12	14	14	14	11	12
1478	5	20	19	17	18	13	13	15	16	10	10
1481	5	19	20	17	18	14	14	14	16	11	10
1486	5	18	20	16	18	13	13	15	15	12	10
1491	5	18	18	16	18	12	13	16	16	12	12
1492	5	19	19	18	17	12	14	15	15	11	12
1496	5	20	18	18	16	13	14	16	14	12	11
1498	5	19	20	16	16	14	13	15	16	11	11
1507	5	18	18	16	18	14	13	15	16	11	11
1509	5	20	18	18	18	13	13	14	15	10	11
1517	5	20	19	16	16	14	13	14	14	10	12
1523	5	18	20	17	17	13	14	14	16	11	11
1532	5	19	18	18	16	14	12	14	16	11	12
1535	5	18	19	16	17	14	14	14	14	12	10
1542	5	20	19	16	17	12	14	16	16	12	10
1545	5	20	18	18	16	13	14	16	15	12	12
1549	5	18	20	18	18	14	12	15	14	12	11
1551	5	28	30	27	26	22	22	24	24	21	20
1563	5	20	19	18	17	13	12	16	16	11	12
1587	5	20	18	17	17	13	12	14	16	10	10
1591	5	20	18	17	16	12	12	16	16	10	12
1596	5	20	19	17	16	13	14	15	14	11	10
1610	5	19	18	18	18	12	14	16	14	11	12
1616	5	20	20	16	16	13	13	15	16	11	11
1617	5	20	20	18	18	12	14	15	16	11	10
1626	5	19	20	18	18	14	12	16	14	10	12
1628	5	18	18	17	18	12	13	15	16	12	11
1640	5	18	19	16	16	12	12	15	15	12	12
1641	5	20	20	17	18	12	12	16	14	10	12
1651	5	19	20	18	16	14	13	16	16	10	12
1657	5	19	19	17	18	12	14	14	15	10	11
1686	5	30	29	28	26	24	24	24	24	21	22
1688	5	29	30	28	28	23	23	25	24	22	22
1696	5	19	19	16	18	13	14	15	15	11	11
1697	5	18	18	17	16	12	12	15	16	11	11
1712	5	20	18	18	17	13	13	16	16	12	12
1721	5	29	28	27	27	22	23	25	24	22	20
1736	5	20	18	18	17	12	14	16	16	11	10
1746	5	19	19	18	16	13	14	15	16	12	12
1779	5	20	20	17	17	13	13	14	14	11	12
1795	5	20	20	18	16	12	13	16	15	10	10
1805	5	19	18	18	17	12	14	15	15	12	10
1811	5	18	18	16	18	13	14	15	14	11	12
1817	5	19	19	16	17	13	14	16	15	12	10
1826	5	18	19	16	18	13	12	15	15	11	10
1837	5	18	19	16	16	12	13	15	16	10	12
18	6	18.5	18.5	17.5	17.5	14.5	12.5	14.5	16.5	12.5	11.5
19	6	19.5	20.5	17.5	16.5	14.5	14.5	15.5	14.5	12.5	10.5
55	6	18.5	18.5	16.5	17.5	13.5	12.5	14.5	16.5	10.5	10.5
67	6	19.5	19.5	18.5	18.5	13.5	12.5	16.5	15.5	10.5	11.5
79	6	18.5	16.5	14.5	14.5	10.5	12.5	13.5	14.5	8.5	9.5
82	6	18.5	19.5	16.5	16.5	12.5	12.5	15.5	15.5	11.5	10.5
102	6	18.5	20.5	18.5	18.5	13.5	14.5	15.5	14.5	11.5	10.5
104	6	19.5	19.5	17.5	18.5	12.5	13.5	16.5	16.5	10.5	11.5
106	6	16.5	16.5	15.5	16.5	11.5	11.5	12.5	14.5	8.5	8.5
111	6	17.5	18.5	14.5	16.5	10.5	12.5	14.5	14.5	8.5	10.5
119	6	20.5	20.5	17.5	16.5	12.5	12.5	15.5	15.5	12.5	12.5
142	6	18.5	19.5	16.5	18.5	13.5	14.5	14.5	16.5	10.5	10.5
157	6	20.5	19.5	18.5	18.5	13.5	12.5	14.5	15.5	12.5	11.5
158	6	18.5	17.5	16.5	14.5	10.5	10.5	14.5	13.5	10.5	10.5
177	6	16.5	16.5	14.5	15.5	12.5	10.5	13.5	12.5	10.5	9.5
186	6	19.5	18.5	17.5	18.5	14.5	14.5	14.5	14.5	11.5	11.5
207	6	18.5	20.5	17.5	16.5	13.5	14.5	16.5	16.5	11.5	11.5
219	6	16.5	18.5	15.5	14.5	11.5	10.5	14.5	14.5	8.5	10.5
227	6	20.5	20.5	17.5	17.5	12.5	12.5	15.5	16.5	11.5	12.5
235	6	20.5	20.5	17.5	17.5	12.5	12.5	15.5	16.5	11.5	12.5
238	6	18.5	20.5	17.5	16.5	13.5	14.5	16.5	14.5	10.5	10.5
239	6	20.5	18.5	17.5	18.5	14.5	12.5	14.5	16.5	10.5	11.5
242	6	19.5	18.5	17.5	16.5	12.5	14.5	16.5	15.5	12.5	10.5
255	6	17.5	18.5	14.5	15.5	11.5	10.5	13.5	13.5	10.5	8.5
274	6	28.5	27.5	26.5	24.5	20.5	20.5	24.5	22.5	20.5	18.5
280	6	40.5	38.5	37.5	36.5	32.5	32.5	36.5	34.5	32.5	30.5
315	6	80.5	80.5	78.5	78.5	72.5	74.5	76.5	74.5	71.5	70.5
342	6	20.5	20.5	18.5	18.5	13.5	13.5	15.5	15.5	10.5	10.5
349	6	20.5	18.5	16.5	18.5	13.5	12.5	15.5	14.5	12.5	12.5
356	6	18.5	19.5	17.5	18.5	12.5	14.5	14.5	15.5	11.5	11.5
357	6	20.5	19.5	16.5	17.5	12.5	14.5	15.5	15.5	11.5	11.5
364	6	20.5	20.5	18.5	17.5	13.5	13.5	16.5	14.5	10.5	10.5
365	6	19.5	19.5	16.5	18.5	13.5	13.5	14.5	14.5	12.5	10.5
373	6	19.5	20.5	16.5	18.5	12.5	14.5	16.5	16.5	12.5	10.5
378	6	29.5	29.5	26.5	27.5	24.5	24.5	24.5	25.5	22.5	21.5
379	6	18.5	20.5	18.5	16.5	12.5	13.5	16.5	14.5	10.5	12.5
391	6	19.5	20.5	16.5	18.5	12.5	12.5	15.5	14.5	10.5	11.5
399	6	29.5	30.5	27.5	28.5	22.5	24.5	25.5	24.5	20.5	21.5
402	6	19.5	20.5	18.5	16.5	14.5	13.5	16.5	16.5	12.5	11.5
433	6	19.5	18.5	17.5	16.5	13.5	14.5	16.5	15.5	12.5	11.5
458	6	38.5	39.5	38.5	38.5	33.5	32.5	35.5	35.5	31.5	32.5
467	6	18.5	20.5	17.5	16.5	12.5	12.5	15.5	14.5	11.5	10.5
489	6	18.5	18.5	16.5	16.5	14.5	14.5	16.5	14.5	11.5	12.5
504	6	18.5	18.5	18.5	17.5	12.5	14.5	14.5	14.5	10.5	12.5
507	6	18.5	20.5	17.5	17.5	12.5	14.5	14.5	14.5	11.5	12.5
546	6	19.5	20.5	18.5	18.5	13.5	13.5	14.5	16.5	11.5	11.5
549	6	19.5	20.5	18.5	17.5	12.5	13.5	16.5	15.5	10.5	12.5
559	6	18.5	18.5	17.5	17.5	12.5	13.5	16.5	16.5	10.5	11.5
578	6	19.5	20.5	17.5	18.5	12.5	13.5	14.5	14.5	11.5	12.5
590	6	20.5	19.5	18.5	16.5	12.5	13.5	16.5	14.5	12.5	11.5
597	6	40.5	39.5	38.5	38.5	34.5	34.5	36.5	34.5	30.5	30.5
601	6	20.5	18.5	16.5	18.5	12.5	13.5	15.5	15.5	11.5	12.5
604	6	30.5	28.5	27.5	27.5	23.5	23.5	26.5	26.5	22.5	21.5
619	6	18.5	18.5	16.5	16.5	13.5	13.5	14.5	14.5	10.5	12.5
622	6	20.5	19.5	16.5	16.5	14.5	13.5	14.5	15.5	11.5	10.5
638	6	18.5	18.5	18.5	18.5	14.5	12.5	16.5	14.5	10.5	12.5
650	6	20.5	18.5	18.5	16.5	13.5	12.5	14.5	16.5	10.5	11.5
655	6	18.5	18.5	17.5	18.5	13.5	14.5	14.5	16.5	12.5	11.5
657	6	18.5	18.5	16.5	18.5	14.5	13.5	15.5	14.5	11.5	10.5
664	6	28.5	28.5	26.5	27.5	24.5	22.5	26.5	24.5	20.5	20.5
665	6	19.5	19.5	18.5	16.5	13.5	13.5	15.5	14.5	10.5	10.5
667	6	40.5	38.5	36.5	36.5	32.5	34.5	35.5	34.5	32.5	31.5
674	6	18.5	18.5	16.5	16.5	13.5	12.5	15.5	16.5	10.5	10.5
686	6	20.5	19.5	16.5	18.5	12.5	12.5	14.5	16.5	12.5	12.5
691	6	18.5	18.5	18.5	18.5	12.5	13.5	16.5	16.5	12.5	12.5
694	6	20.5	19.5	17.5	16.5	13.5	13.5	15.5	14.5	12.5	10.5
704	6	20.5	19.5	16.5	16.5	12.5	13.5	15.5	16.5	12.5	11.5
707	6	18.5	20.5	17.5	17.5	13.5	13.5	16.5	16.5	11.5	10.5
710	6	18.5	20.5	16.5	16.5	13.5	14.5	16.5	15.5	12.5	10.5
727	6	20.5	19.5	16.5	18.5	12.5	12.5	14.5	16.5	10.5	11.5
770	6	20.5	19.5	16.5	16.5	13.5	13.5	15.5	14.5	12.5	11.5
788	6	18.5	20.5	18.5	18.5	13.5	12.5	16.5	15.5	12.5	12.5
790	6	28.5	29.5	27.5	27.5	22.5	23.5	26.5	24.5	22.5	22.5
793	6	20.5	19.5	17.5	17.5	14.5	13.5	16.5	14.5	12.5	11.5
803	6	20.5	20.5	16.5	18.5	14.5	12.5	14.5	15.5	10.5	12.5
816	6	20.5	19.5	16.5	17.5	12.5	12.5	16.5	16.5	11.5	10.5
818	6	20.5	20.5	18.5	18.5	14.5	13.5	16.5	15.5	11.5	10.5
819	6	18.5	16.5	16.5	16.5	10.5	10.5	12.5	14.5	8.5	9.5
820	6	20.5	18.5	18.5	16.5	12.5	12.5	15.5	15.5	12.5	11.5
825	6	18.5	20.5	18.5	17.5	14.5	14.5	15.5	15.5	11.5	10.5
826	6	19.5	19.5	18.5	18.5	13.5	13.5	15.5	16.5	12.5	12.5
838	6	18.5	19.5	17.5	16.5	14.5	12.5	16.5	16.5	11.5	10.5
851	6	20.5	20.5	17.5	17.5	13.5	13.5	14.5	14.5	11.5	12.5
867	6	18.5	19.5	18.5	18.5	14.5	13.5	15.5	14.5	11.5	10.5
870	6	20.5	20.5	18.5	18.5	13.5	14.5	16.5	14.5	10.5	12.5
876	6	17.5	17.5	15.5	14.5	10.5	11.5	13.5	14.5	10.5	10.5
881	6	18.5	20.5	17.5	18.5	14.5	14.5	14.5	15.5	10.5	10.5
897	6	19.5	19.5	18.5	17.5	13.5	13.5	16.5	14.5	12.5	12.5
906	6	19.5	20.5	18.5	18.5	12.5	12.5	14.5	16.5	11.5	10.5
920	6	30.5	30.5	27.5	28.5	22.5	23.5	26.5	24.5	22.5	20.5
928	6	20.5	18.5	16.5	18.5	13.5	14.5	15.5	15.5	10.5	11.5
955	6	39.5	38.5	37.5	36.5	34.5	33.5	34.5	35.5	32.5	31.5
958	6	18.5	20.5	18.5	18.5	12.5	12.5	14.5	16.5	11.5	10.5
961	6	19.5	19.5	17.5	17.5	12.5	13.5	16.5	14.5	12.5	11.5
979	6	19.5	19.5	18.5	18.5	14.5	13.5	15.5	14.5	12.5	12.5
1013	6	18.5	19.5	17.5	18.5	12.5	12.5	16.5	15.5	10.5	11.5
1015	6	19.5	19.5	16.5	16.5	13.5	12.5	16.5	15.5	10.5	10.5
1024	6	18.5	20.5	18.5	17.5	14.5	12.5	16.5	14.5	10.5	10.5
1036	6	18.5	19.5	17.5	18.5	12.5	14.5	15.5	16.5	11.5	10.5
1050	6	20.5	20.5	18.5	16.5	13.5	12.5	14.5	16.5	12.5	10.5
1084	6	19.5	19.5	18.5	16.5	13.5	14.5	16.5	16.5	11.5	11.5
1092	6	20.5	19.5	16.5	17.5	13.5	14.5	15.5	16.5	12.5	12.5
1112	6	29.5	28.5	26.5	26.5	23.5	24.5	26.5	25.5	20.5	21.5
1114	6	18.5	19.5	16.5	17.5	13.5	13.5	16.5	16.5	11.5	10.5
1115	6	20.5	19.5	16.5	16.5	14.5	14.5	15.5	15.5	11.5	12.5
1120	6	18.5	18.5	17.5	17.5	12.5	13.5	15.5	15.5	10.5	11.5
1123	6	19.5	20.5	17.5	18.5	13.5	14.5	14.5	15.5	12.5	11.5
1143	6	20.5	19.5	16.5	16.5	14.5	12.5	14.5	14.5	10.5	11.5
1155	6	19.5	20.5	17.5	16.5	13.5	12.5	16.5	16.5	11.5	11.5
1162	6	16.5	18.5	14.5	14.5	10.5	12.5	13.5	12.5	9.5	8.5
1209	6	19.5	19.5	18.5	17.5	13.5	13.5	15.5	14.5	12.5	11.5
1214	6	18.5	19.5	16.5	18.5	14.5	12.5	16.5	16.5	11.5	11.5
1228	6	20.5	18.5	17.5	18.5	14.5	13.5	15.5	15.5	10.5	11.5
1231	6	18.5	19.5	16.5	16.5	12.5	12.5	16.5	14.5	11.5	11.5
1249	6	58.5	59.5	56.5	56.5	53.5	53.5	54.5	54.5	51.5	50.5
1261	6	19.5	18.5	18.5	16.5	12.5	14.5	14.5	14.5	11.5	11.5
1263	6	20.5	18.5	18.5	16.5	12.5	14.5	15.5	15.5	12.5	12.5
1264	6	19.5	20.5	16.5	18.5	14.5	14.5	16.5	14.5	12.5	11.5
1275	6	18.5	19.5	18.5	18.5	14.5	13.5	15.5	16.5	10.5	10.5
1311	6	20.5	18.5	17.5	16.5	12.5	13.5	15.5	14.5	12.5	12.5
1317	6	20.5	19.5	18.5	17.5	12.5	13.5	15.5	16.5	10.5	10.5
1323	6	19.5	19.5	17.5	18.5	12.5	14.5	14.5	15.5	11.5	11.5
1325	6	18.5	19.5	18.5	18.5	14.5	14.5	15.5	14.5	11.5	11.5
1336	6	19.5	18.5	17.5	17.5	13.5	13.5	14.5	16.5	11.5	12.5
1338	6	20.5	19.5	17.5	16.5	12.5	12.5	14.5	16.5	11.5	11.5
1341	6	19.5	20.5	17.5	16.5	13.5	13.5	16.5	14.5	12.5	10.5
1350	6	18.5	18.5	18.5	16.5	12.5	14.5	16.5	16.5	11.5	12.5
1352	6	20.5	20.5	18.5	16.5	12.5	12.5	15.5	15.5	11.5	12.5
1358	6	20.5	19.5	18.5	18.5	12.5	14.5	16.5	15.5	11.5	11.5
1364	6	18.5	19.5	18.5	18.5	13.5	14.5	16.5	14.5	10.5	10.5
1368	6	20.5	20.5	16.5	17.5	12.5	14.5	15.5	16.5	11.5	12.5
1384	6	20.5	19.5	17.5	16.5	13.5	14.5	14.5	15.5	11.5	10.5
1408	6	18.5	19.5	16.5	17.5	14.5	14.5	14.5	15.5	10.5	11.5
1424	6	20.5	18.5	16.5	17.5	13.5	12.5	14.5	15.5	11.5	11.5
1440	6	19.5	19.5	16.5	18.5	12.5	14.5	15.5	16.5	10.5	11.5
1449	6	20.5	20.5	18.5	16.5	12.5	12.5	14.5	14.5	12.5	11.5
1459	6	20.5	18.5	16.5	17.5	12.5	12.5	16.5	16.5	12.5	11.5
1469	6	18.5	19.5	17.5	16.5	14.5	13.5	14.5	14.5	10.5	12.5
1470	6	19.5	20.5	16.5	18.5	13.5	14.5	14.5	14.5	11.5	12.5
1473	6	18.5	19.5	18.5	16.5	12.5	14.5	14.5	14.5	11.5	12.5
1478	6	20.5	19.5	17.5	18.5	13.5	13.5	15.5	16.5	10.5	10.5
1481	6	19.5	20.5	17.5	18.5	14.5	14.5	14.5	16.5	11.5	10.5
1486	6	18.5	20.5	16.5	18.5	13.5	13.5	15.5	15.5	12.5	10.5
1491	6	18.5	18.5	16.5	18.5	12.5	13.5	16.5	16.5	12.5	12.5
1492	6	19.5	19.5	18.5	17.5	12.5	14.5	15.5	15.5	11.5	12.5
1496	6	20.5	18.5	18.5	16.5	13.5	14.5	16.5	14.5	12.5	11.5
1498	6	19.5	20.5	16.5	16.5	14.5	13.5	15.5	16.5	11.5	11.5
1507	6	18.5	18.5	16.5	18.5	14.5	13.5	15.5	16.5	11.5	11.5
1509	6	20.5	18.5	18.5	18.5	13.5	13.5	14.5	15.5	10.5	11.5
1517	6	20.5	19.5	16.5	16.5	14.5	13.5	14.5	14.5	10.5	12.5
1523	6	18.5	20.5	17.5	17.5	13.5	14.5	14.5	16.5	11.5	11.5
1532	6	19.5	18.5	18.5	16.5	14.5	12.5	14.5	16.5	11.5	12.5
1535	6	18.5	19.5	16.5	17.5	14.5	14.5	14.5	14.5	12.5	10.5
1542	6	20.5	19.5	16.5	17.5	12.5	14.5	16.5	16.5	12.5	10.5
1545	6	20.5	18.5	18.5	16.5	13.5	14.5	16.5	15.5	12.5	12.5
1549	6	18.5	20.5	18.5	18.5	14.5	12.5	15.5	14.5	12.5	11.5
1551	6	28.5	30.5	27.5	26.5	22.5	22.5	24.5	24.5	21.5	20.5
1563	6	20.5	19.5	18.5	17.5	13.5	12.5	16.5	16.5	11.5	12.5
1587	6	20.5	18.5	17.5	17.5	13.5	12.5	14.5	16.5	10.5	10.5
1591	6	20.5	18.5	17.5	16.5	12.5	12.5	16.5	16.5	10.5	12.5
1596	6	20.5	19.5	17.5	16.5	13.5	14.5	15.5	14.5	11.5	10.5
1610	6	19.5	18.5	18.5	18.5	12.5	14.5	16.5	14.5	11.5	12.5
1616	6	20.5	20.5	16.5	16.5	13.5	13.5	15.5	16.5	11.5	11.5
1617	6	20.5	20.5	18.5	18.5	12.5	14.5	15.5	16.5	11.5	10.5
1626	6	19.5	20.5	18.5	18.5	14.5	12.5	16.5	14.5	10.5	12.5
1628	6	18.5	18.5	17.5	18.5	12.5	13.5	15.5	16.5	12.5	11.5
1640	6	18.5	19.5	16.5	16.5	12.5	12.5	15.5	15.5	12.5	12.5
1641	6	20.5	20.5	17.5	18.5	12.5	12.5	16.5	14.5	10.5	12.5
1651	6	19.5	20.5	18.5	16.5	14.5	13.5	16.5	16.5	10.5	12.5
1657	6	19.5	19.5	17.5	18.5	12.5	14.5	14.5	15.5	10.5	11.5
1686	6	30.5	29.5	28.5	26.5	24.5	24.5	24.5	24.5	21.5	22.5
1688	6	29.5	30.5	28.5	28.5	23.5	23.5	25.5	24.5	22.5	22.5
1696	6	19.5	19.5	16.5	18.5	13.5	14.5	15.5	15.5	11.5	11.5
1697	6	18.5	18.5	17.5	16.5	12.5	12.5	15.5	16.5	11.5	11.5
1712	6	20.5	18.5	18.5	17.5	13.5	13.5	16.5	16.5	12.5	12.5
1721	6	29.5	28.5	27.5	27.5	22.5	23.5	25.5	24.5	22.5	20.5
1736	6	20.5	18.5	18.5	17.5	12.5	14.5	16.5	16.5	11.5	10.5
1746	6	19.5	19.5	18.5	16.5	13.5	14.5	15.5	16.5	12.5	12.5
1779	6	20.5	20.5	17.5	17.5	13.5	13.5	14.5	14.5	11.5	12.5
1795	6	20.5	20.5	18.5	16.5	12.5	13.5	16.5	15.5	10.5	10.5
1805	6	19.5	18.5	18.5	17.5	12.5	14.5	15.5	15.5	12.5	10.5
1811	6	18.5	18.5	16.5	18.5	13.5	14.5	15.5	14.5	11.5	12.5
1817	6	19.5	19.5	16.5	17.5	13.5	14.5	16.5	15.5	12.5	10.5
1826	6	18.5	19.5	16.5	18.5	13.5	12.5	15.5	15.5	11.5	10.5
1837	6	18.5	19.5	16.5	16.5	12.5	13.5	15.5	16.5	10.5	12.5
18	7	19	19	18	18	15	13	15	17	13	12
19	7	20	21	18	17	15	15	16	15	13	11
55	7	19	19	17	18	14	13	15	17	11	11
67	7	20	20	19	19	14	13	17	16	11	12
79	7	19	17	15	15	11	13	14	15	9	10
82	7	19	20	17	17	13	13	16	16	12	11
102	7	19	21	19	19	14	15	16	15	12	11
104	7	20	20	18	19	13	14	17	17	11	12
106	7	17	17	16	17	12	12	13	15	9	9
111	7	18	19	15	17	11	13	15	15	9	11
119	7	21	21	18	17	13	13	16	16	13	13
142	7	19	20	17	19	14	15	15	17	11	11
157	7	21	20	19	19	14	13	15	16	13	12
158	7	19	18	17	15	11	11	15	14	11	11
177	7	17	17	15	16	13	11	14	13	11	10
186	7	20	19	18	19	15	15	15	15	12	12
207	7	19	21	18	17	14	15	17	17	12	12
219	7	17	19	16	15	12	11	15	15	9	11
227	7	21	21	18	18	13	13	16	17	12	13
235	7	21	21	18	18	13	13	16	17	12	13
238	7	19	21	18	17	14	15	17	15	11	11
239	7	21	19	18	19	15	13	15	17	11	12
242	7	20	19	18	17	13	15	17	16	13	11
255	7	18	19	15	16	12	11	14	14	11	9
274	7	29	28	27	25	21	21	25	23	21	19
280	7	41	39	38	37	33	33	37	35	33	31
315	7	81	81	79	79	73	75	77	75	72	71
342	7	21	21	19	19	14	14	16	16	11	11
349	7	21	19	17	19	14	13	16	15	13	13
356	7	19	20	18	19	13	15	15	16	12	12
357	7	21	20	17	18	13	15	16	16	12	12
364	7	21	21	19	18	14	14	17	15	11	11
365	7	20	20	17	19	14	14	15	15	13	11
373	7	20	21	17	19	13	15	17	17	13	11
378	7	30	30	27	28	25	25	25	26	23	22
379	7	19	21	19	17	13	14	17	15	11	13
391	7	20	21	17	19	13	13	16	15	11	12
399	7	30	31	28	29	23	25	26	25	21	22
402	7	20	21	19	17	15	14	17	17	13	12
433	7	20	19	18	17	14	15	17	16	13	12
458	7	39	40	39	39	34	33	36	36	32	33
467	7	19	21	18	17	13	13	16	15	12	11
489	7	19	19	17	17	15	15	17	15	12	13
504	7	19	19	19	18	13	15	15	15	11	13
507	7	19	21	18	18	13	15	15	15	12	13
546	7	20	21	19	19	14	14	15	17	12	12
549	7	20	21	19	18	13	14	17	16	11	13
559	7	19	19	18	18	13	14	17	17	11	12
578	7	20	21	18	19	13	14	15	15	12	13
590	7	21	20	19	17	13	14	17	15	13	12
597	7	41	40	39	39	35	35	37	35	31	31
601	7	21	19	17	19	13	14	16	16	12	13
604	7	31	29	28	28	24	24	27	27	23	22
619	7	19	19	17	17	14	14	15	15	11	13
622	7	21	20	17	17	15	14	15	16	12	11
638	7	19	19	19	19	15	13	17	15	11	13
650	7	21	19	19	17	14	13	15	17	11	12
655	7	19	19	18	19	14	15	15	17	13	12
657	7	19	19	17	19	15	14	16	15	12	11
664	7	29	29	27	28	25	23	27	25	21	21
665	7	20	20	19	17	14	14	16	15	11	11
667	7	41	39	37	37	33	35	36	35	33	32
674	7	19	19	17	17	14	13	16	17	11	11
686	7	21	20	17	19	13	13	15	17	13	13
691	7	19	19	19	19	13	14	17	17	13	13
694	7	21	20	18	17	14	14	16	15	13	11
704	7	21	20	17	17	13	14	16	17	13	12
707	7	19	21	18	18	14	14	17	17	12	11
710	7	19	21	17	17	14	15	17	16	13	11
727	7	21	20	17	19	13	13	15	17	11	12
770	7	21	20	17	17	14	14	16	15	13	12
788	7	19	21	19	19	14	13	17	16	13	13
790	7	29	30	28	28	23	24	27	25	23	23
793	7	21	20	18	18	15	14	17	15	13	12
803	7	21	21	17	19	15	13	15	16	11	13
816	7	21	20	17	18	13	13	17	17	12	11
818	7	21	21	19	19	15	14	17	16	12	11
819	7	19	17	17	17	11	11	13	15	9	10
820	7	21	19	19	17	13	13	16	16	13	12
825	7	19	21	19	18	15	15	16	16	12	11
826	7	20	20	19	19	14	14	16	17	13	13
838	7	19	20	18	17	15	13	17	17	12	11
851	7	21	21	18	18	14	14	15	15	12	13
867	7	19	20	19	19	15	14	16	15	12	11
870	7	21	21	19	19	14	15	17	15	11	13
876	7	18	18	16	15	11	12	14	15	11	11
881	7	19	21	18	19	15	15	15	16	11	11
897	7	20	20	19	18	14	14	17	15	13	13
906	7	20	21	19	19	13	13	15	17	12	11
920	7	31	31	28	29	23	24	27	25	23	21
928	7	21	19	17	19	14	15	16	16	11	12
955	7	40	39	38	37	35	34	35	36	33	32
958	7	19	21	19	19	13	13	15	17	12	11
961	7	20	20	18	18	13	14	17	15	13	12
979	7	20	20	19	19	15	14	16	15	13	13
1013	7	19	20	18	19	13	13	17	16	11	12
1015	7	20	20	17	17	14	13	17	16	11	11
1024	7	19	21	19	18	15	13	17	15	11	11
1036	7	19	20	18	19	13	15	16	17	12	11
1050	7	21	21	19	17	14	13	15	17	13	11
1084	7	20	20	19	17	14	15	17	17	12	12
1092	7	21	20	17	18	14	15	16	17	13	13
1112	7	30	29	27	27	24	25	27	26	21	22
1114	7	19	20	17	18	14	14	17	17	12	11
1115	7	21	20	17	17	15	15	16	16	12	13
1120	7	19	19	18	18	13	14	16	16	11	12
1123	7	20	21	18	19	14	15	15	16	13	12
1143	7	21	20	17	17	15	13	15	15	11	12
1155	7	20	21	18	17	14	13	17	17	12	12
1162	7	17	19	15	15	11	13	14	13	10	9
1209	7	20	20	19	18	14	14	16	15	13	12
1214	7	19	20	17	19	15	13	17	17	12	12
1228	7	21	19	18	19	15	14	16	16	11	12
1231	7	19	20	17	17	13	13	17	15	12	12
1249	7	59	60	57	57	54	54	55	55	52	51
1261	7	20	19	19	17	13	15	15	15	12	12
1263	7	21	19	19	17	13	15	16	16	13	13
1264	7	20	21	17	19	15	15	17	15	13	12
1275	7	19	20	19	19	15	14	16	17	11	11
1311	7	21	19	18	17	13	14	16	15	13	13
1317	7	21	20	19	18	13	14	16	17	11	11
1323	7	20	20	18	19	13	15	15	16	12	12
1325	7	19	20	19	19	15	15	16	15	12	12
1336	7	20	19	18	18	14	14	15	17	12	13
1338	7	21	20	18	17	13	13	15	17	12	12
1341	7	20	21	18	17	14	14	17	15	13	11
1350	7	19	19	19	17	13	15	17	17	12	13
1352	7	21	21	19	17	13	13	16	16	12	13
1358	7	21	20	19	19	13	15	17	16	12	12
1364	7	19	20	19	19	14	15	17	15	11	11
1368	7	21	21	17	18	13	15	16	17	12	13
1384	7	21	20	18	17	14	15	15	16	12	11
1408	7	19	20	17	18	15	15	15	16	11	12
1424	7	21	19	17	18	14	13	15	16	12	12
1440	7	20	20	17	19	13	15	16	17	11	12
1449	7	21	21	19	17	13	13	15	15	13	12
1459	7	21	19	17	18	13	13	17	17	13	12
1469	7	19	20	18	17	15	14	15	15	11	13
1470	7	20	21	17	19	14	15	15	15	12	13
1473	7	19	20	19	17	13	15	15	15	12	13
1478	7	21	20	18	19	14	14	16	17	11	11
1481	7	20	21	18	19	15	15	15	17	12	11
1486	7	19	21	17	19	14	14	16	16	13	11
1491	7	19	19	17	19	13	14	17	17	13	13
1492	7	20	20	19	18	13	15	16	16	12	13
1496	7	21	19	19	17	14	15	17	15	13	12
1498	7	20	21	17	17	15	14	16	17	12	12
1507	7	19	19	17	19	15	14	16	17	12	12
1509	7	21	19	19	19	14	14	15	16	11	12
1517	7	21	20	17	17	15	14	15	15	11	13
1523	7	19	21	18	18	14	15	15	17	12	12
1532	7	20	19	19	17	15	13	15	17	12	13
1535	7	19	20	17	18	15	15	15	15	13	11
1542	7	21	20	17	18	13	15	17	17	13	11
1545	7	21	19	19	17	14	15	17	16	13	13
1549	7	19	21	19	19	15	13	16	15	13	12
1551	7	29	31	28	27	23	23	25	25	22	21
1563	7	21	20	19	18	14	13	17	17	12	13
1587	7	21	19	18	18	14	13	15	17	11	11
1591	7	21	19	18	17	13	13	17	17	11	13
1596	7	21	20	18	17	14	15	16	15	12	11
1610	7	20	19	19	19	13	15	17	15	12	13
1616	7	21	21	17	17	14	14	16	17	12	12
1617	7	21	21	19	19	13	15	16	17	12	11
1626	7	20	21	19	19	15	13	17	15	11	13
1628	7	19	19	18	19	13	14	16	17	13	12
1640	7	19	20	17	17	13	13	16	16	13	13
1641	7	21	21	18	19	13	13	17	15	11	13
1651	7	20	21	19	17	15	14	17	17	11	13
1657	7	20	20	18	19	13	15	15	16	11	12
1686	7	31	30	29	27	25	25	25	25	22	23
1688	7	30	31	29	29	24	24	26	25	23	23
1696	7	20	20	17	19	14	15	16	16	12	12
1697	7	19	19	18	17	13	13	16	17	12	12
1712	7	21	19	19	18	14	14	17	17	13	13
1721	7	30	29	28	28	23	24	26	25	23	21
1736	7	21	19	19	18	13	15	17	17	12	11
1746	7	20	20	19	17	14	15	16	17	13	13
1779	7	21	21	18	18	14	14	15	15	12	13
1795	7	21	21	19	17	13	14	17	16	11	11
1805	7	20	19	19	18	13	15	16	16	13	11
1811	7	19	19	17	19	14	15	16	15	12	13
1817	7	20	20	17	18	14	15	17	16	13	11
1826	7	19	20	17	19	14	13	16	16	12	11
1837	7	19	20	17	17	13	14	16	17	11	13
18	8	19.5	19.5	18.5	18.5	15.5	13.5	15.5	17.5	13.5	12.5
19	8	20.5	21.5	18.5	17.5	15.5	15.5	16.5	15.5	13.5	11.5
55	8	19.5	19.5	17.5	18.5	14.5	13.5	15.5	17.5	11.5	11.5
67	8	20.5	20.5	19.5	19.5	14.5	13.5	17.5	16.5	11.5	12.5
79	8	19.5	17.5	15.5	15.5	11.5	13.5	14.5	15.5	9.5	10.5
82	8	19.5	20.5	17.5	17.5	13.5	13.5	16.5	16.5	12.5	11.5
102	8	19.5	21.5	19.5	19.5	14.5	15.5	16.5	15.5	12.5	11.5
104	8	20.5	20.5	18.5	19.5	13.5	14.5	17.5	17.5	11.5	12.5
106	8	17.5	17.5	16.5	17.5	12.5	12.5	13.5	15.5	9.5	9.5
111	8	18.5	19.5	15.5	17.5	11.5	13.5	15.5	15.5	9.5	11.5
119	8	21.5	21.5	18.5	17.5	13.5	13.5	16.5	16.5	13.5	13.5
142	8	19.5	20.5	17.5	19.5	14.5	15.5	15.5	17.5	11.5	11.5
157	8	21.5	20.5	19.5	19.5	14.5	13.5	15.5	16.5	13.5	12.5
158	8	19.5	18.5	17.5	15.5	11.5	11.5	15.5	14.5	11.5	11.5
177	8	17.5	17.5	15.5	16.5	13.5	11.5	14.5	13.5	11.5	10.5
186	8	20.5	19.5	18.5	19.5	15.5	15.5	15.5	15.5	12.5	12.5
207	8	19.5	21.5	18.5	17.5	14.5	15.5	17.5	17.5	12.5	12.5
219	8	17.5	19.5	16.5	15.5	12.5	11.5	15.5	15.5	9.5	11.5
227	8	21.5	21.5	18.5	18.5	13.5	13.5	16.5	17.5	12.5	13.5
235	8	21.5	21.5	18.5	18.5	13.5	13.5	16.5	17.5	12.5	13.5
238	8	19.5	21.5	18.5	17.5	14.5	15.5	17.5	15.5	11.5	11.5
239	8	21.5	19.5	18.5	19.5	15.5	13.5	15.5	17.5	11.5	12.5
242	8	20.5	19.5	18.5	17.5	13.5	15.5	17.5	16.5	13.5	11.5
255	8	18.5	19.5	15.5	16.5	12.5	11.5	14.5	14.5	11.5	9.5
274	8	29.5	28.5	27.5	25.5	21.5	21.5	25.5	23.5	21.5	19.5
280	8	41.5	39.5	38.5	37.5	33.5	33.5	37.5	35.5	33.5	31.5
315	8	81.5	81.5	79.5	79.5	73.5	75.5	77.5	75.5	72.5	71.5
342	8	21.5	21.5	19.5	19.5	14.5	14.5	16.5	16.5	11.5	11.5
349	8	21.5	19.5	17.5	19.5	14.5	13.5	16.5	15.5	13.5	13.5
356	8	19.5	20.5	18.5	19.5	13.5	15.5	15.5	16.5	12.5	12.5
357	8	21.5	20.5	17.5	18.5	13.5	15.5	16.5	16.5	12.5	12.5
364	8	21.5	21.5	19.5	18.5	14.5	14.5	17.5	15.5	11.5	11.5
365	8	20.5	20.5	17.5	19.5	14.5	14.5	15.5	15.5	13.5	11.5
373	8	20.5	21.5	17.5	19.5	13.5	15.5	17.5	17.5	13.5	11.5
378	8	30.5	30.5	27.5	28.5	25.5	25.5	25.5	26.5	23.5	22.5
379	8	19.5	21.5	19.5	17.5	13.5	14.5	17.5	15.5	11.5	13.5
391	8	20.5	21.5	17.5	19.5	13.5	13.5	16.5	15.5	11.5	12.5
399	8	30.5	31.5	28.5	29.5	23.5	25.5	26.5	25.5	21.5	22.5
402	8	20.5	21.5	19.5	17.5	15.5	14.5	17.5	17.5	13.5	12.5
433	8	20.5	19.5	18.5	17.5	14.5	15.5	17.5	16.5	13.5	12.5
458	8	39.5	40.5	39.5	39.5	34.5	33.5	36.5	36.5	32.5	33.5
467	8	19.5	21.5	18.5	17.5	13.5	13.5	16.5	15.5	12.5	11.5
489	8	19.5	19.5	17.5	17.5	15.5	15.5	17.5	15.5	12.5	13.5
504	8	19.5	19.5	19.5	18.5	13.5	15.5	15.5	15.5	11.5	13.5
507	8	19.5	21.5	18.5	18.5	13.5	15.5	15.5	15.5	12.5	13.5
546	8	20.5	21.5	19.5	19.5	14.5	14.5	15.5	17.5	12.5	12.5
549	8	20.5	21.5	19.5	18.5	13.5	14.5	17.5	16.5	11.5	13.5
559	8	19.5	19.5	18.5	18.5	13.5	14.5	17.5	17.5	11.5	12.5
578	8	20.5	21.5	18.5	19.5	13.5	14.5	15.5	15.5	12.5	13.5
590	8	21.5	20.5	19.5	17.5	13.5	14.5	17.5	15.5	13.5	12.5
597	8	41.5	40.5	39.5	39.5	35.5	35.5	37.5	35.5	31.5	31.5
601	8	21.5	19.5	17.5	19.5	13.5	14.5	16.5	16.5	12.5	13.5
604	8	31.5	29.5	28.5	28.5	24.5	24.5	27.5	27.5	23.5	22.5
619	8	19.5	19.5	17.5	17.5	14.5	14.5	15.5	15.5	11.5	13.5
622	8	21.5	20.5	17.5	17.5	15.5	14.5	15.5	16.5	12.5	11.5
638	8	19.5	19.5	19.5	19.5	15.5	13.5	17.5	15.5	11.5	13.5
650	8	21.5	19.5	19.5	17.5	14.5	13.5	15.5	17.5	11.5	12.5
655	8	19.5	19.5	18.5	19.5	14.5	15.5	15.5	17.5	13.5	12.5
657	8	19.5	19.5	17.5	19.5	15.5	14.5	16.5	15.5	12.5	11.5
664	8	29.5	29.5	27.5	28.5	25.5	23.5	27.5	25.5	21.5	21.5
665	8	20.5	20.5	19.5	17.5	14.5	14.5	16.5	15.5	11.5	11.5
667	8	41.5	39.5	37.5	37.5	33.5	35.5	36.5	35.5	33.5	32.5
674	8	19.5	19.5	17.5	17.5	14.5	13.5	16.5	17.5	11.5	11.5
686	8	21.5	20.5	17.5	19.5	13.5	13.5	15.5	17.5	13.5	13.5
691	8	19.5	19.5	19.5	19.5	13.5	14.5	17.5	17.5	13.5	13.5
694	8	21.5	20.5	18.5	17.5	14.5	14.5	16.5	15.5	13.5	11.5
704	8	21.5	20.5	17.5	17.5	13.5	14.5	16.5	17.5	13.5	12.5
707	8	19.5	21.5	18.5	18.5	14.5	14.5	17.5	17.5	12.5	11.5
710	8	19.5	21.5	17.5	17.5	14.5	15.5	17.5	16.5	13.5	11.5
727	8	21.5	20.5	17.5	19.5	13.5	13.5	15.5	17.5	11.5	12.5
770	8	21.5	20.5	17.5	17.5	14.5	14.5	16.5	15.5	13.5	12.5
788	8	19.5	21.5	19.5	19.5	14.5	13.5	17.5	16.5	13.5	13.5
790	8	29.5	30.5	28.5	28.5	23.5	24.5	27.5	25.5	23.5	23.5
793	8	21.5	20.5	18.5	18.5	15.5	14.5	17.5	15.5	13.5	12.5
803	8	21.5	21.5	17.5	19.5	15.5	13.5	15.5	16.5	11.5	13.5
816	8	21.5	20.5	17.5	18.5	13.5	13.5	17.5	17.5	12.5	11.5
818	8	21.5	21.5	19.5	19.5	15.5	14.5	17.5	16.5	12.5	11.5
819	8	19.5	17.5	17.5	17.5	11.5	11.5	13.5	15.5	9.5	10.5
820	8	21.5	19.5	19.5	17.5	13.5	13.5	16.5	16.5	13.5	12.5
825	8	19.5	21.5	19.5	18.5	15.5	15.5	16.5	16.5	12.5	11.5
826	8	20.5	20.5	19.5	19.5	14.5	14.5	16.5	17.5	13.5	13.5
838	8	19.5	20.5	18.5	17.5	15.5	13.5	17.5	17.5	12.5	11.5
851	8	21.5	21.5	18.5	18.5	14.5	14.5	15.5	15.5	12.5	13.5
867	8	19.5	20.5	19.5	19.5	15.5	14.5	16.5	15.5	12.5	11.5
870	8	21.5	21.5	19.5	19.5	14.5	15.5	17.5	15.5	11.5	13.5
876	8	18.5	18.5	16.5	15.5	11.5	12.5	14.5	15.5	11.5	11.5
881	8	19.5	21.5	18.5	19.5	15.5	15.5	15.5	16.5	11.5	11.5
897	8	20.5	20.5	19.5	18.5	14.5	14.5	17.5	15.5	13.5	13.5
906	8	20.5	21.5	19.5	19.5	13.5	13.5	15.5	17.5	12.5	11.5
920	8	31.5	31.5	28.5	29.5	23.5	24.5	27.5	25.5	23.5	21.5
928	8	21.5	19.5	17.5	19.5	14.5	15.5	16.5	16.5	11.5	12.5
955	8	40.5	39.5	38.5	37.5	35.5	34.5	35.5	36.5	33.5	32.5
958	8	19.5	21.5	19.5	19.5	13.5	13.5	15.5	17.5	12.5	11.5
961	8	20.5	20.5	18.5	18.5	13.5	14.5	17.5	15.5	13.5	12.5
979	8	20.5	20.5	19.5	19.5	15.5	14.5	16.5	15.5	13.5	13.5
1013	8	19.5	20.5	18.5	19.5	13.5	13.5	17.5	16.5	11.5	12.5
1015	8	20.5	20.5	17.5	17.5	14.5	13.5	17.5	16.5	11.5	11.5
1024	8	19.5	21.5	19.5	18.5	15.5	13.5	17.5	15.5	11.5	11.5
1036	8	19.5	20.5	18.5	19.5	13.5	15.5	16.5	17.5	12.5	11.5
1050	8	21.5	21.5	19.5	17.5	14.5	13.5	15.5	17.5	13.5	11.5
1084	8	20.5	20.5	19.5	17.5	14.5	15.5	17.5	17.5	12.5	12.5
1092	8	21.5	20.5	17.5	18.5	14.5	15.5	16.5	17.5	13.5	13.5
1112	8	30.5	29.5	27.5	27.5	24.5	25.5	27.5	26.5	21.5	22.5
1114	8	19.5	20.5	17.5	18.5	14.5	14.5	17.5	17.5	12.5	11.5
1115	8	21.5	20.5	17.5	17.5	15.5	15.5	16.5	16.5	12.5	13.5
1120	8	19.5	19.5	18.5	18.5	13.5	14.5	16.5	16.5	11.5	12.5
1123	8	20.5	21.5	18.5	19.5	14.5	15.5	15.5	16.5	13.5	12.5
1143	8	21.5	20.5	17.5	17.5	15.5	13.5	15.5	15.5	11.5	12.5
1155	8	20.5	21.5	18.5	17.5	14.5	13.5	17.5	17.5	12.5	12.5
1162	8	17.5	19.5	15.5	15.5	11.5	13.5	14.5	13.5	10.5	9.5
1209	8	20.5	20.5	19.5	18.5	14.5	14.5	16.5	15.5	13.5	12.5
1214	8	19.5	20.5	17.5	19.5	15.5	13.5	17.5	17.5	12.5	12.5
1228	8	21.5	19.5	18.5	19.5	15.5	14.5	16.5	16.5	11.5	12.5
1231	8	19.5	20.5	17.5	17.5	13.5	13.5	17.5	15.5	12.5	12.5
1249	8	59.5	60.5	57.5	57.5	54.5	54.5	55.5	55.5	52.5	51.5
1261	8	20.5	19.5	19.5	17.5	13.5	15.5	15.5	15.5	12.5	12.5
1263	8	21.5	19.5	19.5	17.5	13.5	15.5	16.5	16.5	13.5	13.5
1264	8	20.5	21.5	17.5	19.5	15.5	15.5	17.5	15.5	13.5	12.5
1275	8	19.5	20.5	19.5	19.5	15.5	14.5	16.5	17.5	11.5	11.5
1311	8	21.5	19.5	18.5	17.5	13.5	14.5	16.5	15.5	13.5	13.5
1317	8	21.5	20.5	19.5	18.5	13.5	14.5	16.5	17.5	11.5	11.5
1323	8	20.5	20.5	18.5	19.5	13.5	15.5	15.5	16.5	12.5	12.5
1325	8	19.5	20.5	19.5	19.5	15.5	15.5	16.5	15.5	12.5	12.5
1336	8	20.5	19.5	18.5	18.5	14.5	14.5	15.5	17.5	12.5	13.5
1338	8	21.5	20.5	18.5	17.5	13.5	13.5	15.5	17.5	12.5	12.5
1341	8	20.5	21.5	18.5	17.5	14.5	14.5	17.5	15.5	13.5	11.5
1350	8	19.5	19.5	19.5	17.5	13.5	15.5	17.5	17.5	12.5	13.5
1352	8	21.5	21.5	19.5	17.5	13.5	13.5	16.5	16.5	12.5	13.5
1358	8	21.5	20.5	19.5	19.5	13.5	15.5	17.5	16.5	12.5	12.5
1364	8	19.5	20.5	19.5	19.5	14.5	15.5	17.5	15.5	11.5	11.5
1368	8	21.5	21.5	17.5	18.5	13.5	15.5	16.5	17.5	12.5	13.5
1384	8	21.5	20.5	18.5	17.5	14.5	15.5	15.5	16.5	12.5	11.5
1408	8	19.5	20.5	17.5	18.5	15.5	15.5	15.5	16.5	11.5	12.5
1424	8	21.5	19.5	17.5	18.5	14.5	13.5	15.5	16.5	12.5	12.5
1440	8	20.5	20.5	17.5	19.5	13.5	15.5	16.5	17.5	11.5	12.5
1449	8	21.5	21.5	19.5	17.5	13.5	13.5	15.5	15.5	13.5	12.5
1459	8	21.5	19.5	17.5	18.5	13.5	13.5	17.5	17.5	13.5	12.5
1469	8	19.5	20.5	18.5	17.5	15.5	14.5	15.5	15.5	11.5	13.5
1470	8	20.5	21.5	17.5	19.5	14.5	15.5	15.5	15.5	12.5	13.5
1473	8	19.5	20.5	19.5	17.5	13.5	15.5	15.5	15.5	12.5	13.5
1478	8	21.5	20.5	18.5	19.5	14.5	14.5	16.5	17.5	11.5	11.5
1481	8	20.5	21.5	18.5	19.5	15.5	15.5	15.5	17.5	12.5	11.5
1486	8	19.5	21.5	17.5	19.5	14.5	14.5	16.5	16.5	13.5	11.5
1491	8	19.5	19.5	17.5	19.5	13.5	14.5	17.5	17.5	13.5	13.5
1492	8	20.5	20.5	19.5	18.5	13.5	15.5	16.5	16.5	12.5	13.5
1496	8	21.5	19.5	19.5	17.5	14.5	15.5	17.5	15.5	13.5	12.5
1498	8	20.5	21.5	17.5	17.5	15.5	14.5	16.5	17.5	12.5	12.5
1507	8	19.5	19.5	17.5	19.5	15.5	14.5	16.5	17.5	12.5	12.5
1509	8	21.5	19.5	19.5	19.5	14.5	14.5	15.5	16.5	11.5	12.5
1517	8	21.5	20.5	17.5	17.5	15.5	14.5	15.5	15.5	11.5	13.5
1523	8	19.5	21.5	18.5	18.5	14.5	15.5	15.5	17.5	12.5	12.5
1532	8	20.5	19.5	19.5	17.5	15.5	13.5	15.5	17.5	12.5	13.5
1535	8	19.5	20.5	17.5	18.5	15.5	15.5	15.5	15.5	13.5	11.5
1542	8	21.5	20.5	17.5	18.5	13.5	15.5	17.5	17.5	13.5	11.5
1545	8	21.5	19.5	19.5	17.5	14.5	15.5	17.5	16.5	13.5	13.5
1549	8	19.5	21.5	19.5	19.5	15.5	13.5	16.5	15.5	13.5	12.5
1551	8	29.5	31.5	28.5	27.5	23.5	23.5	25.5	25.5	22.5	21.5
1563	8	21.5	20.5	19.5	18.5	14.5	13.5	17.5	17.5	12.5	13.5
1587	8	21.5	19.5	18.5	18.5	14.5	13.5	15.5	17.5	11.5	11.5
1591	8	21.5	19.5	18.5	17.5	13.5	13.5	17.5	17.5	11.5	13.5
1596	8	21.5	20.5	18.5	17.5	14.5	15.5	16.5	15.5	12.5	11.5
1610	8	20.5	19.5	19.5	19.5	13.5	15.5	17.5	15.5	12.5	13.5
1616	8	21.5	21.5	17.5	17.5	14.5	14.5	16.5	17.5	12.5	12.5
1617	8	21.5	21.5	19.5	19.5	13.5	15.5	16.5	17.5	12.5	11.5
1626	8	20.5	21.5	19.5	19.5	15.5	13.5	17.5	15.5	11.5	13.5
1628	8	19.5	19.5	18.5	19.5	13.5	14.5	16.5	17.5	13.5	12.5
1640	8	19.5	20.5	17.5	17.5	13.5	13.5	16.5	16.5	13.5	13.5
1641	8	21.5	21.5	18.5	19.5	13.5	13.5	17.5	15.5	11.5	13.5
1651	8	20.5	21.5	19.5	17.5	15.5	14.5	17.5	17.5	11.5	13.5
1657	8	20.5	20.5	18.5	19.5	13.5	15.5	15.5	16.5	11.5	12.5
1686	8	31.5	30.5	29.5	27.5	25.5	25.5	25.5	25.5	22.5	23.5
1688	8	30.5	31.5	29.5	29.5	24.5	24.5	26.5	25.5	23.5	23.5
1696	8	20.5	20.5	17.5	19.5	14.5	15.5	16.5	16.5	12.5	12.5
1697	8	19.5	19.5	18.5	17.5	13.5	13.5	16.5	17.5	12.5	12.5
1712	8	21.5	19.5	19.5	18.5	14.5	14.5	17.5	17.5	13.5	13.5
1721	8	30.5	29.5	28.5	28.5	23.5	24.5	26.5	25.5	23.5	21.5
1736	8	21.5	19.5	19.5	18.5	13.5	15.5	17.5	17.5	12.5	11.5
1746	8	20.5	20.5	19.5	17.5	14.5	15.5	16.5	17.5	13.5	13.5
1779	8	21.5	21.5	18.5	18.5	14.5	14.5	15.5	15.5	12.5	13.5
1795	8	21.5	21.5	19.5	17.5	13.5	14.5	17.5	16.5	11.5	11.5
1805	8	20.5	19.5	19.5	18.5	13.5	15.5	16.5	16.5	13.5	11.5
1811	8	19.5	19.5	17.5	19.5	14.5	15.5	16.5	15.5	12.5	13.5
1817	8	20.5	20.5	17.5	18.5	14.5	15.5	17.5	16.5	13.5	11.5
1826	8	19.5	20.5	17.5	19.5	14.5	13.5	16.5	16.5	12.5	11.5
1837	8	19.5	20.5	17.5	17.5	13.5	14.5	16.5	17.5	11.5	13.5
0	1	0	0	0	0	0	0	0	0	0	0
0	2	0	0	0	0	0	0	0	0	0	0
0	3	0	0	0	0	0	0	0	0	0	0
0	4	0	0	0	0	0	0	0	0	0	0
0	5	0	0	0	0	0	0	0	0	0	0
0	6	0	0	0	0	0	0	0	0	0	0
0	7	0	0	0	0	0	0	0	0	0	0
0	8	0	0	0	0	0	0	0	0	0	0
1838	1	0	0	0	0	0	0	0	0	0	0
1838	2	0	0	0	0	0	0	0	0	0	0
1838	3	0	0	0	0	0	0	0	0	0	0
1838	4	0	0	0	0	0	0	0	0	0	0
1838	5	0	0	0	0	0	0	0	0	0	0
1838	6	0	0	0	0	0	0	0	0	0	0
1838	7	0	0	0	0	0	0	0	0	0	0
1838	8	0	0	0	0	0	0	0	0	0	0
