N	D	1	2	3	4	5	6	7	8	9	10
12	1	15	15	15	14	9	9	13	13	9	8
34	1	18	19	16	18	13	14	14	14	12	11
35	1	18	18	18	18	13	14	16	16	12	11
42	1	38	40	37	37	34	33	34	36	32	30
46	1	18	20	18	16	12	12	14	16	10	12
69	1	20	20	16	17	12	13	16	14	11	12
83	1	24	24	22	22	19	18	20	22	18	16
85	1	17	18	15	14	11	11	14	13	9	8
100	1	20	19	17	16	13	14	16	16	12	10
112	1	19	18	16	16	13	13	16	14	11	11
117	1	20	20	18	16	13	13	16	16	12	12
181	1	19	20	18	18	14	13	16	16	12	11
192	1	20	20	18	16	13	13	15	15	12	10
194	1	19	18	18	17	13	12	14	14	11	10
235	1	19	18	18	17	13	12	14	14	11	10
237	1	18	20	16	17	13	12	15	15	12	11
296	1	19	20	17	17	12	12	14	14	11	12
297	1	20	20	18	17	14	12	14	16	10	12
303	1	18	19	17	18	14	14	15	14	10	12
316	1	20	19	16	16	13	12	16	14	10	11
322	1	19	20	16	16	14	12	16	16	11	12
370	1	19	18	17	17	12	13	16	16	12	12
383	1	18	18	16	16	13	12	15	16	12	10
422	1	30	29	26	27	23	23	25	24	21	22
448	1	20	18	18	18	12	12	16	14	10	12
459	1	18	19	17	18	12	13	16	16	10	12
464	1	20	19	17	18	12	12	16	14	12	11
474	1	19	19	17	17	12	14	15	14	12	11
484	1	20	20	17	17	12	12	14	14	11	12
496	1	19	18	16	16	14	12	16	15	10	10
503	1	18	18	18	16	14	12	16	15	12	11
510	1	18	18	16	18	14	14	16	15	10	10
522	1	18	19	16	17	14	12	16	16	12	12
527	1	20	20	16	17	14	14	14	16	12	12
545	1	19	19	18	17	14	13	16	15	11	12
593	1	19	19	17	16	12	12	14	15	12	12
613	1	19	19	17	17	13	14	15	15	12	11
615	1	19	19	17	18	14	12	16	14	12	11
616	1	19	20	17	16	13	12	16	14	10	10
617	1	19	19	18	17	12	13	15	15	11	11
636	1	25	24	24	23	20	18	22	22	17	18
654	1	18	18	17	16	14	13	15	15	10	12
666	1	20	20	17	16	12	12	15	14	12	10
670	1	18	19	17	17	13	12	15	16	11	10
717	1	20	19	18	18	13	14	15	14	11	10
723	1	18	19	16	17	12	12	15	14	10	12
763	1	20	18	16	18	12	14	16	15	11	11
768	1	19	20	17	17	12	14	14	16	12	10
782	1	19	19	16	17	12	14	14	15	11	12
785	1	18	18	16	17	13	13	14	15	10	11
801	1	20	19	17	17	14	14	14	15	10	12
813	1	19	19	16	16	13	14	15	14	12	12
833	1	19	19	17	16	14	12	15	16	11	12
846	1	19	18	18	17	13	13	16	16	11	12
880	1	18	19	16	17	14	12	15	15	12	11
908	1	20	20	18	18	14	13	16	15	12	11
922	1	20	20	17	18	14	13	14	16	11	11
970	1	19	18	16	18	13	14	14	16	12	12
992	1	18	19	18	16	14	13	14	16	12	12
993	1	18	18	17	16	14	13	14	16	12	11
1001	1	18	18	16	18	14	13	15	14	11	10
1011	1	20	19	18	18	12	13	15	14	12	12
1045	1	20	19	16	18	14	13	15	14	11	11
1048	1	19	18	18	17	14	14	16	14	10	12
1050	1	18	20	16	17	12	13	15	16	10	12
1054	1	20	20	17	18	12	12	15	15	12	10
1055	1	19	19	16	17	14	13	16	16	10	12
1057	1	19	18	17	17	13	14	14	15	10	12
1087	1	20	20	16	16	14	13	14	14	12	10
1150	1	20	19	18	16	14	14	15	16	12	10
1160	1	20	20	16	18	14	12	14	14	11	12
1161	1	19	19	17	18	12	12	15	15	11	11
1163	1	19	19	18	18	12	12	14	15	10	10
1170	1	29	30	26	27	23	22	25	24	22	21
1173	1	20	19	17	18	12	14	15	15	10	11
1178	1	19	18	17	17	12	13	15	16	12	11
1181	1	20	18	16	16	13	12	14	14	10	10
1212	1	19	20	16	16	14	13	14	16	10	11
1250	1	19	20	16	17	14	12	15	14	11	12
1258	1	19	19	18	17	12	12	16	15	11	12
1289	1	18	19	18	17	13	13	15	16	10	12
1300	1	18	19	18	18	12	12	16	15	12	10
1387	1	20	20	17	17	14	14	14	16	12	12
1389	1	20	19	16	18	13	13	15	15	10	11
1394	1	33	32	32	30	26	28	30	30	25	26
1416	1	18	19	18	18	12	14	14	14	11	11
1417	1	20	20	16	18	13	13	14	14	10	10
1429	1	18	20	17	17	13	13	16	16	11	11
1430	1	20	20	18	16	14	14	16	15	11	11
1435	1	19	19	18	16	14	14	14	14	11	12
1448	1	20	18	16	16	12	13	16	16	12	10
1508	1	18	20	16	16	13	14	15	15	11	10
1572	1	19	19	18	17	13	12	15	15	11	11
1598	1	40	38	38	37	32	34	34	36	31	30
1602	1	19	20	18	16	12	13	14	16	11	12
1604	1	20	18	16	18	12	14	14	16	10	10
1622	1	20	20	16	17	13	12	16	16	11	10
1625	1	19	18	18	16	12	13	15	14	10	11
1628	1	18	18	16	16	13	14	15	14	12	10
1630	1	18	18	16	16	14	12	14	14	11	12
1645	1	19	20	17	17	14	13	16	16	11	11
1686	1	20	18	18	18	14	12	15	15	12	10
1717	1	19	20	18	17	13	14	16	16	10	10
1719	1	19	19	16	16	12	14	14	16	10	11
1732	1	20	20	16	18	12	14	15	15	10	10
1741	1	18	18	17	18	13	14	14	15	11	11
1766	1	18	20	17	18	13	14	15	14	12	10
1800	1	18	18	18	18	13	12	14	16	12	12
12	2	15.5	15.5	15.5	14.5	9.5	9.5	13.5	13.5	9.5	8.5
34	2	18.5	19.5	16.5	18.5	13.5	14.5	14.5	14.5	12.5	11.5
35	2	18.5	18.5	18.5	18.5	13.5	14.5	16.5	16.5	12.5	11.5
42	2	38.5	40.5	37.5	37.5	34.5	33.5	34.5	36.5	32.5	30.5
46	2	18.5	20.5	18.5	16.5	12.5	12.5	14.5	16.5	10.5	12.5
69	2	20.5	20.5	16.5	17.5	12.5	13.5	16.5	14.5	11.5	12.5
83	2	24.5	24.5	22.5	22.5	19.5	18.5	20.5	22.5	18.5	16.5
85	2	17.5	18.5	15.5	14.5	11.5	11.5	14.5	13.5	9.5	8.5
100	2	20.5	19.5	17.5	16.5	13.5	14.5	16.5	16.5	12.5	10.5
112	2	19.5	18.5	16.5	16.5	13.5	13.5	16.5	14.5	11.5	11.5
117	2	20.5	20.5	18.5	16.5	13.5	13.5	16.5	16.5	12.5	12.5
181	2	19.5	20.5	18.5	18.5	14.5	13.5	16.5	16.5	12.5	11.5
192	2	20.5	20.5	18.5	16.5	13.5	13.5	15.5	15.5	12.5	10.5
194	2	19.5	18.5	18.5	17.5	13.5	12.5	14.5	14.5	11.5	10.5
235	2	19.5	18.5	18.5	17.5	13.5	12.5	14.5	14.5	11.5	10.5
237	2	18.5	20.5	16.5	17.5	13.5	12.5	15.5	15.5	12.5	11.5
296	2	19.5	20.5	17.5	17.5	12.5	12.5	14.5	14.5	11.5	12.5
297	2	20.5	20.5	18.5	17.5	14.5	12.5	14.5	16.5	10.5	12.5
303	2	18.5	19.5	17.5	18.5	14.5	14.5	15.5	14.5	10.5	12.5
316	2	20.5	19.5	16.5	16.5	13.5	12.5	16.5	14.5	10.5	11.5
322	2	19.5	20.5	16.5	16.5	14.5	12.5	16.5	16.5	11.5	12.5
370	2	19.5	18.5	17.5	17.5	12.5	13.5	16.5	16.5	12.5	12.5
383	2	18.5	18.5	16.5	16.5	13.5	12.5	15.5	16.5	12.5	10.5
422	2	30.5	29.5	26.5	27.5	23.5	23.5	25.5	24.5	21.5	22.5
448	2	20.5	18.5	18.5	18.5	12.5	12.5	16.5	14.5	10.5	12.5
459	2	18.5	19.5	17.5	18.5	12.5	13.5	16.5	16.5	10.5	12.5
464	2	20.5	19.5	17.5	18.5	12.5	12.5	16.5	14.5	12.5	11.5
474	2	19.5	19.5	17.5	17.5	12.5	14.5	15.5	14.5	12.5	11.5
484	2	20.5	20.5	17.5	17.5	12.5	12.5	14.5	14.5	11.5	12.5
496	2	19.5	18.5	16.5	16.5	14.5	12.5	16.5	15.5	10.5	10.5
503	2	18.5	18.5	18.5	16.5	14.5	12.5	16.5	15.5	12.5	11.5
510	2	18.5	18.5	16.5	18.5	14.5	14.5	16.5	15.5	10.5	10.5
522	2	18.5	19.5	16.5	17.5	14.5	12.5	16.5	16.5	12.5	12.5
527	2	20.5	20.5	16.5	17.5	14.5	14.5	14.5	16.5	12.5	12.5
545	2	19.5	19.5	18.5	17.5	14.5	13.5	16.5	15.5	11.5	12.5
593	2	19.5	19.5	17.5	16.5	12.5	12.5	14.5	15.5	12.5	12.5
613	2	19.5	19.5	17.5	17.5	13.5	14.5	15.5	15.5	12.5	11.5
615	2	19.5	19.5	17.5	18.5	14.5	12.5	16.5	14.5	12.5	11.5
616	2	19.5	20.5	17.5	16.5	13.5	12.5	16.5	14.5	10.5	10.5
617	2	19.5	19.5	18.5	17.5	12.5	13.5	15.5	15.5	11.5	11.5
636	2	25.5	24.5	24.5	23.5	20.5	18.5	22.5	22.5	17.5	18.5
654	2	18.5	18.5	17.5	16.5	14.5	13.5	15.5	15.5	10.5	12.5
666	2	20.5	20.5	17.5	16.5	12.5	12.5	15.5	14.5	12.5	10.5
670	2	18.5	19.5	17.5	17.5	13.5	12.5	15.5	16.5	11.5	10.5
717	2	20.5	19.5	18.5	18.5	13.5	14.5	15.5	14.5	11.5	10.5
723	2	18.5	19.5	16.5	17.5	12.5	12.5	15.5	14.5	10.5	12.5
763	2	20.5	18.5	16.5	18.5	12.5	14.5	16.5	15.5	11.5	11.5
768	2	19.5	20.5	17.5	17.5	12.5	14.5	14.5	16.5	12.5	10.5
782	2	19.5	19.5	16.5	17.5	12.5	14.5	14.5	15.5	11.5	12.5
785	2	18.5	18.5	16.5	17.5	13.5	13.5	14.5	15.5	10.5	11.5
801	2	20.5	19.5	17.5	17.5	14.5	14.5	14.5	15.5	10.5	12.5
813	2	19.5	19.5	16.5	16.5	13.5	14.5	15.5	14.5	12.5	12.5
833	2	19.5	19.5	17.5	16.5	14.5	12.5	15.5	16.5	11.5	12.5
846	2	19.5	18.5	18.5	17.5	13.5	13.5	16.5	16.5	11.5	12.5
880	2	18.5	19.5	16.5	17.5	14.5	12.5	15.5	15.5	12.5	11.5
908	2	20.5	20.5	18.5	18.5	14.5	13.5	16.5	15.5	12.5	11.5
922	2	20.5	20.5	17.5	18.5	14.5	13.5	14.5	16.5	11.5	11.5
970	2	19.5	18.5	16.5	18.5	13.5	14.5	14.5	16.5	12.5	12.5
992	2	18.5	19.5	18.5	16.5	14.5	13.5	14.5	16.5	12.5	12.5
993	2	18.5	18.5	17.5	16.5	14.5	13.5	14.5	16.5	12.5	11.5
1001	2	18.5	18.5	16.5	18.5	14.5	13.5	15.5	14.5	11.5	10.5
1011	2	20.5	19.5	18.5	18.5	12.5	13.5	15.5	14.5	12.5	12.5
1045	2	20.5	19.5	16.5	18.5	14.5	13.5	15.5	14.5	11.5	11.5
1048	2	19.5	18.5	18.5	17.5	14.5	14.5	16.5	14.5	10.5	12.5
1050	2	18.5	20.5	16.5	17.5	12.5	13.5	15.5	16.5	10.5	12.5
1054	2	20.5	20.5	17.5	18.5	12.5	12.5	15.5	15.5	12.5	10.5
1055	2	19.5	19.5	16.5	17.5	14.5	13.5	16.5	16.5	10.5	12.5
1057	2	19.5	18.5	17.5	17.5	13.5	14.5	14.5	15.5	10.5	12.5
1087	2	20.5	20.5	16.5	16.5	14.5	13.5	14.5	14.5	12.5	10.5
1150	2	20.5	19.5	18.5	16.5	14.5	14.5	15.5	16.5	12.5	10.5
1160	2	20.5	20.5	16.5	18.5	14.5	12.5	14.5	14.5	11.5	12.5
1161	2	19.5	19.5	17.5	18.5	12.5	12.5	15.5	15.5	11.5	11.5
1163	2	19.5	19.5	18.5	18.5	12.5	12.5	14.5	15.5	10.5	10.5
1170	2	29.5	30.5	26.5	27.5	23.5	22.5	25.5	24.5	22.5	21.5
1173	2	20.5	19.5	17.5	18.5	12.5	14.5	15.5	15.5	10.5	11.5
1178	2	19.5	18.5	17.5	17.5	12.5	13.5	15.5	16.5	12.5	11.5
1181	2	20.5	18.5	16.5	16.5	13.5	12.5	14.5	14.5	10.5	10.5
1212	2	19.5	20.5	16.5	16.5	14.5	13.5	14.5	16.5	10.5	11.5
1250	2	19.5	20.5	16.5	17.5	14.5	12.5	15.5	14.5	11.5	12.5
1258	2	19.5	19.5	18.5	17.5	12.5	12.5	16.5	15.5	11.5	12.5
1289	2	18.5	19.5	18.5	17.5	13.5	13.5	15.5	16.5	10.5	12.5
1300	2	18.5	19.5	18.5	18.5	12.5	12.5	16.5	15.5	12.5	10.5
1387	2	20.5	20.5	17.5	17.5	14.5	14.5	14.5	16.5	12.5	12.5
1389	2	20.5	19.5	16.5	18.5	13.5	13.5	15.5	15.5	10.5	11.5
1394	2	33.5	32.5	32.5	30.5	26.5	28.5	30.5	30.5	25.5	26.5
1416	2	18.5	19.5	18.5	18.5	12.5	14.5	14.5	14.5	11.5	11.5
1417	2	20.5	20.5	16.5	18.5	13.5	13.5	14.5	14.5	10.5	10.5
1429	2	18.5	20.5	17.5	17.5	13.5	13.5	16.5	16.5	11.5	11.5
1430	2	20.5	20.5	18.5	16.5	14.5	14.5	16.5	15.5	11.5	11.5
1435	2	19.5	19.5	18.5	16.5	14.5	14.5	14.5	14.5	11.5	12.5
1448	2	20.5	18.5	16.5	16.5	12.5	13.5	16.5	16.5	12.5	10.5
1508	2	18.5	20.5	16.5	16.5	13.5	14.5	15.5	15.5	11.5	10.5
1572	2	19.5	19.5	18.5	17.5	13.5	12.5	15.5	15.5	11.5	11.5
1598	2	40.5	38.5	38.5	37.5	32.5	34.5	34.5	36.5	31.5	30.5
1602	2	19.5	20.5	18.5	16.5	12.5	13.5	14.5	16.5	11.5	12.5
1604	2	20.5	18.5	16.5	18.5	12.5	14.5	14.5	16.5	10.5	10.5
1622	2	20.5	20.5	16.5	17.5	13.5	12.5	16.5	16.5	11.5	10.5
1625	2	19.5	18.5	18.5	16.5	12.5	13.5	15.5	14.5	10.5	11.5
1628	2	18.5	18.5	16.5	16.5	13.5	14.5	15.5	14.5	12.5	10.5
1630	2	18.5	18.5	16.5	16.5	14.5	12.5	14.5	14.5	11.5	12.5
1645	2	19.5	20.5	17.5	17.5	14.5	13.5	16.5	16.5	11.5	11.5
1686	2	20.5	18.5	18.5	18.5	14.5	12.5	15.5	15.5	12.5	10.5
1717	2	19.5	20.5	18.5	17.5	13.5	14.5	16.5	16.5	10.5	10.5
1719	2	19.5	19.5	16.5	16.5	12.5	14.5	14.5	16.5	10.5	11.5
1732	2	20.5	20.5	16.5	18.5	12.5	14.5	15.5	15.5	10.5	10.5
1741	2	18.5	18.5	17.5	18.5	13.5	14.5	14.5	15.5	11.5	11.5
1766	2	18.5	20.5	17.5	18.5	13.5	14.5	15.5	14.5	12.5	10.5
1800	2	18.5	18.5	18.5	18.5	13.5	12.5	14.5	16.5	12.5	12.5
12	3	16	16	16	15	10	10	14	14	10	9
34	3	19	20	17	19	14	15	15	15	13	12
35	3	19	19	19	19	14	15	17	17	13	12
42	3	39	41	38	38	35	34	35	37	33	31
46	3	19	21	19	17	13	13	15	17	11	13
69	3	21	21	17	18	13	14	17	15	12	13
83	3	25	25	23	23	20	19	21	23	19	17
85	3	18	19	16	15	12	12	15	14	10	9
100	3	21	20	18	17	14	15	17	17	13	11
112	3	20	19	17	17	14	14	17	15	12	12
117	3	21	21	19	17	14	14	17	17	13	13
181	3	20	21	19	19	15	14	17	17	13	12
192	3	21	21	19	17	14	14	16	16	13	11
194	3	20	19	19	18	14	13	15	15	12	11
235	3	20	19	19	18	14	13	15	15	12	11
237	3	19	21	17	18	14	13	16	16	13	12
296	3	20	21	18	18	13	13	15	15	12	13
297	3	21	21	19	18	15	13	15	17	11	13
303	3	19	20	18	19	15	15	16	15	11	13
316	3	21	20	17	17	14	13	17	15	11	12
322	3	20	21	17	17	15	13	17	17	12	13
370	3	20	19	18	18	13	14	17	17	13	13
383	3	19	19	17	17	14	13	16	17	13	11
422	3	31	30	27	28	24	24	26	25	22	23
448	3	21	19	19	19	13	13	17	15	11	13
459	3	19	20	18	19	13	14	17	17	11	13
464	3	21	20	18	19	13	13	17	15	13	12
474	3	20	20	18	18	13	15	16	15	13	12
484	3	21	21	18	18	13	13	15	15	12	13
496	3	20	19	17	17	15	13	17	16	11	11
503	3	19	19	19	17	15	13	17	16	13	12
510	3	19	19	17	19	15	15	17	16	11	11
522	3	19	20	17	18	15	13	17	17	13	13
527	3	21	21	17	18	15	15	15	17	13	13
545	3	20	20	19	18	15	14	17	16	12	13
593	3	20	20	18	17	13	13	15	16	13	13
613	3	20	20	18	18	14	15	16	16	13	12
615	3	20	20	18	19	15	13	17	15	13	12
616	3	20	21	18	17	14	13	17	15	11	11
617	3	20	20	19	18	13	14	16	16	12	12
636	3	26	25	25	24	21	19	23	23	18	19
654	3	19	19	18	17	15	14	16	16	11	13
666	3	21	21	18	17	13	13	16	15	13	11
670	3	19	20	18	18	14	13	16	17	12	11
717	3	21	20	19	19	14	15	16	15	12	11
723	3	19	20	17	18	13	13	16	15	11	13
763	3	21	19	17	19	13	15	17	16	12	12
768	3	20	21	18	18	13	15	15	17	13	11
782	3	20	20	17	18	13	15	15	16	12	13
785	3	19	19	17	18	14	14	15	16	11	12
801	3	21	20	18	18	15	15	15	16	11	13
813	3	20	20	17	17	14	15	16	15	13	13
833	3	20	20	18	17	15	13	16	17	12	13
846	3	20	19	19	18	14	14	17	17	12	13
880	3	19	20	17	18	15	13	16	16	13	12
908	3	21	21	19	19	15	14	17	16	13	12
922	3	21	21	18	19	15	14	15	17	12	12
970	3	20	19	17	19	14	15	15	17	13	13
992	3	19	20	19	17	15	14	15	17	13	13
993	3	19	19	18	17	15	14	15	17	13	12
1001	3	19	19	17	19	15	14	16	15	12	11
1011	3	21	20	19	19	13	14	16	15	13	13
1045	3	21	20	17	19	15	14	16	15	12	12
1048	3	20	19	19	18	15	15	17	15	11	13
1050	3	19	21	17	18	13	14	16	17	11	13
1054	3	21	21	18	19	13	13	16	16	13	11
1055	3	20	20	17	18	15	14	17	17	11	13
1057	3	20	19	18	18	14	15	15	16	11	13
1087	3	21	21	17	17	15	14	15	15	13	11
1150	3	21	20	19	17	15	15	16	17	13	11
1160	3	21	21	17	19	15	13	15	15	12	13
1161	3	20	20	18	19	13	13	16	16	12	12
1163	3	20	20	19	19	13	13	15	16	11	11
1170	3	30	31	27	28	24	23	26	25	23	22
1173	3	21	20	18	19	13	15	16	16	11	12
1178	3	20	19	18	18	13	14	16	17	13	12
1181	3	21	19	17	17	14	13	15	15	11	11
1212	3	20	21	17	17	15	14	15	17	11	12
1250	3	20	21	17	18	15	13	16	15	12	13
1258	3	20	20	19	18	13	13	17	16	12	13
1289	3	19	20	19	18	14	14	16	17	11	13
1300	3	19	20	19	19	13	13	17	16	13	11
1387	3	21	21	18	18	15	15	15	17	13	13
1389	3	21	20	17	19	14	14	16	16	11	12
1394	3	34	33	33	31	27	29	31	31	26	27
1416	3	19	20	19	19	13	15	15	15	12	12
1417	3	21	21	17	19	14	14	15	15	11	11
1429	3	19	21	18	18	14	14	17	17	12	12
1430	3	21	21	19	17	15	15	17	16	12	12
1435	3	20	20	19	17	15	15	15	15	12	13
1448	3	21	19	17	17	13	14	17	17	13	11
1508	3	19	21	17	17	14	15	16	16	12	11
1572	3	20	20	19	18	14	13	16	16	12	12
1598	3	41	39	39	38	33	35	35	37	32	31
1602	3	20	21	19	17	13	14	15	17	12	13
1604	3	21	19	17	19	13	15	15	17	11	11
1622	3	21	21	17	18	14	13	17	17	12	11
1625	3	20	19	19	17	13	14	16	15	11	12
1628	3	19	19	17	17	14	15	16	15	13	11
1630	3	19	19	17	17	15	13	15	15	12	13
1645	3	20	21	18	18	15	14	17	17	12	12
1686	3	21	19	19	19	15	13	16	16	13	11
1717	3	20	21	19	18	14	15	17	17	11	11
1719	3	20	20	17	17	13	15	15	17	11	12
1732	3	21	21	17	19	13	15	16	16	11	11
1741	3	19	19	18	19	14	15	15	16	12	12
1766	3	19	21	18	19	14	15	16	15	13	11
1800	3	19	19	19	19	14	13	15	17	13	13
12	4	16.5	16.5	16.5	15.5	10.5	10.5	14.5	14.5	10.5	9.5
34	4	19.5	20.5	17.5	19.5	14.5	15.5	15.5	15.5	13.5	12.5
35	4	19.5	19.5	19.5	19.5	14.5	15.5	17.5	17.5	13.5	12.5
42	4	39.5	41.5	38.5	38.5	35.5	34.5	35.5	37.5	33.5	31.5
46	4	19.5	21.5	19.5	17.5	13.5	13.5	15.5	17.5	11.5	13.5
69	4	21.5	21.5	17.5	18.5	13.5	14.5	17.5	15.5	12.5	13.5
83	4	25.5	25.5	23.5	23.5	20.5	19.5	21.5	23.5	19.5	17.5
85	4	18.5	19.5	16.5	15.5	12.5	12.5	15.5	14.5	10.5	9.5
100	4	21.5	20.5	18.5	17.5	14.5	15.5	17.5	17.5	13.5	11.5
112	4	20.5	19.5	17.5	17.5	14.5	14.5	17.5	15.5	12.5	12.5
117	4	21.5	21.5	19.5	17.5	14.5	14.5	17.5	17.5	13.5	13.5
181	4	20.5	21.5	19.5	19.5	15.5	14.5	17.5	17.5	13.5	12.5
192	4	21.5	21.5	19.5	17.5	14.5	14.5	16.5	16.5	13.5	11.5
194	4	20.5	19.5	19.5	18.5	14.5	13.5	15.5	15.5	12.5	11.5
235	4	20.5	19.5	19.5	18.5	14.5	13.5	15.5	15.5	12.5	11.5
237	4	19.5	21.5	17.5	18.5	14.5	13.5	16.5	16.5	13.5	12.5
296	4	20.5	21.5	18.5	18.5	13.5	13.5	15.5	15.5	12.5	13.5
297	4	21.5	21.5	19.5	18.5	15.5	13.5	15.5	17.5	11.5	13.5
303	4	19.5	20.5	18.5	19.5	15.5	15.5	16.5	15.5	11.5	13.5
316	4	21.5	20.5	17.5	17.5	14.5	13.5	17.5	15.5	11.5	12.5
322	4	20.5	21.5	17.5	17.5	15.5	13.5	17.5	17.5	12.5	13.5
370	4	20.5	19.5	18.5	18.5	13.5	14.5	17.5	17.5	13.5	13.5
383	4	19.5	19.5	17.5	17.5	14.5	13.5	16.5	17.5	13.5	11.5
422	4	31.5	30.5	27.5	28.5	24.5	24.5	26.5	25.5	22.5	23.5
448	4	21.5	19.5	19.5	19.5	13.5	13.5	17.5	15.5	11.5	13.5
459	4	19.5	20.5	18.5	19.5	13.5	14.5	17.5	17.5	11.5	13.5
464	4	21.5	20.5	18.5	19.5	13.5	13.5	17.5	15.5	13.5	12.5
474	4	20.5	20.5	18.5	18.5	13.5	15.5	16.5	15.5	13.5	12.5
484	4	21.5	21.5	18.5	18.5	13.5	13.5	15.5	15.5	12.5	13.5
496	4	20.5	19.5	17.5	17.5	15.5	13.5	17.5	16.5	11.5	11.5
503	4	19.5	19.5	19.5	17.5	15.5	13.5	17.5	16.5	13.5	12.5
510	4	19.5	19.5	17.5	19.5	15.5	15.5	17.5	16.5	11.5	11.5
522	4	19.5	20.5	17.5	18.5	15.5	13.5	17.5	17.5	13.5	13.5
527	4	21.5	21.5	17.5	18.5	15.5	15.5	15.5	17.5	13.5	13.5
545	4	20.5	20.5	19.5	18.5	15.5	14.5	17.5	16.5	12.5	13.5
593	4	20.5	20.5	18.5	17.5	13.5	13.5	15.5	16.5	13.5	13.5
613	4	20.5	20.5	18.5	18.5	14.5	15.5	16.5	16.5	13.5	12.5
615	4	20.5	20.5	18.5	19.5	15.5	13.5	17.5	15.5	13.5	12.5
616	4	20.5	21.5	18.5	17.5	14.5	13.5	17.5	15.5	11.5	11.5
617	4	20.5	20.5	19.5	18.5	13.5	14.5	16.5	16.5	12.5	12.5
636	4	26.5	25.5	25.5	24.5	21.5	19.5	23.5	23.5	18.5	19.5
654	4	19.5	19.5	18.5	17.5	15.5	14.5	16.5	16.5	11.5	13.5
666	4	21.5	21.5	18.5	17.5	13.5	13.5	16.5	15.5	13.5	11.5
670	4	19.5	20.5	18.5	18.5	14.5	13.5	16.5	17.5	12.5	11.5
717	4	21.5	20.5	19.5	19.5	14.5	15.5	16.5	15.5	12.5	11.5
723	4	19.5	20.5	17.5	18.5	13.5	13.5	16.5	15.5	11.5	13.5
763	4	21.5	19.5	17.5	19.5	13.5	15.5	17.5	16.5	12.5	12.5
768	4	20.5	21.5	18.5	18.5	13.5	15.5	15.5	17.5	13.5	11.5
782	4	20.5	20.5	17.5	18.5	13.5	15.5	15.5	16.5	12.5	13.5
785	4	19.5	19.5	17.5	18.5	14.5	14.5	15.5	16.5	11.5	12.5
801	4	21.5	20.5	18.5	18.5	15.5	15.5	15.5	16.5	11.5	13.5
813	4	20.5	20.5	17.5	17.5	14.5	15.5	16.5	15.5	13.5	13.5
833	4	20.5	20.5	18.5	17.5	15.5	13.5	16.5	17.5	12.5	13.5
846	4	20.5	19.5	19.5	18.5	14.5	14.5	17.5	17.5	12.5	13.5
880	4	19.5	20.5	17.5	18.5	15.5	13.5	16.5	16.5	13.5	12.5
908	4	21.5	21.5	19.5	19.5	15.5	14.5	17.5	16.5	13.5	12.5
922	4	21.5	21.5	18.5	19.5	15.5	14.5	15.5	17.5	12.5	12.5
970	4	20.5	19.5	17.5	19.5	14.5	15.5	15.5	17.5	13.5	13.5
992	4	19.5	20.5	19.5	17.5	15.5	14.5	15.5	17.5	13.5	13.5
993	4	19.5	19.5	18.5	17.5	15.5	14.5	15.5	17.5	13.5	12.5
1001	4	19.5	19.5	17.5	19.5	15.5	14.5	16.5	15.5	12.5	11.5
1011	4	21.5	20.5	19.5	19.5	13.5	14.5	16.5	15.5	13.5	13.5
1045	4	21.5	20.5	17.5	19.5	15.5	14.5	16.5	15.5	12.5	12.5
1048	4	20.5	19.5	19.5	18.5	15.5	15.5	17.5	15.5	11.5	13.5
1050	4	19.5	21.5	17.5	18.5	13.5	14.5	16.5	17.5	11.5	13.5
1054	4	21.5	21.5	18.5	19.5	13.5	13.5	16.5	16.5	13.5	11.5
1055	4	20.5	20.5	17.5	18.5	15.5	14.5	17.5	17.5	11.5	13.5
1057	4	20.5	19.5	18.5	18.5	14.5	15.5	15.5	16.5	11.5	13.5
1087	4	21.5	21.5	17.5	17.5	15.5	14.5	15.5	15.5	13.5	11.5
1150	4	21.5	20.5	19.5	17.5	15.5	15.5	16.5	17.5	13.5	11.5
1160	4	21.5	21.5	17.5	19.5	15.5	13.5	15.5	15.5	12.5	13.5
1161	4	20.5	20.5	18.5	19.5	13.5	13.5	16.5	16.5	12.5	12.5
1163	4	20.5	20.5	19.5	19.5	13.5	13.5	15.5	16.5	11.5	11.5
1170	4	30.5	31.5	27.5	28.5	24.5	23.5	26.5	25.5	23.5	22.5
1173	4	21.5	20.5	18.5	19.5	13.5	15.5	16.5	16.5	11.5	12.5
1178	4	20.5	19.5	18.5	18.5	13.5	14.5	16.5	17.5	13.5	12.5
1181	4	21.5	19.5	17.5	17.5	14.5	13.5	15.5	15.5	11.5	11.5
1212	4	20.5	21.5	17.5	17.5	15.5	14.5	15.5	17.5	11.5	12.5
1250	4	20.5	21.5	17.5	18.5	15.5	13.5	16.5	15.5	12.5	13.5
1258	4	20.5	20.5	19.5	18.5	13.5	13.5	17.5	16.5	12.5	13.5
1289	4	19.5	20.5	19.5	18.5	14.5	14.5	16.5	17.5	11.5	13.5
1300	4	19.5	20.5	19.5	19.5	13.5	13.5	17.5	16.5	13.5	11.5
1387	4	21.5	21.5	18.5	18.5	15.5	15.5	15.5	17.5	13.5	13.5
1389	4	21.5	20.5	17.5	19.5	14.5	14.5	16.5	16.5	11.5	12.5
1394	4	34.5	33.5	33.5	31.5	27.5	29.5	31.5	31.5	26.5	27.5
1416	4	19.5	20.5	19.5	19.5	13.5	15.5	15.5	15.5	12.5	12.5
1417	4	21.5	21.5	17.5	19.5	14.5	14.5	15.5	15.5	11.5	11.5
1429	4	19.5	21.5	18.5	18.5	14.5	14.5	17.5	17.5	12.5	12.5
1430	4	21.5	21.5	19.5	17.5	15.5	15.5	17.5	16.5	12.5	12.5
1435	4	20.5	20.5	19.5	17.5	15.5	15.5	15.5	15.5	12.5	13.5
1448	4	21.5	19.5	17.5	17.5	13.5	14.5	17.5	17.5	13.5	11.5
1508	4	19.5	21.5	17.5	17.5	14.5	15.5	16.5	16.5	12.5	11.5
1572	4	20.5	20.5	19.5	18.5	14.5	13.5	16.5	16.5	12.5	12.5
1598	4	41.5	39.5	39.5	38.5	33.5	35.5	35.5	37.5	32.5	31.5
1602	4	20.5	21.5	19.5	17.5	13.5	14.5	15.5	17.5	12.5	13.5
1604	4	21.5	19.5	17.5	19.5	13.5	15.5	15.5	17.5	11.5	11.5
1622	4	21.5	21.5	17.5	18.5	14.5	13.5	17.5	17.5	12.5	11.5
1625	4	20.5	19.5	19.5	17.5	13.5	14.5	16.5	15.5	11.5	12.5
1628	4	19.5	19.5	17.5	17.5	14.5	15.5	16.5	15.5	13.5	11.5
1630	4	19.5	19.5	17.5	17.5	15.5	13.5	15.5	15.5	12.5	13.5
1645	4	20.5	21.5	18.5	18.5	15.5	14.5	17.5	17.5	12.5	12.5
1686	4	21.5	19.5	19.5	19.5	15.5	13.5	16.5	16.5	13.5	11.5
1717	4	20.5	21.5	19.5	18.5	14.5	15.5	17.5	17.5	11.5	11.5
1719	4	20.5	20.5	17.5	17.5	13.5	15.5	15.5	17.5	11.5	12.5
1732	4	21.5	21.5	17.5	19.5	13.5	15.5	16.5	16.5	11.5	11.5
1741	4	19.5	19.5	18.5	19.5	14.5	15.5	15.5	16.5	12.5	12.5
1766	4	19.5	21.5	18.5	19.5	14.5	15.5	16.5	15.5	13.5	11.5
1800	4	19.5	19.5	19.5	19.5	14.5	13.5	15.5	17.5	13.5	13.5
12	5	20	18	16	18	13	12	15	16	11	11
34	5	18	18	18	16	14	13	15	15	11	10
35	5	18	18	17	18	14	13	14	15	12	11
42	5	38	39	37	36	32	34	35	34	32	32
46	5	20	20	18	17	13	13	16	15	10	10
69	5	18	18	18	16	13	13	15	16	11	10
83	5	25	26	22	22	20	19	20	22	18	16
85	5	16	18	16	14	11	12	13	13	10	8
100	5	18	18	16	16	13	13	16	16	12	11
112	5	19	19	18	16	14	13	14	15	11	10
117	5	18	19	16	17	14	12	15	14	12	11
181	5	19	20	16	16	13	13	15	15	12	10
192	5	18	20	16	18	14	14	14	15	10	10
194	5	19	18	18	16	13	14	15	14	11	12
235	5	19	18	18	16	13	14	15	14	11	12
237	5	18	18	16	18	12	12	15	15	11	11
296	5	18	19	17	18	14	13	15	14	11	12
297	5	20	19	18	17	12	12	15	14	11	12
303	5	18	18	17	18	12	12	15	15	11	12
316	5	18	20	18	18	13	14	15	15	12	10
322	5	19	18	18	17	13	14	15	15	11	12
370	5	20	19	17	18	12	13	15	15	12	10
383	5	18	20	18	17	12	14	16	14	11	12
422	5	30	30	26	28	22	24	24	24	21	21
448	5	19	19	18	16	13	12	14	15	12	10
459	5	18	19	17	16	13	14	14	16	12	12
464	5	20	20	16	17	13	14	15	14	11	11
474	5	18	20	18	18	13	14	16	14	10	10
484	5	20	18	18	16	13	12	16	16	11	12
496	5	19	18	16	16	14	12	15	14	11	11
503	5	20	18	16	18	12	14	14	14	10	12
510	5	19	20	16	17	12	14	16	16	10	11
522	5	18	19	18	18	14	13	15	15	11	12
527	5	19	19	17	18	13	14	15	14	10	10
545	5	18	18	17	16	14	14	14	16	12	11
593	5	18	20	18	18	14	14	15	16	12	11
613	5	19	20	16	18	12	13	14	14	11	10
615	5	19	18	17	17	14	13	16	15	10	12
616	5	19	20	18	17	14	13	14	16	10	11
617	5	18	19	17	16	13	12	16	15	12	11
636	5	25	25	24	24	19	19	21	22	17	17
654	5	18	18	17	16	14	13	14	15	12	12
666	5	20	20	18	16	12	12	14	14	10	12
670	5	19	20	18	18	13	14	14	14	12	10
717	5	20	18	18	17	12	13	16	16	12	12
723	5	18	19	17	18	14	14	15	14	10	11
763	5	19	19	17	17	13	12	15	16	12	12
768	5	20	19	16	17	13	14	14	14	12	11
782	5	20	20	18	17	12	14	15	15	12	10
785	5	19	18	18	17	13	13	16	14	10	10
801	5	19	18	18	16	13	13	14	14	11	12
813	5	18	20	18	16	12	13	14	15	10	12
833	5	19	19	17	18	13	12	14	14	12	12
846	5	18	19	18	16	12	14	16	15	10	12
880	5	18	20	17	18	14	12	14	15	12	12
908	5	19	20	18	17	13	14	16	14	10	11
922	5	20	19	17	16	12	12	16	15	12	12
970	5	18	19	16	16	14	12	14	15	11	11
992	5	18	19	18	16	12	14	16	15	10	10
993	5	19	19	18	16	12	12	15	15	11	10
1001	5	18	20	18	18	12	13	15	14	11	12
1011	5	20	20	18	17	14	12	16	16	11	11
1045	5	20	18	17	18	12	13	16	15	10	10
1048	5	19	18	18	18	14	13	16	14	12	11
1050	5	19	18	17	18	14	14	16	14	12	12
1054	5	20	20	17	18	13	14	14	14	11	11
1055	5	19	20	18	18	13	14	14	16	11	12
1057	5	19	20	17	18	13	13	15	15	11	12
1087	5	18	19	18	16	14	12	14	16	11	12
1150	5	20	18	16	16	13	12	16	16	12	11
1160	5	18	18	17	17	14	13	15	14	12	10
1161	5	19	20	16	18	13	12	14	16	11	10
1163	5	19	19	17	16	12	14	16	16	11	11
1170	5	29	28	27	28	23	23	24	24	21	22
1173	5	18	18	18	18	13	12	15	16	10	10
1178	5	19	20	17	17	12	14	14	15	11	11
1181	5	20	18	16	16	13	13	16	16	10	10
1212	5	20	19	16	18	14	12	14	15	10	12
1250	5	19	18	18	16	12	12	14	15	10	12
1258	5	19	19	18	18	13	14	15	16	12	10
1289	5	20	19	18	18	12	14	16	16	10	12
1300	5	18	19	16	18	14	14	16	16	11	10
1387	5	19	18	16	18	13	13	16	16	10	12
1389	5	19	20	17	18	14	14	16	15	11	10
1394	5	32	33	30	32	26	27	28	30	24	26
1416	5	20	19	18	17	14	12	15	14	12	11
1417	5	18	18	17	18	12	13	15	16	12	11
1429	5	18	20	18	16	12	13	16	14	12	11
1430	5	19	18	16	16	12	14	16	15	11	12
1435	5	18	19	17	17	14	14	16	14	12	11
1448	5	18	20	18	18	14	13	14	14	12	10
1508	5	20	20	16	18	14	13	15	15	12	10
1572	5	19	20	17	17	14	12	14	16	10	12
1598	5	39	38	36	38	34	32	34	34	32	30
1602	5	19	18	17	17	13	13	15	16	12	12
1604	5	18	18	18	18	14	13	16	16	12	12
1622	5	18	19	17	17	12	12	14	15	10	10
1625	5	18	18	16	17	13	12	14	14	12	10
1628	5	20	19	16	16	12	12	14	15	10	12
1630	5	20	18	18	16	12	14	15	16	11	11
1645	5	19	19	17	18	14	13	15	16	11	10
1686	5	20	19	18	17	14	14	16	16	12	12
1717	5	18	20	18	16	12	13	16	14	10	10
1719	5	20	20	18	17	12	13	15	16	11	10
1732	5	19	19	16	18	13	13	16	16	10	12
1741	5	20	18	18	16	12	14	16	14	12	11
1766	5	18	18	16	18	12	14	16	14	10	11
1800	5	19	20	16	18	13	12	16	14	10	10
12	6	20.5	18.5	16.5	18.5	13.5	12.5	15.5	16.5	11.5	11.5
34	6	18.5	18.5	18.5	16.5	14.5	13.5	15.5	15.5	11.5	10.5
35	6	18.5	18.5	17.5	18.5	14.5	13.5	14.5	15.5	12.5	11.5
42	6	38.5	39.5	37.5	36.5	32.5	34.5	35.5	34.5	32.5	32.5
46	6	20.5	20.5	18.5	17.5	13.5	13.5	16.5	15.5	10.5	10.5
69	6	18.5	18.5	18.5	16.5	13.5	13.5	15.5	16.5	11.5	10.5
83	6	25.5	26.5	22.5	22.5	20.5	19.5	20.5	22.5	18.5	16.5
85	6	16.5	18.5	16.5	14.5	11.5	12.5	13.5	13.5	10.5	8.5
100	6	18.5	18.5	16.5	16.5	13.5	13.5	16.5	16.5	12.5	11.5
112	6	19.5	19.5	18.5	16.5	14.5	13.5	14.5	15.5	11.5	10.5
117	6	18.5	19.5	16.5	17.5	14.5	12.5	15.5	14.5	12.5	11.5
181	6	19.5	20.5	16.5	16.5	13.5	13.5	15.5	15.5	12.5	10.5
192	6	18.5	20.5	16.5	18.5	14.5	14.5	14.5	15.5	10.5	10.5
194	6	19.5	18.5	18.5	16.5	13.5	14.5	15.5	14.5	11.5	12.5
235	6	19.5	18.5	18.5	16.5	13.5	14.5	15.5	14.5	11.5	12.5
237	6	18.5	18.5	16.5	18.5	12.5	12.5	15.5	15.5	11.5	11.5
296	6	18.5	19.5	17.5	18.5	14.5	13.5	15.5	14.5	11.5	12.5
297	6	20.5	19.5	18.5	17.5	12.5	12.5	15.5	14.5	11.5	12.5
303	6	18.5	18.5	17.5	18.5	12.5	12.5	15.5	15.5	11.5	12.5
316	6	18.5	20.5	18.5	18.5	13.5	14.5	15.5	15.5	12.5	10.5
322	6	19.5	18.5	18.5	17.5	13.5	14.5	15.5	15.5	11.5	12.5
370	6	20.5	19.5	17.5	18.5	12.5	13.5	15.5	15.5	12.5	10.5
383	6	18.5	20.5	18.5	17.5	12.5	14.5	16.5	14.5	11.5	12.5
422	6	30.5	30.5	26.5	28.5	22.5	24.5	24.5	24.5	21.5	21.5
448	6	19.5	19.5	18.5	16.5	13.5	12.5	14.5	15.5	12.5	10.5
459	6	18.5	19.5	17.5	16.5	13.5	14.5	14.5	16.5	12.5	12.5
464	6	20.5	20.5	16.5	17.5	13.5	14.5	15.5	14.5	11.5	11.5
474	6	18.5	20.5	18.5	18.5	13.5	14.5	16.5	14.5	10.5	10.5
484	6	20.5	18.5	18.5	16.5	13.5	12.5	16.5	16.5	11.5	12.5
496	6	19.5	18.5	16.5	16.5	14.5	12.5	15.5	14.5	11.5	11.5
503	6	20.5	18.5	16.5	18.5	12.5	14.5	14.5	14.5	10.5	12.5
510	6	19.5	20.5	16.5	17.5	12.5	14.5	16.5	16.5	10.5	11.5
522	6	18.5	19.5	18.5	18.5	14.5	13.5	15.5	15.5	11.5	12.5
527	6	19.5	19.5	17.5	18.5	13.5	14.5	15.5	14.5	10.5	10.5
545	6	18.5	18.5	17.5	16.5	14.5	14.5	14.5	16.5	12.5	11.5
593	6	18.5	20.5	18.5	18.5	14.5	14.5	15.5	16.5	12.5	11.5
613	6	19.5	20.5	16.5	18.5	12.5	13.5	14.5	14.5	11.5	10.5
615	6	19.5	18.5	17.5	17.5	14.5	13.5	16.5	15.5	10.5	12.5
616	6	19.5	20.5	18.5	17.5	14.5	13.5	14.5	16.5	10.5	11.5
617	6	18.5	19.5	17.5	16.5	13.5	12.5	16.5	15.5	12.5	11.5
636	6	25.5	25.5	24.5	24.5	19.5	19.5	21.5	22.5	17.5	17.5
654	6	18.5	18.5	17.5	16.5	14.5	13.5	14.5	15.5	12.5	12.5
666	6	20.5	20.5	18.5	16.5	12.5	12.5	14.5	14.5	10.5	12.5
670	6	19.5	20.5	18.5	18.5	13.5	14.5	14.5	14.5	12.5	10.5
717	6	20.5	18.5	18.5	17.5	12.5	13.5	16.5	16.5	12.5	12.5
723	6	18.5	19.5	17.5	18.5	14.5	14.5	15.5	14.5	10.5	11.5
763	6	19.5	19.5	17.5	17.5	13.5	12.5	15.5	16.5	12.5	12.5
768	6	20.5	19.5	16.5	17.5	13.5	14.5	14.5	14.5	12.5	11.5
782	6	20.5	20.5	18.5	17.5	12.5	14.5	15.5	15.5	12.5	10.5
785	6	19.5	18.5	18.5	17.5	13.5	13.5	16.5	14.5	10.5	10.5
801	6	19.5	18.5	18.5	16.5	13.5	13.5	14.5	14.5	11.5	12.5
813	6	18.5	20.5	18.5	16.5	12.5	13.5	14.5	15.5	10.5	12.5
833	6	19.5	19.5	17.5	18.5	13.5	12.5	14.5	14.5	12.5	12.5
846	6	18.5	19.5	18.5	16.5	12.5	14.5	16.5	15.5	10.5	12.5
880	6	18.5	20.5	17.5	18.5	14.5	12.5	14.5	15.5	12.5	12.5
908	6	19.5	20.5	18.5	17.5	13.5	14.5	16.5	14.5	10.5	11.5
922	6	20.5	19.5	17.5	16.5	12.5	12.5	16.5	15.5	12.5	12.5
970	6	18.5	19.5	16.5	16.5	14.5	12.5	14.5	15.5	11.5	11.5
992	6	18.5	19.5	18.5	16.5	12.5	14.5	16.5	15.5	10.5	10.5
993	6	19.5	19.5	18.5	16.5	12.5	12.5	15.5	15.5	11.5	10.5
1001	6	18.5	20.5	18.5	18.5	12.5	13.5	15.5	14.5	11.5	12.5
1011	6	20.5	20.5	18.5	17.5	14.5	12.5	16.5	16.5	11.5	11.5
1045	6	20.5	18.5	17.5	18.5	12.5	13.5	16.5	15.5	10.5	10.5
1048	6	19.5	18.5	18.5	18.5	14.5	13.5	16.5	14.5	12.5	11.5
1050	6	19.5	18.5	17.5	18.5	14.5	14.5	16.5	14.5	12.5	12.5
1054	6	20.5	20.5	17.5	18.5	13.5	14.5	14.5	14.5	11.5	11.5
1055	6	19.5	20.5	18.5	18.5	13.5	14.5	14.5	16.5	11.5	12.5
1057	6	19.5	20.5	17.5	18.5	13.5	13.5	15.5	15.5	11.5	12.5
1087	6	18.5	19.5	18.5	16.5	14.5	12.5	14.5	16.5	11.5	12.5
1150	6	20.5	18.5	16.5	16.5	13.5	12.5	16.5	16.5	12.5	11.5
1160	6	18.5	18.5	17.5	17.5	14.5	13.5	15.5	14.5	12.5	10.5
1161	6	19.5	20.5	16.5	18.5	13.5	12.5	14.5	16.5	11.5	10.5
1163	6	19.5	19.5	17.5	16.5	12.5	14.5	16.5	16.5	11.5	11.5
1170	6	29.5	28.5	27.5	28.5	23.5	23.5	24.5	24.5	21.5	22.5
1173	6	18.5	18.5	18.5	18.5	13.5	12.5	15.5	16.5	10.5	10.5
1178	6	19.5	20.5	17.5	17.5	12.5	14.5	14.5	15.5	11.5	11.5
1181	6	20.5	18.5	16.5	16.5	13.5	13.5	16.5	16.5	10.5	10.5
1212	6	20.5	19.5	16.5	18.5	14.5	12.5	14.5	15.5	10.5	12.5
1250	6	19.5	18.5	18.5	16.5	12.5	12.5	14.5	15.5	10.5	12.5
1258	6	19.5	19.5	18.5	18.5	13.5	14.5	15.5	16.5	12.5	10.5
1289	6	20.5	19.5	18.5	18.5	12.5	14.5	16.5	16.5	10.5	12.5
1300	6	18.5	19.5	16.5	18.5	14.5	14.5	16.5	16.5	11.5	10.5
1387	6	19.5	18.5	16.5	18.5	13.5	13.5	16.5	16.5	10.5	12.5
1389	6	19.5	20.5	17.5	18.5	14.5	14.5	16.5	15.5	11.5	10.5
1394	6	32.5	33.5	30.5	32.5	26.5	27.5	28.5	30.5	24.5	26.5
1416	6	20.5	19.5	18.5	17.5	14.5	12.5	15.5	14.5	12.5	11.5
1417	6	18.5	18.5	17.5	18.5	12.5	13.5	15.5	16.5	12.5	11.5
1429	6	18.5	20.5	18.5	16.5	12.5	13.5	16.5	14.5	12.5	11.5
1430	6	19.5	18.5	16.5	16.5	12.5	14.5	16.5	15.5	11.5	12.5
1435	6	18.5	19.5	17.5	17.5	14.5	14.5	16.5	14.5	12.5	11.5
1448	6	18.5	20.5	18.5	18.5	14.5	13.5	14.5	14.5	12.5	10.5
1508	6	20.5	20.5	16.5	18.5	14.5	13.5	15.5	15.5	12.5	10.5
1572	6	19.5	20.5	17.5	17.5	14.5	12.5	14.5	16.5	10.5	12.5
1598	6	39.5	38.5	36.5	38.5	34.5	32.5	34.5	34.5	32.5	30.5
1602	6	19.5	18.5	17.5	17.5	13.5	13.5	15.5	16.5	12.5	12.5
1604	6	18.5	18.5	18.5	18.5	14.5	13.5	16.5	16.5	12.5	12.5
1622	6	18.5	19.5	17.5	17.5	12.5	12.5	14.5	15.5	10.5	10.5
1625	6	18.5	18.5	16.5	17.5	13.5	12.5	14.5	14.5	12.5	10.5
1628	6	20.5	19.5	16.5	16.5	12.5	12.5	14.5	15.5	10.5	12.5
1630	6	20.5	18.5	18.5	16.5	12.5	14.5	15.5	16.5	11.5	11.5
1645	6	19.5	19.5	17.5	18.5	14.5	13.5	15.5	16.5	11.5	10.5
1686	6	20.5	19.5	18.5	17.5	14.5	14.5	16.5	16.5	12.5	12.5
1717	6	18.5	20.5	18.5	16.5	12.5	13.5	16.5	14.5	10.5	10.5
1719	6	20.5	20.5	18.5	17.5	12.5	13.5	15.5	16.5	11.5	10.5
1732	6	19.5	19.5	16.5	18.5	13.5	13.5	16.5	16.5	10.5	12.5
1741	6	20.5	18.5	18.5	16.5	12.5	14.5	16.5	14.5	12.5	11.5
1766	6	18.5	18.5	16.5	18.5	12.5	14.5	16.5	14.5	10.5	11.5
1800	6	19.5	20.5	16.5	18.5	13.5	12.5	16.5	14.5	10.5	10.5
12	7	21	19	17	19	14	13	16	17	12	12
34	7	19	19	19	17	15	14	16	16	12	11
35	7	19	19	18	19	15	14	15	16	13	12
42	7	39	40	38	37	33	35	36	35	33	33
46	7	21	21	19	18	14	14	17	16	11	11
69	7	19	19	19	17	14	14	16	17	12	11
83	7	26	27	23	23	21	20	21	23	19	17
85	7	17	19	17	15	12	13	14	14	11	9
100	7	19	19	17	17	14	14	17	17	13	12
112	7	20	20	19	17	15	14	15	16	12	11
117	7	19	20	17	18	15	13	16	15	13	12
181	7	20	21	17	17	14	14	16	16	13	11
192	7	19	21	17	19	15	15	15	16	11	11
194	7	20	19	19	17	14	15	16	15	12	13
235	7	20	19	19	17	14	15	16	15	12	13
237	7	19	19	17	19	13	13	16	16	12	12
296	7	19	20	18	19	15	14	16	15	12	13
297	7	21	20	19	18	13	13	16	15	12	13
303	7	19	19	18	19	13	13	16	16	12	13
316	7	19	21	19	19	14	15	16	16	13	11
322	7	20	19	19	18	14	15	16	16	12	13
370	7	21	20	18	19	13	14	16	16	13	11
383	7	19	21	19	18	13	15	17	15	12	13
422	7	31	31	27	29	23	25	25	25	22	22
448	7	20	20	19	17	14	13	15	16	13	11
459	7	19	20	18	17	14	15	15	17	13	13
464	7	21	21	17	18	14	15	16	15	12	12
474	7	19	21	19	19	14	15	17	15	11	11
484	7	21	19	19	17	14	13	17	17	12	13
496	7	20	19	17	17	15	13	16	15	12	12
503	7	21	19	17	19	13	15	15	15	11	13
510	7	20	21	17	18	13	15	17	17	11	12
522	7	19	20	19	19	15	14	16	16	12	13
527	7	20	20	18	19	14	15	16	15	11	11
545	7	19	19	18	17	15	15	15	17	13	12
593	7	19	21	19	19	15	15	16	17	13	12
613	7	20	21	17	19	13	14	15	15	12	11
615	7	20	19	18	18	15	14	17	16	11	13
616	7	20	21	19	18	15	14	15	17	11	12
617	7	19	20	18	17	14	13	17	16	13	12
636	7	26	26	25	25	20	20	22	23	18	18
654	7	19	19	18	17	15	14	15	16	13	13
666	7	21	21	19	17	13	13	15	15	11	13
670	7	20	21	19	19	14	15	15	15	13	11
717	7	21	19	19	18	13	14	17	17	13	13
723	7	19	20	18	19	15	15	16	15	11	12
763	7	20	20	18	18	14	13	16	17	13	13
768	7	21	20	17	18	14	15	15	15	13	12
782	7	21	21	19	18	13	15	16	16	13	11
785	7	20	19	19	18	14	14	17	15	11	11
801	7	20	19	19	17	14	14	15	15	12	13
813	7	19	21	19	17	13	14	15	16	11	13
833	7	20	20	18	19	14	13	15	15	13	13
846	7	19	20	19	17	13	15	17	16	11	13
880	7	19	21	18	19	15	13	15	16	13	13
908	7	20	21	19	18	14	15	17	15	11	12
922	7	21	20	18	17	13	13	17	16	13	13
970	7	19	20	17	17	15	13	15	16	12	12
992	7	19	20	19	17	13	15	17	16	11	11
993	7	20	20	19	17	13	13	16	16	12	11
1001	7	19	21	19	19	13	14	16	15	12	13
1011	7	21	21	19	18	15	13	17	17	12	12
1045	7	21	19	18	19	13	14	17	16	11	11
1048	7	20	19	19	19	15	14	17	15	13	12
1050	7	20	19	18	19	15	15	17	15	13	13
1054	7	21	21	18	19	14	15	15	15	12	12
1055	7	20	21	19	19	14	15	15	17	12	13
1057	7	20	21	18	19	14	14	16	16	12	13
1087	7	19	20	19	17	15	13	15	17	12	13
1150	7	21	19	17	17	14	13	17	17	13	12
1160	7	19	19	18	18	15	14	16	15	13	11
1161	7	20	21	17	19	14	13	15	17	12	11
1163	7	20	20	18	17	13	15	17	17	12	12
1170	7	30	29	28	29	24	24	25	25	22	23
1173	7	19	19	19	19	14	13	16	17	11	11
1178	7	20	21	18	18	13	15	15	16	12	12
1181	7	21	19	17	17	14	14	17	17	11	11
1212	7	21	20	17	19	15	13	15	16	11	13
1250	7	20	19	19	17	13	13	15	16	11	13
1258	7	20	20	19	19	14	15	16	17	13	11
1289	7	21	20	19	19	13	15	17	17	11	13
1300	7	19	20	17	19	15	15	17	17	12	11
1387	7	20	19	17	19	14	14	17	17	11	13
1389	7	20	21	18	19	15	15	17	16	12	11
1394	7	33	34	31	33	27	28	29	31	25	27
1416	7	21	20	19	18	15	13	16	15	13	12
1417	7	19	19	18	19	13	14	16	17	13	12
1429	7	19	21	19	17	13	14	17	15	13	12
1430	7	20	19	17	17	13	15	17	16	12	13
1435	7	19	20	18	18	15	15	17	15	13	12
1448	7	19	21	19	19	15	14	15	15	13	11
1508	7	21	21	17	19	15	14	16	16	13	11
1572	7	20	21	18	18	15	13	15	17	11	13
1598	7	40	39	37	39	35	33	35	35	33	31
1602	7	20	19	18	18	14	14	16	17	13	13
1604	7	19	19	19	19	15	14	17	17	13	13
1622	7	19	20	18	18	13	13	15	16	11	11
1625	7	19	19	17	18	14	13	15	15	13	11
1628	7	21	20	17	17	13	13	15	16	11	13
1630	7	21	19	19	17	13	15	16	17	12	12
1645	7	20	20	18	19	15	14	16	17	12	11
1686	7	21	20	19	18	15	15	17	17	13	13
1717	7	19	21	19	17	13	14	17	15	11	11
1719	7	21	21	19	18	13	14	16	17	12	11
1732	7	20	20	17	19	14	14	17	17	11	13
1741	7	21	19	19	17	13	15	17	15	13	12
1766	7	19	19	17	19	13	15	17	15	11	12
1800	7	20	21	17	19	14	13	17	15	11	11
12	8	21.5	19.5	17.5	19.5	14.5	13.5	16.5	17.5	12.5	12.5
34	8	19.5	19.5	19.5	17.5	15.5	14.5	16.5	16.5	12.5	11.5
35	8	19.5	19.5	18.5	19.5	15.5	14.5	15.5	16.5	13.5	12.5
42	8	39.5	40.5	38.5	37.5	33.5	35.5	36.5	35.5	33.5	33.5
46	8	21.5	21.5	19.5	18.5	14.5	14.5	17.5	16.5	11.5	11.5
69	8	19.5	19.5	19.5	17.5	14.5	14.5	16.5	17.5	12.5	11.5
83	8	26.5	27.5	23.5	23.5	21.5	20.5	21.5	23.5	19.5	17.5
85	8	17.5	19.5	17.5	15.5	12.5	13.5	14.5	14.5	11.5	9.5
100	8	19.5	19.5	17.5	17.5	14.5	14.5	17.5	17.5	13.5	12.5
112	8	20.5	20.5	19.5	17.5	15.5	14.5	15.5	16.5	12.5	11.5
117	8	19.5	20.5	17.5	18.5	15.5	13.5	16.5	15.5	13.5	12.5
181	8	20.5	21.5	17.5	17.5	14.5	14.5	16.5	16.5	13.5	11.5
192	8	19.5	21.5	17.5	19.5	15.5	15.5	15.5	16.5	11.5	11.5
194	8	20.5	19.5	19.5	17.5	14.5	15.5	16.5	15.5	12.5	13.5
235	8	20.5	19.5	19.5	17.5	14.5	15.5	16.5	15.5	12.5	13.5
237	8	19.5	19.5	17.5	19.5	13.5	13.5	16.5	16.5	12.5	12.5
296	8	19.5	20.5	18.5	19.5	15.5	14.5	16.5	15.5	12.5	13.5
297	8	21.5	20.5	19.5	18.5	13.5	13.5	16.5	15.5	12.5	13.5
303	8	19.5	19.5	18.5	19.5	13.5	13.5	16.5	16.5	12.5	13.5
316	8	19.5	21.5	19.5	19.5	14.5	15.5	16.5	16.5	13.5	11.5
322	8	20.5	19.5	19.5	18.5	14.5	15.5	16.5	16.5	12.5	13.5
370	8	21.5	20.5	18.5	19.5	13.5	14.5	16.5	16.5	13.5	11.5
383	8	19.5	21.5	19.5	18.5	13.5	15.5	17.5	15.5	12.5	13.5
422	8	31.5	31.5	27.5	29.5	23.5	25.5	25.5	25.5	22.5	22.5
448	8	20.5	20.5	19.5	17.5	14.5	13.5	15.5	16.5	13.5	11.5
459	8	19.5	20.5	18.5	17.5	14.5	15.5	15.5	17.5	13.5	13.5
464	8	21.5	21.5	17.5	18.5	14.5	15.5	16.5	15.5	12.5	12.5
474	8	19.5	21.5	19.5	19.5	14.5	15.5	17.5	15.5	11.5	11.5
484	8	21.5	19.5	19.5	17.5	14.5	13.5	17.5	17.5	12.5	13.5
496	8	20.5	19.5	17.5	17.5	15.5	13.5	16.5	15.5	12.5	12.5
503	8	21.5	19.5	17.5	19.5	13.5	15.5	15.5	15.5	11.5	13.5
510	8	20.5	21.5	17.5	18.5	13.5	15.5	17.5	17.5	11.5	12.5
522	8	19.5	20.5	19.5	19.5	15.5	14.5	16.5	16.5	12.5	13.5
527	8	20.5	20.5	18.5	19.5	14.5	15.5	16.5	15.5	11.5	11.5
545	8	19.5	19.5	18.5	17.5	15.5	15.5	15.5	17.5	13.5	12.5
593	8	19.5	21.5	19.5	19.5	15.5	15.5	16.5	17.5	13.5	12.5
613	8	20.5	21.5	17.5	19.5	13.5	14.5	15.5	15.5	12.5	11.5
615	8	20.5	19.5	18.5	18.5	15.5	14.5	17.5	16.5	11.5	13.5
616	8	20.5	21.5	19.5	18.5	15.5	14.5	15.5	17.5	11.5	12.5
617	8	19.5	20.5	18.5	17.5	14.5	13.5	17.5	16.5	13.5	12.5
636	8	26.5	26.5	25.5	25.5	20.5	20.5	22.5	23.5	18.5	18.5
654	8	19.5	19.5	18.5	17.5	15.5	14.5	15.5	16.5	13.5	13.5
666	8	21.5	21.5	19.5	17.5	13.5	13.5	15.5	15.5	11.5	13.5
670	8	20.5	21.5	19.5	19.5	14.5	15.5	15.5	15.5	13.5	11.5
717	8	21.5	19.5	19.5	18.5	13.5	14.5	17.5	17.5	13.5	13.5
723	8	19.5	20.5	18.5	19.5	15.5	15.5	16.5	15.5	11.5	12.5
763	8	20.5	20.5	18.5	18.5	14.5	13.5	16.5	17.5	13.5	13.5
768	8	21.5	20.5	17.5	18.5	14.5	15.5	15.5	15.5	13.5	12.5
782	8	21.5	21.5	19.5	18.5	13.5	15.5	16.5	16.5	13.5	11.5
785	8	20.5	19.5	19.5	18.5	14.5	14.5	17.5	15.5	11.5	11.5
801	8	20.5	19.5	19.5	17.5	14.5	14.5	15.5	15.5	12.5	13.5
813	8	19.5	21.5	19.5	17.5	13.5	14.5	15.5	16.5	11.5	13.5
833	8	20.5	20.5	18.5	19.5	14.5	13.5	15.5	15.5	13.5	13.5
846	8	19.5	20.5	19.5	17.5	13.5	15.5	17.5	16.5	11.5	13.5
880	8	19.5	21.5	18.5	19.5	15.5	13.5	15.5	16.5	13.5	13.5
908	8	20.5	21.5	19.5	18.5	14.5	15.5	17.5	15.5	11.5	12.5
922	8	21.5	20.5	18.5	17.5	13.5	13.5	17.5	16.5	13.5	13.5
970	8	19.5	20.5	17.5	17.5	15.5	13.5	15.5	16.5	12.5	12.5
992	8	19.5	20.5	19.5	17.5	13.5	15.5	17.5	16.5	11.5	11.5
993	8	20.5	20.5	19.5	17.5	13.5	13.5	16.5	16.5	12.5	11.5
1001	8	19.5	21.5	19.5	19.5	13.5	14.5	16.5	15.5	12.5	13.5
1011	8	21.5	21.5	19.5	18.5	15.5	13.5	17.5	17.5	12.5	12.5
1045	8	21.5	19.5	18.5	19.5	13.5	14.5	17.5	16.5	11.5	11.5
1048	8	20.5	19.5	19.5	19.5	15.5	14.5	17.5	15.5	13.5	12.5
1050	8	20.5	19.5	18.5	19.5	15.5	15.5	17.5	15.5	13.5	13.5
1054	8	21.5	21.5	18.5	19.5	14.5	15.5	15.5	15.5	12.5	12.5
1055	8	20.5	21.5	19.5	19.5	14.5	15.5	15.5	17.5	12.5	13.5
1057	8	20.5	21.5	18.5	19.5	14.5	14.5	16.5	16.5	12.5	13.5
1087	8	19.5	20.5	19.5	17.5	15.5	13.5	15.5	17.5	12.5	13.5
1150	8	21.5	19.5	17.5	17.5	14.5	13.5	17.5	17.5	13.5	12.5
1160	8	19.5	19.5	18.5	18.5	15.5	14.5	16.5	15.5	13.5	11.5
1161	8	20.5	21.5	17.5	19.5	14.5	13.5	15.5	17.5	12.5	11.5
1163	8	20.5	20.5	18.5	17.5	13.5	15.5	17.5	17.5	12.5	12.5
1170	8	30.5	29.5	28.5	29.5	24.5	24.5	25.5	25.5	22.5	23.5
1173	8	19.5	19.5	19.5	19.5	14.5	13.5	16.5	17.5	11.5	11.5
1178	8	20.5	21.5	18.5	18.5	13.5	15.5	15.5	16.5	12.5	12.5
1181	8	21.5	19.5	17.5	17.5	14.5	14.5	17.5	17.5	11.5	11.5
1212	8	21.5	20.5	17.5	19.5	15.5	13.5	15.5	16.5	11.5	13.5
1250	8	20.5	19.5	19.5	17.5	13.5	13.5	15.5	16.5	11.5	13.5
1258	8	20.5	20.5	19.5	19.5	14.5	15.5	16.5	17.5	13.5	11.5
1289	8	21.5	20.5	19.5	19.5	13.5	15.5	17.5	17.5	11.5	13.5
1300	8	19.5	20.5	17.5	19.5	15.5	15.5	17.5	17.5	12.5	11.5
1387	8	20.5	19.5	17.5	19.5	14.5	14.5	17.5	17.5	11.5	13.5
1389	8	20.5	21.5	18.5	19.5	15.5	15.5	17.5	16.5	12.5	11.5
1394	8	33.5	34.5	31.5	33.5	27.5	28.5	29.5	31.5	25.5	27.5
1416	8	21.5	20.5	19.5	18.5	15.5	13.5	16.5	15.5	13.5	12.5
1417	8	19.5	19.5	18.5	19.5	13.5	14.5	16.5	17.5	13.5	12.5
1429	8	19.5	21.5	19.5	17.5	13.5	14.5	17.5	15.5	13.5	12.5
1430	8	20.5	19.5	17.5	17.5	13.5	15.5	17.5	16.5	12.5	13.5
1435	8	19.5	20.5	18.5	18.5	15.5	15.5	17.5	15.5	13.5	12.5
1448	8	19.5	21.5	19.5	19.5	15.5	14.5	15.5	15.5	13.5	11.5
1508	8	21.5	21.5	17.5	19.5	15.5	14.5	16.5	16.5	13.5	11.5
1572	8	20.5	21.5	18.5	18.5	15.5	13.5	15.5	17.5	11.5	13.5
1598	8	40.5	39.5	37.5	39.5	35.5	33.5	35.5	35.5	33.5	31.5
1602	8	20.5	19.5	18.5	18.5	14.5	14.5	16.5	17.5	13.5	13.5
1604	8	19.5	19.5	19.5	19.5	15.5	14.5	17.5	17.5	13.5	13.5
1622	8	19.5	20.5	18.5	18.5	13.5	13.5	15.5	16.5	11.5	11.5
1625	8	19.5	19.5	17.5	18.5	14.5	13.5	15.5	15.5	13.5	11.5
1628	8	21.5	20.5	17.5	17.5	13.5	13.5	15.5	16.5	11.5	13.5
1630	8	21.5	19.5	19.5	17.5	13.5	15.5	16.5	17.5	12.5	12.5
1645	8	20.5	20.5	18.5	19.5	15.5	14.5	16.5	17.5	12.5	11.5
1686	8	21.5	20.5	19.5	18.5	15.5	15.5	17.5	17.5	13.5	13.5
1717	8	19.5	21.5	19.5	17.5	13.5	14.5	17.5	15.5	11.5	11.5
1719	8	21.5	21.5	19.5	18.5	13.5	14.5	16.5	17.5	12.5	11.5
1732	8	20.5	20.5	17.5	19.5	14.5	14.5	17.5	17.5	11.5	13.5
1741	8	21.5	19.5	19.5	17.5	13.5	15.5	17.5	15.5	13.5	12.5
1766	8	19.5	19.5	17.5	19.5	13.5	15.5	17.5	15.5	11.5	12.5
1800	8	20.5	21.5	17.5	19.5	14.5	13.5	17.5	15.5	11.5	11.5
0	1	0	0	0	0	0	0	0	0	0	0
0	2	0	0	0	0	0	0	0	0	0	0
0	3	0	0	0	0	0	0	0	0	0	0
0	4	0	0	0	0	0	0	0	0	0	0
0	5	0	0	0	0	0	0	0	0	0	0
0	6	0	0	0	0	0	0	0	0	0	0
0	7	0	0	0	0	0	0	0	0	0	0
0	8	0	0	0	0	0	0	0	0	0	0
1838	1	0	0	0	0	0	0	0	0	0	0
1838	2	0	0	0	0	0	0	0	0	0	0
1838	3	0	0	0	0	0	0	0	0	0	0
1838	4	0	0	0	0	0	0	0	0	0	0
1838	5	0	0	0	0	0	0	0	0	0	0
1838	6	0	0	0	0	0	0	0	0	0	0
1838	7	0	0	0	0	0	0	0	0	0	0
1838	8	0	0	0	0	0	0	0	0	0	0
