N	D	1	2	3	4	5	6	7	8	9	10
37	1	13	15	12	11	7	8	9	11	6	6
38	1	15	15	15	13	11	11	11	12	8	7
51	1	14	14	13	11	8	7	11	9	7	6
56	1	15	15	13	14	9	10	12	11	8	7
72	1	15	14	11	11	8	8	11	9	5	5
73	1	17	17	13	15	11	10	12	13	8	9
76	1	17	17	13	15	11	11	11	13	8	7
96	1	15	17	14	15	9	11	11	11	8	9
103	1	15	13	13	11	9	7	10	9	5	7
123	1	16	15	14	14	9	10	12	12	7	9
133	1	15	17	15	13	9	9	11	13	7	8
137	1	16	17	14	15	10	9	11	11	9	7
143	1	17	17	13	14	9	9	12	11	8	7
148	1	17	15	13	15	9	10	13	11	7	8
165	1	16	17	14	14	10	10	12	13	9	9
171	1	15	16	15	13	9	11	11	12	9	8
172	1	15	16	14	13	9	9	12	12	9	7
175	1	13	14	11	12	9	7	11	10	7	5
178	1	15	16	14	15	10	11	12	11	7	7
187	1	14	14	13	13	8	7	10	11	7	5
225	1	17	16	15	13	9	9	12	11	9	7
233	1	17	17	14	15	11	9	11	11	8	8
252	1	19	18	17	16	12	12	15	14	11	11
254	1	15	15	14	13	9	10	13	12	9	8
259	1	15	15	15	14	10	9	12	13	7	8
267	1	14	13	12	11	9	7	11	11	7	5
270	1	15	17	15	14	9	10	12	11	8	9
271	1	22	24	22	22	17	18	19	19	16	15
273	1	20	21	19	19	15	16	18	16	13	14
285	1	29	30	27	28	23	25	27	27	21	21
287	1	22	22	21	20	18	17	19	19	15	16
292	1	17	16	14	15	11	9	12	12	7	7
297	1	16	15	15	13	10	11	13	13	9	9
303	1	17	16	15	13	11	11	12	12	8	7
306	1	15	17	15	15	9	9	12	11	8	8
315	1	15	16	14	15	9	10	12	13	8	9
327	1	16	16	14	15	9	9	12	13	7	8
336	1	16	15	13	14	10	10	12	12	8	9
341	1	16	15	15	13	9	10	12	12	9	9
345	1	13	13	13	12	7	9	9	9	5	6
372	1	36	37	35	36	32	30	33	33	30	28
374	1	17	17	13	15	11	11	11	13	8	9
375	1	15	17	14	14	10	9	12	11	8	7
378	1	15	15	15	13	10	10	11	13	7	8
393	1	17	15	15	15	9	9	12	11	9	8
395	1	17	15	14	13	11	10	13	12	7	9
402	1	15	16	15	15	9	11	12	11	8	7
407	1	16	17	15	14	10	11	11	12	9	9
424	1	24	22	21	21	16	18	20	20	16	15
428	1	16	15	14	13	9	11	11	12	8	8
440	1	16	15	15	13	11	10	13	12	9	8
441	1	16	17	14	13	10	11	11	11	8	7
453	1	15	16	13	15	10	9	12	11	9	8
456	1	15	15	15	13	11	11	12	13	9	9
463	1	15	15	15	13	11	11	12	13	9	9
469	1	16	16	14	13	10	11	13	13	9	7
472	1	15	15	13	15	10	11	12	12	7	7
490	1	16	15	13	14	11	10	12	12	8	7
492	1	15	15	14	13	11	9	13	13	8	7
509	1	15	16	13	13	9	11	11	12	8	7
517	1	17	17	13	15	10	11	11	13	9	8
538	1	15	15	13	14	10	9	12	13	8	7
542	1	15	17	13	14	11	9	12	11	8	7
550	1	15	15	14	15	10	11	13	13	8	7
560	1	16	17	15	14	9	11	11	11	9	9
563	1	17	15	15	15	10	9	12	13	9	8
583	1	16	16	14	14	11	9	11	11	8	8
584	1	15	15	13	14	11	11	12	13	7	9
600	1	15	15	14	13	11	10	13	12	9	8
601	1	16	16	14	13	11	9	12	12	7	8
631	1	15	17	15	15	9	9	11	13	8	9
645	1	16	15	14	13	11	10	12	12	9	8
664	1	17	15	14	15	11	11	11	11	7	7
677	1	16	15	14	13	10	10	11	13	7	8
681	1	16	17	14	13	11	9	13	13	7	7
684	1	15	14	12	12	9	8	9	11	5	6
689	1	17	16	15	14	11	10	11	13	7	7
694	1	16	17	15	14	9	10	12	12	7	8
695	1	17	15	14	14	10	11	13	11	9	9
699	1	17	15	14	15	10	10	13	11	9	9
714	1	16	15	14	14	9	9	12	13	8	9
731	1	13	14	12	11	9	9	10	11	5	6
732	1	18	20	16	17	13	12	16	15	11	11
751	1	16	17	13	15	10	9	12	13	8	9
755	1	17	17	14	15	9	11	12	12	7	9
772	1	17	15	14	13	10	9	13	13	8	7
789	1	15	17	14	13	10	10	11	11	8	8
806	1	16	17	14	13	9	9	13	11	8	7
810	1	15	16	14	13	10	10	13	13	9	9
830	1	17	16	13	13	11	9	11	12	9	7
843	1	15	15	14	14	10	9	13	13	8	8
847	1	15	16	13	15	9	9	13	12	9	7
850	1	17	16	13	15	11	9	13	13	7	7
854	1	15	17	13	15	9	9	12	11	7	9
871	1	15	17	13	15	11	11	11	11	7	8
873	1	15	15	15	15	10	9	13	12	8	7
887	1	15	15	13	14	10	9	11	11	7	8
895	1	16	17	15	13	11	9	13	11	9	9
907	1	16	15	14	14	11	9	13	12	9	8
911	1	17	17	14	15	9	11	11	13	8	9
923	1	15	16	13	14	10	9	11	11	7	8
928	1	16	15	13	15	10	11	12	12	8	7
938	1	17	15	15	13	10	10	13	11	7	8
952	1	16	15	15	13	10	11	12	12	7	7
971	1	16	17	15	14	9	9	12	12	8	7
972	1	17	17	14	14	11	10	13	11	7	9
978	1	16	16	13	13	9	10	11	11	8	7
981	1	15	15	14	14	10	11	12	12	7	8
982	1	15	15	14	13	11	10	11	11	9	7
993	1	22	22	20	22	16	16	18	18	15	16
998	1	17	17	13	13	10	9	13	13	7	7
1007	1	17	15	14	14	10	9	12	12	7	9
1008	1	17	17	13	14	10	11	11	11	9	7
1009	1	17	17	13	13	9	11	11	13	7	8
1017	1	16	15	14	15	11	9	11	12	9	9
1021	1	16	16	14	13	11	11	13	12	7	9
1030	1	16	15	14	15	9	11	13	13	9	8
1039	1	23	24	20	22	18	18	19	18	14	14
1080	1	15	15	13	14	10	10	11	11	9	8
1085	1	15	16	13	15	9	10	13	11	7	7
1104	1	17	15	15	15	9	9	12	13	7	9
1110	1	15	17	13	15	9	10	12	13	7	9
1119	1	15	17	15	14	11	9	12	11	7	8
1134	1	17	15	14	15	9	10	11	12	8	8
1137	1	17	17	13	13	11	9	11	13	7	9
1139	1	22	22	21	21	16	18	20	18	14	16
1149	1	16	16	14	15	9	10	13	13	7	7
1152	1	15	15	15	15	9	10	11	13	8	7
1167	1	15	15	15	13	9	11	11	11	7	9
1170	1	17	17	14	15	9	11	12	11	9	8
1183	1	16	15	13	13	9	10	12	13	9	8
1195	1	15	16	15	13	11	10	12	11	9	8
1199	1	22	24	20	22	17	16	18	19	16	15
1202	1	17	17	15	15	10	11	13	12	8	8
1210	1	16	17	15	13	11	11	11	13	7	8
1217	1	15	16	14	13	9	11	12	13	9	8
1235	1	15	16	13	15	11	11	12	12	9	7
1239	1	15	15	14	15	10	11	12	11	9	8
1256	1	17	17	14	14	9	9	11	13	7	7
1271	1	15	16	14	13	10	11	13	12	7	9
1279	1	15	17	15	14	10	10	13	11	9	9
1291	1	17	17	15	15	10	10	11	11	7	8
1294	1	15	15	15	13	9	10	13	12	8	7
1301	1	17	15	15	13	11	10	11	11	9	7
1303	1	22	22	21	22	16	18	19	20	14	15
1312	1	15	17	14	13	9	9	12	12	8	8
1319	1	15	15	14	13	11	9	12	12	9	9
1321	1	16	16	13	13	10	11	13	12	9	7
1326	1	16	16	13	13	11	10	11	13	7	7
1335	1	17	17	13	13	11	10	13	12	9	9
1340	1	16	17	14	13	10	9	11	12	8	7
1351	1	16	16	15	14	9	11	12	11	9	8
1352	1	15	15	15	13	9	9	12	12	8	9
1356	1	17	17	14	14	11	11	13	11	8	7
1379	1	17	15	15	14	11	11	12	11	9	9
1383	1	22	23	20	21	18	17	20	20	14	14
1387	1	15	17	14	13	11	9	11	13	9	8
1392	1	15	16	13	15	11	9	12	11	9	8
1396	1	17	16	15	14	9	11	12	13	7	7
1401	1	16	16	13	15	11	11	11	13	9	8
1410	1	16	17	14	15	9	11	12	11	7	7
1426	1	16	17	13	13	10	9	12	13	9	9
1434	1	31	29	28	28	24	25	27	27	21	21
1437	1	15	15	13	14	9	11	13	11	7	8
1441	1	16	16	14	15	11	9	11	13	7	9
1447	1	16	16	14	14	11	11	12	13	9	7
1449	1	17	16	15	14	9	9	12	12	9	9
1451	1	17	16	15	14	9	11	12	12	7	9
1482	1	15	17	13	14	10	11	11	13	8	8
1503	1	23	24	20	21	16	17	19	19	16	14
1504	1	17	16	13	15	10	10	11	12	8	9
1516	1	16	17	13	14	11	11	13	12	9	7
1536	1	15	16	13	13	11	11	13	11	9	7
1554	1	15	16	15	13	11	10	12	13	9	8
1560	1	15	16	15	13	11	11	13	11	9	7
1571	1	16	17	14	15	9	9	11	11	9	9
1573	1	24	23	20	22	17	16	19	20	16	16
1593	1	16	17	14	14	10	10	11	11	8	7
1598	1	24	23	21	20	17	17	18	20	14	15
1603	1	17	16	15	14	10	9	12	13	8	7
1606	1	36	36	35	36	32	32	32	32	29	29
1621	1	23	22	20	20	17	16	20	20	15	15
1624	1	16	16	15	13	11	9	13	13	8	9
1629	1	15	17	15	13	9	11	13	11	9	9
1636	1	15	16	14	13	10	10	13	13	7	9
1649	1	15	15	13	13	11	10	13	13	7	7
1654	1	15	16	13	14	11	11	13	12	9	8
1664	1	15	15	13	15	9	10	13	13	7	7
1670	1	17	17	15	14	11	10	12	11	7	9
1676	1	16	16	13	13	9	10	12	11	8	8
1693	1	16	16	13	13	9	11	13	13	8	7
1699	1	16	17	13	14	9	9	13	11	8	8
1700	1	17	15	13	14	10	10	11	12	9	8
1701	1	15	17	13	15	9	11	13	13	7	9
1704	1	17	15	13	13	10	11	11	13	7	7
1707	1	16	16	15	14	9	10	11	12	8	9
1713	1	17	15	14	14	9	11	12	11	9	8
1722	1	15	15	13	13	9	11	11	12	8	7
1727	1	15	16	14	15	10	10	13	12	7	8
1758	1	37	37	34	35	32	32	33	33	28	28
1759	1	16	15	13	15	9	10	13	13	8	8
1762	1	17	15	13	13	10	9	13	12	9	7
1771	1	16	16	15	13	11	10	11	13	9	8
1782	1	15	17	13	14	11	9	13	11	7	8
1788	1	16	17	13	15	11	11	12	13	7	9
1790	1	17	17	14	13	9	10	13	12	8	7
1791	1	23	23	20	21	17	17	20	19	15	14
1797	1	17	17	15	14	11	10	11	11	8	7
1805	1	16	17	15	14	9	10	13	12	8	9
1808	1	15	15	15	13	10	11	12	13	8	8
1809	1	17	17	13	13	10	10	12	11	8	7
1823	1	17	16	14	14	9	10	12	12	7	9
1824	1	16	15	13	13	11	9	11	11	8	8
1825	1	17	16	13	14	9	11	12	11	7	9
1837	1	15	17	14	13	11	9	12	13	9	7
37	2	13.5	15.5	12.5	11.5	7.5	8.5	9.5	11.5	6.5	6.5
38	2	15.5	15.5	15.5	13.5	11.5	11.5	11.5	12.5	8.5	7.5
51	2	14.5	14.5	13.5	11.5	8.5	7.5	11.5	9.5	7.5	6.5
56	2	15.5	15.5	13.5	14.5	9.5	10.5	12.5	11.5	8.5	7.5
72	2	15.5	14.5	11.5	11.5	8.5	8.5	11.5	9.5	5.5	5.5
73	2	17.5	17.5	13.5	15.5	11.5	10.5	12.5	13.5	8.5	9.5
76	2	17.5	17.5	13.5	15.5	11.5	11.5	11.5	13.5	8.5	7.5
96	2	15.5	17.5	14.5	15.5	9.5	11.5	11.5	11.5	8.5	9.5
103	2	15.5	13.5	13.5	11.5	9.5	7.5	10.5	9.5	5.5	7.5
123	2	16.5	15.5	14.5	14.5	9.5	10.5	12.5	12.5	7.5	9.5
133	2	15.5	17.5	15.5	13.5	9.5	9.5	11.5	13.5	7.5	8.5
137	2	16.5	17.5	14.5	15.5	10.5	9.5	11.5	11.5	9.5	7.5
143	2	17.5	17.5	13.5	14.5	9.5	9.5	12.5	11.5	8.5	7.5
148	2	17.5	15.5	13.5	15.5	9.5	10.5	13.5	11.5	7.5	8.5
165	2	16.5	17.5	14.5	14.5	10.5	10.5	12.5	13.5	9.5	9.5
171	2	15.5	16.5	15.5	13.5	9.5	11.5	11.5	12.5	9.5	8.5
172	2	15.5	16.5	14.5	13.5	9.5	9.5	12.5	12.5	9.5	7.5
175	2	13.5	14.5	11.5	12.5	9.5	7.5	11.5	10.5	7.5	5.5
178	2	15.5	16.5	14.5	15.5	10.5	11.5	12.5	11.5	7.5	7.5
187	2	14.5	14.5	13.5	13.5	8.5	7.5	10.5	11.5	7.5	5.5
225	2	17.5	16.5	15.5	13.5	9.5	9.5	12.5	11.5	9.5	7.5
233	2	17.5	17.5	14.5	15.5	11.5	9.5	11.5	11.5	8.5	8.5
252	2	19.5	18.5	17.5	16.5	12.5	12.5	15.5	14.5	11.5	11.5
254	2	15.5	15.5	14.5	13.5	9.5	10.5	13.5	12.5	9.5	8.5
259	2	15.5	15.5	15.5	14.5	10.5	9.5	12.5	13.5	7.5	8.5
267	2	14.5	13.5	12.5	11.5	9.5	7.5	11.5	11.5	7.5	5.5
270	2	15.5	17.5	15.5	14.5	9.5	10.5	12.5	11.5	8.5	9.5
271	2	22.5	24.5	22.5	22.5	17.5	18.5	19.5	19.5	16.5	15.5
273	2	20.5	21.5	19.5	19.5	15.5	16.5	18.5	16.5	13.5	14.5
285	2	29.5	30.5	27.5	28.5	23.5	25.5	27.5	27.5	21.5	21.5
287	2	22.5	22.5	21.5	20.5	18.5	17.5	19.5	19.5	15.5	16.5
292	2	17.5	16.5	14.5	15.5	11.5	9.5	12.5	12.5	7.5	7.5
297	2	16.5	15.5	15.5	13.5	10.5	11.5	13.5	13.5	9.5	9.5
303	2	17.5	16.5	15.5	13.5	11.5	11.5	12.5	12.5	8.5	7.5
306	2	15.5	17.5	15.5	15.5	9.5	9.5	12.5	11.5	8.5	8.5
315	2	15.5	16.5	14.5	15.5	9.5	10.5	12.5	13.5	8.5	9.5
327	2	16.5	16.5	14.5	15.5	9.5	9.5	12.5	13.5	7.5	8.5
336	2	16.5	15.5	13.5	14.5	10.5	10.5	12.5	12.5	8.5	9.5
341	2	16.5	15.5	15.5	13.5	9.5	10.5	12.5	12.5	9.5	9.5
345	2	13.5	13.5	13.5	12.5	7.5	9.5	9.5	9.5	5.5	6.5
372	2	36.5	37.5	35.5	36.5	32.5	30.5	33.5	33.5	30.5	28.5
374	2	17.5	17.5	13.5	15.5	11.5	11.5	11.5	13.5	8.5	9.5
375	2	15.5	17.5	14.5	14.5	10.5	9.5	12.5	11.5	8.5	7.5
378	2	15.5	15.5	15.5	13.5	10.5	10.5	11.5	13.5	7.5	8.5
393	2	17.5	15.5	15.5	15.5	9.5	9.5	12.5	11.5	9.5	8.5
395	2	17.5	15.5	14.5	13.5	11.5	10.5	13.5	12.5	7.5	9.5
402	2	15.5	16.5	15.5	15.5	9.5	11.5	12.5	11.5	8.5	7.5
407	2	16.5	17.5	15.5	14.5	10.5	11.5	11.5	12.5	9.5	9.5
424	2	24.5	22.5	21.5	21.5	16.5	18.5	20.5	20.5	16.5	15.5
428	2	16.5	15.5	14.5	13.5	9.5	11.5	11.5	12.5	8.5	8.5
440	2	16.5	15.5	15.5	13.5	11.5	10.5	13.5	12.5	9.5	8.5
441	2	16.5	17.5	14.5	13.5	10.5	11.5	11.5	11.5	8.5	7.5
453	2	15.5	16.5	13.5	15.5	10.5	9.5	12.5	11.5	9.5	8.5
456	2	15.5	15.5	15.5	13.5	11.5	11.5	12.5	13.5	9.5	9.5
463	2	15.5	15.5	15.5	13.5	11.5	11.5	12.5	13.5	9.5	9.5
469	2	16.5	16.5	14.5	13.5	10.5	11.5	13.5	13.5	9.5	7.5
472	2	15.5	15.5	13.5	15.5	10.5	11.5	12.5	12.5	7.5	7.5
490	2	16.5	15.5	13.5	14.5	11.5	10.5	12.5	12.5	8.5	7.5
492	2	15.5	15.5	14.5	13.5	11.5	9.5	13.5	13.5	8.5	7.5
509	2	15.5	16.5	13.5	13.5	9.5	11.5	11.5	12.5	8.5	7.5
517	2	17.5	17.5	13.5	15.5	10.5	11.5	11.5	13.5	9.5	8.5
538	2	15.5	15.5	13.5	14.5	10.5	9.5	12.5	13.5	8.5	7.5
542	2	15.5	17.5	13.5	14.5	11.5	9.5	12.5	11.5	8.5	7.5
550	2	15.5	15.5	14.5	15.5	10.5	11.5	13.5	13.5	8.5	7.5
560	2	16.5	17.5	15.5	14.5	9.5	11.5	11.5	11.5	9.5	9.5
563	2	17.5	15.5	15.5	15.5	10.5	9.5	12.5	13.5	9.5	8.5
583	2	16.5	16.5	14.5	14.5	11.5	9.5	11.5	11.5	8.5	8.5
584	2	15.5	15.5	13.5	14.5	11.5	11.5	12.5	13.5	7.5	9.5
600	2	15.5	15.5	14.5	13.5	11.5	10.5	13.5	12.5	9.5	8.5
601	2	16.5	16.5	14.5	13.5	11.5	9.5	12.5	12.5	7.5	8.5
631	2	15.5	17.5	15.5	15.5	9.5	9.5	11.5	13.5	8.5	9.5
645	2	16.5	15.5	14.5	13.5	11.5	10.5	12.5	12.5	9.5	8.5
664	2	17.5	15.5	14.5	15.5	11.5	11.5	11.5	11.5	7.5	7.5
677	2	16.5	15.5	14.5	13.5	10.5	10.5	11.5	13.5	7.5	8.5
681	2	16.5	17.5	14.5	13.5	11.5	9.5	13.5	13.5	7.5	7.5
684	2	15.5	14.5	12.5	12.5	9.5	8.5	9.5	11.5	5.5	6.5
689	2	17.5	16.5	15.5	14.5	11.5	10.5	11.5	13.5	7.5	7.5
694	2	16.5	17.5	15.5	14.5	9.5	10.5	12.5	12.5	7.5	8.5
695	2	17.5	15.5	14.5	14.5	10.5	11.5	13.5	11.5	9.5	9.5
699	2	17.5	15.5	14.5	15.5	10.5	10.5	13.5	11.5	9.5	9.5
714	2	16.5	15.5	14.5	14.5	9.5	9.5	12.5	13.5	8.5	9.5
731	2	13.5	14.5	12.5	11.5	9.5	9.5	10.5	11.5	5.5	6.5
732	2	18.5	20.5	16.5	17.5	13.5	12.5	16.5	15.5	11.5	11.5
751	2	16.5	17.5	13.5	15.5	10.5	9.5	12.5	13.5	8.5	9.5
755	2	17.5	17.5	14.5	15.5	9.5	11.5	12.5	12.5	7.5	9.5
772	2	17.5	15.5	14.5	13.5	10.5	9.5	13.5	13.5	8.5	7.5
789	2	15.5	17.5	14.5	13.5	10.5	10.5	11.5	11.5	8.5	8.5
806	2	16.5	17.5	14.5	13.5	9.5	9.5	13.5	11.5	8.5	7.5
810	2	15.5	16.5	14.5	13.5	10.5	10.5	13.5	13.5	9.5	9.5
830	2	17.5	16.5	13.5	13.5	11.5	9.5	11.5	12.5	9.5	7.5
843	2	15.5	15.5	14.5	14.5	10.5	9.5	13.5	13.5	8.5	8.5
847	2	15.5	16.5	13.5	15.5	9.5	9.5	13.5	12.5	9.5	7.5
850	2	17.5	16.5	13.5	15.5	11.5	9.5	13.5	13.5	7.5	7.5
854	2	15.5	17.5	13.5	15.5	9.5	9.5	12.5	11.5	7.5	9.5
871	2	15.5	17.5	13.5	15.5	11.5	11.5	11.5	11.5	7.5	8.5
873	2	15.5	15.5	15.5	15.5	10.5	9.5	13.5	12.5	8.5	7.5
887	2	15.5	15.5	13.5	14.5	10.5	9.5	11.5	11.5	7.5	8.5
895	2	16.5	17.5	15.5	13.5	11.5	9.5	13.5	11.5	9.5	9.5
907	2	16.5	15.5	14.5	14.5	11.5	9.5	13.5	12.5	9.5	8.5
911	2	17.5	17.5	14.5	15.5	9.5	11.5	11.5	13.5	8.5	9.5
923	2	15.5	16.5	13.5	14.5	10.5	9.5	11.5	11.5	7.5	8.5
928	2	16.5	15.5	13.5	15.5	10.5	11.5	12.5	12.5	8.5	7.5
938	2	17.5	15.5	15.5	13.5	10.5	10.5	13.5	11.5	7.5	8.5
952	2	16.5	15.5	15.5	13.5	10.5	11.5	12.5	12.5	7.5	7.5
971	2	16.5	17.5	15.5	14.5	9.5	9.5	12.5	12.5	8.5	7.5
972	2	17.5	17.5	14.5	14.5	11.5	10.5	13.5	11.5	7.5	9.5
978	2	16.5	16.5	13.5	13.5	9.5	10.5	11.5	11.5	8.5	7.5
981	2	15.5	15.5	14.5	14.5	10.5	11.5	12.5	12.5	7.5	8.5
982	2	15.5	15.5	14.5	13.5	11.5	10.5	11.5	11.5	9.5	7.5
993	2	22.5	22.5	20.5	22.5	16.5	16.5	18.5	18.5	15.5	16.5
998	2	17.5	17.5	13.5	13.5	10.5	9.5	13.5	13.5	7.5	7.5
1007	2	17.5	15.5	14.5	14.5	10.5	9.5	12.5	12.5	7.5	9.5
1008	2	17.5	17.5	13.5	14.5	10.5	11.5	11.5	11.5	9.5	7.5
1009	2	17.5	17.5	13.5	13.5	9.5	11.5	11.5	13.5	7.5	8.5
1017	2	16.5	15.5	14.5	15.5	11.5	9.5	11.5	12.5	9.5	9.5
1021	2	16.5	16.5	14.5	13.5	11.5	11.5	13.5	12.5	7.5	9.5
1030	2	16.5	15.5	14.5	15.5	9.5	11.5	13.5	13.5	9.5	8.5
1039	2	23.5	24.5	20.5	22.5	18.5	18.5	19.5	18.5	14.5	14.5
1080	2	15.5	15.5	13.5	14.5	10.5	10.5	11.5	11.5	9.5	8.5
1085	2	15.5	16.5	13.5	15.5	9.5	10.5	13.5	11.5	7.5	7.5
1104	2	17.5	15.5	15.5	15.5	9.5	9.5	12.5	13.5	7.5	9.5
1110	2	15.5	17.5	13.5	15.5	9.5	10.5	12.5	13.5	7.5	9.5
1119	2	15.5	17.5	15.5	14.5	11.5	9.5	12.5	11.5	7.5	8.5
1134	2	17.5	15.5	14.5	15.5	9.5	10.5	11.5	12.5	8.5	8.5
1137	2	17.5	17.5	13.5	13.5	11.5	9.5	11.5	13.5	7.5	9.5
1139	2	22.5	22.5	21.5	21.5	16.5	18.5	20.5	18.5	14.5	16.5
1149	2	16.5	16.5	14.5	15.5	9.5	10.5	13.5	13.5	7.5	7.5
1152	2	15.5	15.5	15.5	15.5	9.5	10.5	11.5	13.5	8.5	7.5
1167	2	15.5	15.5	15.5	13.5	9.5	11.5	11.5	11.5	7.5	9.5
1170	2	17.5	17.5	14.5	15.5	9.5	11.5	12.5	11.5	9.5	8.5
1183	2	16.5	15.5	13.5	13.5	9.5	10.5	12.5	13.5	9.5	8.5
1195	2	15.5	16.5	15.5	13.5	11.5	10.5	12.5	11.5	9.5	8.5
1199	2	22.5	24.5	20.5	22.5	17.5	16.5	18.5	19.5	16.5	15.5
1202	2	17.5	17.5	15.5	15.5	10.5	11.5	13.5	12.5	8.5	8.5
1210	2	16.5	17.5	15.5	13.5	11.5	11.5	11.5	13.5	7.5	8.5
1217	2	15.5	16.5	14.5	13.5	9.5	11.5	12.5	13.5	9.5	8.5
1235	2	15.5	16.5	13.5	15.5	11.5	11.5	12.5	12.5	9.5	7.5
1239	2	15.5	15.5	14.5	15.5	10.5	11.5	12.5	11.5	9.5	8.5
1256	2	17.5	17.5	14.5	14.5	9.5	9.5	11.5	13.5	7.5	7.5
1271	2	15.5	16.5	14.5	13.5	10.5	11.5	13.5	12.5	7.5	9.5
1279	2	15.5	17.5	15.5	14.5	10.5	10.5	13.5	11.5	9.5	9.5
1291	2	17.5	17.5	15.5	15.5	10.5	10.5	11.5	11.5	7.5	8.5
1294	2	15.5	15.5	15.5	13.5	9.5	10.5	13.5	12.5	8.5	7.5
1301	2	17.5	15.5	15.5	13.5	11.5	10.5	11.5	11.5	9.5	7.5
1303	2	22.5	22.5	21.5	22.5	16.5	18.5	19.5	20.5	14.5	15.5
1312	2	15.5	17.5	14.5	13.5	9.5	9.5	12.5	12.5	8.5	8.5
1319	2	15.5	15.5	14.5	13.5	11.5	9.5	12.5	12.5	9.5	9.5
1321	2	16.5	16.5	13.5	13.5	10.5	11.5	13.5	12.5	9.5	7.5
1326	2	16.5	16.5	13.5	13.5	11.5	10.5	11.5	13.5	7.5	7.5
1335	2	17.5	17.5	13.5	13.5	11.5	10.5	13.5	12.5	9.5	9.5
1340	2	16.5	17.5	14.5	13.5	10.5	9.5	11.5	12.5	8.5	7.5
1351	2	16.5	16.5	15.5	14.5	9.5	11.5	12.5	11.5	9.5	8.5
1352	2	15.5	15.5	15.5	13.5	9.5	9.5	12.5	12.5	8.5	9.5
1356	2	17.5	17.5	14.5	14.5	11.5	11.5	13.5	11.5	8.5	7.5
1379	2	17.5	15.5	15.5	14.5	11.5	11.5	12.5	11.5	9.5	9.5
1383	2	22.5	23.5	20.5	21.5	18.5	17.5	20.5	20.5	14.5	14.5
1387	2	15.5	17.5	14.5	13.5	11.5	9.5	11.5	13.5	9.5	8.5
1392	2	15.5	16.5	13.5	15.5	11.5	9.5	12.5	11.5	9.5	8.5
1396	2	17.5	16.5	15.5	14.5	9.5	11.5	12.5	13.5	7.5	7.5
1401	2	16.5	16.5	13.5	15.5	11.5	11.5	11.5	13.5	9.5	8.5
1410	2	16.5	17.5	14.5	15.5	9.5	11.5	12.5	11.5	7.5	7.5
1426	2	16.5	17.5	13.5	13.5	10.5	9.5	12.5	13.5	9.5	9.5
1434	2	31.5	29.5	28.5	28.5	24.5	25.5	27.5	27.5	21.5	21.5
1437	2	15.5	15.5	13.5	14.5	9.5	11.5	13.5	11.5	7.5	8.5
1441	2	16.5	16.5	14.5	15.5	11.5	9.5	11.5	13.5	7.5	9.5
1447	2	16.5	16.5	14.5	14.5	11.5	11.5	12.5	13.5	9.5	7.5
1449	2	17.5	16.5	15.5	14.5	9.5	9.5	12.5	12.5	9.5	9.5
1451	2	17.5	16.5	15.5	14.5	9.5	11.5	12.5	12.5	7.5	9.5
1482	2	15.5	17.5	13.5	14.5	10.5	11.5	11.5	13.5	8.5	8.5
1503	2	23.5	24.5	20.5	21.5	16.5	17.5	19.5	19.5	16.5	14.5
1504	2	17.5	16.5	13.5	15.5	10.5	10.5	11.5	12.5	8.5	9.5
1516	2	16.5	17.5	13.5	14.5	11.5	11.5	13.5	12.5	9.5	7.5
1536	2	15.5	16.5	13.5	13.5	11.5	11.5	13.5	11.5	9.5	7.5
1554	2	15.5	16.5	15.5	13.5	11.5	10.5	12.5	13.5	9.5	8.5
1560	2	15.5	16.5	15.5	13.5	11.5	11.5	13.5	11.5	9.5	7.5
1571	2	16.5	17.5	14.5	15.5	9.5	9.5	11.5	11.5	9.5	9.5
1573	2	24.5	23.5	20.5	22.5	17.5	16.5	19.5	20.5	16.5	16.5
1593	2	16.5	17.5	14.5	14.5	10.5	10.5	11.5	11.5	8.5	7.5
1598	2	24.5	23.5	21.5	20.5	17.5	17.5	18.5	20.5	14.5	15.5
1603	2	17.5	16.5	15.5	14.5	10.5	9.5	12.5	13.5	8.5	7.5
1606	2	36.5	36.5	35.5	36.5	32.5	32.5	32.5	32.5	29.5	29.5
1621	2	23.5	22.5	20.5	20.5	17.5	16.5	20.5	20.5	15.5	15.5
1624	2	16.5	16.5	15.5	13.5	11.5	9.5	13.5	13.5	8.5	9.5
1629	2	15.5	17.5	15.5	13.5	9.5	11.5	13.5	11.5	9.5	9.5
1636	2	15.5	16.5	14.5	13.5	10.5	10.5	13.5	13.5	7.5	9.5
1649	2	15.5	15.5	13.5	13.5	11.5	10.5	13.5	13.5	7.5	7.5
1654	2	15.5	16.5	13.5	14.5	11.5	11.5	13.5	12.5	9.5	8.5
1664	2	15.5	15.5	13.5	15.5	9.5	10.5	13.5	13.5	7.5	7.5
1670	2	17.5	17.5	15.5	14.5	11.5	10.5	12.5	11.5	7.5	9.5
1676	2	16.5	16.5	13.5	13.5	9.5	10.5	12.5	11.5	8.5	8.5
1693	2	16.5	16.5	13.5	13.5	9.5	11.5	13.5	13.5	8.5	7.5
1699	2	16.5	17.5	13.5	14.5	9.5	9.5	13.5	11.5	8.5	8.5
1700	2	17.5	15.5	13.5	14.5	10.5	10.5	11.5	12.5	9.5	8.5
1701	2	15.5	17.5	13.5	15.5	9.5	11.5	13.5	13.5	7.5	9.5
1704	2	17.5	15.5	13.5	13.5	10.5	11.5	11.5	13.5	7.5	7.5
1707	2	16.5	16.5	15.5	14.5	9.5	10.5	11.5	12.5	8.5	9.5
1713	2	17.5	15.5	14.5	14.5	9.5	11.5	12.5	11.5	9.5	8.5
1722	2	15.5	15.5	13.5	13.5	9.5	11.5	11.5	12.5	8.5	7.5
1727	2	15.5	16.5	14.5	15.5	10.5	10.5	13.5	12.5	7.5	8.5
1758	2	37.5	37.5	34.5	35.5	32.5	32.5	33.5	33.5	28.5	28.5
1759	2	16.5	15.5	13.5	15.5	9.5	10.5	13.5	13.5	8.5	8.5
1762	2	17.5	15.5	13.5	13.5	10.5	9.5	13.5	12.5	9.5	7.5
1771	2	16.5	16.5	15.5	13.5	11.5	10.5	11.5	13.5	9.5	8.5
1782	2	15.5	17.5	13.5	14.5	11.5	9.5	13.5	11.5	7.5	8.5
1788	2	16.5	17.5	13.5	15.5	11.5	11.5	12.5	13.5	7.5	9.5
1790	2	17.5	17.5	14.5	13.5	9.5	10.5	13.5	12.5	8.5	7.5
1791	2	23.5	23.5	20.5	21.5	17.5	17.5	20.5	19.5	15.5	14.5
1797	2	17.5	17.5	15.5	14.5	11.5	10.5	11.5	11.5	8.5	7.5
1805	2	16.5	17.5	15.5	14.5	9.5	10.5	13.5	12.5	8.5	9.5
1808	2	15.5	15.5	15.5	13.5	10.5	11.5	12.5	13.5	8.5	8.5
1809	2	17.5	17.5	13.5	13.5	10.5	10.5	12.5	11.5	8.5	7.5
1823	2	17.5	16.5	14.5	14.5	9.5	10.5	12.5	12.5	7.5	9.5
1824	2	16.5	15.5	13.5	13.5	11.5	9.5	11.5	11.5	8.5	8.5
1825	2	17.5	16.5	13.5	14.5	9.5	11.5	12.5	11.5	7.5	9.5
1837	2	15.5	17.5	14.5	13.5	11.5	9.5	12.5	13.5	9.5	7.5
37	3	14	16	13	12	8	9	10	12	7	7
38	3	16	16	16	14	12	12	12	13	9	8
51	3	15	15	14	12	9	8	12	10	8	7
56	3	16	16	14	15	10	11	13	12	9	8
72	3	16	15	12	12	9	9	12	10	6	6
73	3	18	18	14	16	12	11	13	14	9	10
76	3	18	18	14	16	12	12	12	14	9	8
96	3	16	18	15	16	10	12	12	12	9	10
103	3	16	14	14	12	10	8	11	10	6	8
123	3	17	16	15	15	10	11	13	13	8	10
133	3	16	18	16	14	10	10	12	14	8	9
137	3	17	18	15	16	11	10	12	12	10	8
143	3	18	18	14	15	10	10	13	12	9	8
148	3	18	16	14	16	10	11	14	12	8	9
165	3	17	18	15	15	11	11	13	14	10	10
171	3	16	17	16	14	10	12	12	13	10	9
172	3	16	17	15	14	10	10	13	13	10	8
175	3	14	15	12	13	10	8	12	11	8	6
178	3	16	17	15	16	11	12	13	12	8	8
187	3	15	15	14	14	9	8	11	12	8	6
225	3	18	17	16	14	10	10	13	12	10	8
233	3	18	18	15	16	12	10	12	12	9	9
252	3	20	19	18	17	13	13	16	15	12	12
254	3	16	16	15	14	10	11	14	13	10	9
259	3	16	16	16	15	11	10	13	14	8	9
267	3	15	14	13	12	10	8	12	12	8	6
270	3	16	18	16	15	10	11	13	12	9	10
271	3	23	25	23	23	18	19	20	20	17	16
273	3	21	22	20	20	16	17	19	17	14	15
285	3	30	31	28	29	24	26	28	28	22	22
287	3	23	23	22	21	19	18	20	20	16	17
292	3	18	17	15	16	12	10	13	13	8	8
297	3	17	16	16	14	11	12	14	14	10	10
303	3	18	17	16	14	12	12	13	13	9	8
306	3	16	18	16	16	10	10	13	12	9	9
315	3	16	17	15	16	10	11	13	14	9	10
327	3	17	17	15	16	10	10	13	14	8	9
336	3	17	16	14	15	11	11	13	13	9	10
341	3	17	16	16	14	10	11	13	13	10	10
345	3	14	14	14	13	8	10	10	10	6	7
372	3	37	38	36	37	33	31	34	34	31	29
374	3	18	18	14	16	12	12	12	14	9	10
375	3	16	18	15	15	11	10	13	12	9	8
378	3	16	16	16	14	11	11	12	14	8	9
393	3	18	16	16	16	10	10	13	12	10	9
395	3	18	16	15	14	12	11	14	13	8	10
402	3	16	17	16	16	10	12	13	12	9	8
407	3	17	18	16	15	11	12	12	13	10	10
424	3	25	23	22	22	17	19	21	21	17	16
428	3	17	16	15	14	10	12	12	13	9	9
440	3	17	16	16	14	12	11	14	13	10	9
441	3	17	18	15	14	11	12	12	12	9	8
453	3	16	17	14	16	11	10	13	12	10	9
456	3	16	16	16	14	12	12	13	14	10	10
463	3	16	16	16	14	12	12	13	14	10	10
469	3	17	17	15	14	11	12	14	14	10	8
472	3	16	16	14	16	11	12	13	13	8	8
490	3	17	16	14	15	12	11	13	13	9	8
492	3	16	16	15	14	12	10	14	14	9	8
509	3	16	17	14	14	10	12	12	13	9	8
517	3	18	18	14	16	11	12	12	14	10	9
538	3	16	16	14	15	11	10	13	14	9	8
542	3	16	18	14	15	12	10	13	12	9	8
550	3	16	16	15	16	11	12	14	14	9	8
560	3	17	18	16	15	10	12	12	12	10	10
563	3	18	16	16	16	11	10	13	14	10	9
583	3	17	17	15	15	12	10	12	12	9	9
584	3	16	16	14	15	12	12	13	14	8	10
600	3	16	16	15	14	12	11	14	13	10	9
601	3	17	17	15	14	12	10	13	13	8	9
631	3	16	18	16	16	10	10	12	14	9	10
645	3	17	16	15	14	12	11	13	13	10	9
664	3	18	16	15	16	12	12	12	12	8	8
677	3	17	16	15	14	11	11	12	14	8	9
681	3	17	18	15	14	12	10	14	14	8	8
684	3	16	15	13	13	10	9	10	12	6	7
689	3	18	17	16	15	12	11	12	14	8	8
694	3	17	18	16	15	10	11	13	13	8	9
695	3	18	16	15	15	11	12	14	12	10	10
699	3	18	16	15	16	11	11	14	12	10	10
714	3	17	16	15	15	10	10	13	14	9	10
731	3	14	15	13	12	10	10	11	12	6	7
732	3	19	21	17	18	14	13	17	16	12	12
751	3	17	18	14	16	11	10	13	14	9	10
755	3	18	18	15	16	10	12	13	13	8	10
772	3	18	16	15	14	11	10	14	14	9	8
789	3	16	18	15	14	11	11	12	12	9	9
806	3	17	18	15	14	10	10	14	12	9	8
810	3	16	17	15	14	11	11	14	14	10	10
830	3	18	17	14	14	12	10	12	13	10	8
843	3	16	16	15	15	11	10	14	14	9	9
847	3	16	17	14	16	10	10	14	13	10	8
850	3	18	17	14	16	12	10	14	14	8	8
854	3	16	18	14	16	10	10	13	12	8	10
871	3	16	18	14	16	12	12	12	12	8	9
873	3	16	16	16	16	11	10	14	13	9	8
887	3	16	16	14	15	11	10	12	12	8	9
895	3	17	18	16	14	12	10	14	12	10	10
907	3	17	16	15	15	12	10	14	13	10	9
911	3	18	18	15	16	10	12	12	14	9	10
923	3	16	17	14	15	11	10	12	12	8	9
928	3	17	16	14	16	11	12	13	13	9	8
938	3	18	16	16	14	11	11	14	12	8	9
952	3	17	16	16	14	11	12	13	13	8	8
971	3	17	18	16	15	10	10	13	13	9	8
972	3	18	18	15	15	12	11	14	12	8	10
978	3	17	17	14	14	10	11	12	12	9	8
981	3	16	16	15	15	11	12	13	13	8	9
982	3	16	16	15	14	12	11	12	12	10	8
993	3	23	23	21	23	17	17	19	19	16	17
998	3	18	18	14	14	11	10	14	14	8	8
1007	3	18	16	15	15	11	10	13	13	8	10
1008	3	18	18	14	15	11	12	12	12	10	8
1009	3	18	18	14	14	10	12	12	14	8	9
1017	3	17	16	15	16	12	10	12	13	10	10
1021	3	17	17	15	14	12	12	14	13	8	10
1030	3	17	16	15	16	10	12	14	14	10	9
1039	3	24	25	21	23	19	19	20	19	15	15
1080	3	16	16	14	15	11	11	12	12	10	9
1085	3	16	17	14	16	10	11	14	12	8	8
1104	3	18	16	16	16	10	10	13	14	8	10
1110	3	16	18	14	16	10	11	13	14	8	10
1119	3	16	18	16	15	12	10	13	12	8	9
1134	3	18	16	15	16	10	11	12	13	9	9
1137	3	18	18	14	14	12	10	12	14	8	10
1139	3	23	23	22	22	17	19	21	19	15	17
1149	3	17	17	15	16	10	11	14	14	8	8
1152	3	16	16	16	16	10	11	12	14	9	8
1167	3	16	16	16	14	10	12	12	12	8	10
1170	3	18	18	15	16	10	12	13	12	10	9
1183	3	17	16	14	14	10	11	13	14	10	9
1195	3	16	17	16	14	12	11	13	12	10	9
1199	3	23	25	21	23	18	17	19	20	17	16
1202	3	18	18	16	16	11	12	14	13	9	9
1210	3	17	18	16	14	12	12	12	14	8	9
1217	3	16	17	15	14	10	12	13	14	10	9
1235	3	16	17	14	16	12	12	13	13	10	8
1239	3	16	16	15	16	11	12	13	12	10	9
1256	3	18	18	15	15	10	10	12	14	8	8
1271	3	16	17	15	14	11	12	14	13	8	10
1279	3	16	18	16	15	11	11	14	12	10	10
1291	3	18	18	16	16	11	11	12	12	8	9
1294	3	16	16	16	14	10	11	14	13	9	8
1301	3	18	16	16	14	12	11	12	12	10	8
1303	3	23	23	22	23	17	19	20	21	15	16
1312	3	16	18	15	14	10	10	13	13	9	9
1319	3	16	16	15	14	12	10	13	13	10	10
1321	3	17	17	14	14	11	12	14	13	10	8
1326	3	17	17	14	14	12	11	12	14	8	8
1335	3	18	18	14	14	12	11	14	13	10	10
1340	3	17	18	15	14	11	10	12	13	9	8
1351	3	17	17	16	15	10	12	13	12	10	9
1352	3	16	16	16	14	10	10	13	13	9	10
1356	3	18	18	15	15	12	12	14	12	9	8
1379	3	18	16	16	15	12	12	13	12	10	10
1383	3	23	24	21	22	19	18	21	21	15	15
1387	3	16	18	15	14	12	10	12	14	10	9
1392	3	16	17	14	16	12	10	13	12	10	9
1396	3	18	17	16	15	10	12	13	14	8	8
1401	3	17	17	14	16	12	12	12	14	10	9
1410	3	17	18	15	16	10	12	13	12	8	8
1426	3	17	18	14	14	11	10	13	14	10	10
1434	3	32	30	29	29	25	26	28	28	22	22
1437	3	16	16	14	15	10	12	14	12	8	9
1441	3	17	17	15	16	12	10	12	14	8	10
1447	3	17	17	15	15	12	12	13	14	10	8
1449	3	18	17	16	15	10	10	13	13	10	10
1451	3	18	17	16	15	10	12	13	13	8	10
1482	3	16	18	14	15	11	12	12	14	9	9
1503	3	24	25	21	22	17	18	20	20	17	15
1504	3	18	17	14	16	11	11	12	13	9	10
1516	3	17	18	14	15	12	12	14	13	10	8
1536	3	16	17	14	14	12	12	14	12	10	8
1554	3	16	17	16	14	12	11	13	14	10	9
1560	3	16	17	16	14	12	12	14	12	10	8
1571	3	17	18	15	16	10	10	12	12	10	10
1573	3	25	24	21	23	18	17	20	21	17	17
1593	3	17	18	15	15	11	11	12	12	9	8
1598	3	25	24	22	21	18	18	19	21	15	16
1603	3	18	17	16	15	11	10	13	14	9	8
1606	3	37	37	36	37	33	33	33	33	30	30
1621	3	24	23	21	21	18	17	21	21	16	16
1624	3	17	17	16	14	12	10	14	14	9	10
1629	3	16	18	16	14	10	12	14	12	10	10
1636	3	16	17	15	14	11	11	14	14	8	10
1649	3	16	16	14	14	12	11	14	14	8	8
1654	3	16	17	14	15	12	12	14	13	10	9
1664	3	16	16	14	16	10	11	14	14	8	8
1670	3	18	18	16	15	12	11	13	12	8	10
1676	3	17	17	14	14	10	11	13	12	9	9
1693	3	17	17	14	14	10	12	14	14	9	8
1699	3	17	18	14	15	10	10	14	12	9	9
1700	3	18	16	14	15	11	11	12	13	10	9
1701	3	16	18	14	16	10	12	14	14	8	10
1704	3	18	16	14	14	11	12	12	14	8	8
1707	3	17	17	16	15	10	11	12	13	9	10
1713	3	18	16	15	15	10	12	13	12	10	9
1722	3	16	16	14	14	10	12	12	13	9	8
1727	3	16	17	15	16	11	11	14	13	8	9
1758	3	38	38	35	36	33	33	34	34	29	29
1759	3	17	16	14	16	10	11	14	14	9	9
1762	3	18	16	14	14	11	10	14	13	10	8
1771	3	17	17	16	14	12	11	12	14	10	9
1782	3	16	18	14	15	12	10	14	12	8	9
1788	3	17	18	14	16	12	12	13	14	8	10
1790	3	18	18	15	14	10	11	14	13	9	8
1791	3	24	24	21	22	18	18	21	20	16	15
1797	3	18	18	16	15	12	11	12	12	9	8
1805	3	17	18	16	15	10	11	14	13	9	10
1808	3	16	16	16	14	11	12	13	14	9	9
1809	3	18	18	14	14	11	11	13	12	9	8
1823	3	18	17	15	15	10	11	13	13	8	10
1824	3	17	16	14	14	12	10	12	12	9	9
1825	3	18	17	14	15	10	12	13	12	8	10
1837	3	16	18	15	14	12	10	13	14	10	8
37	4	14.5	16.5	13.5	12.5	8.5	9.5	10.5	12.5	7.5	7.5
38	4	16.5	16.5	16.5	14.5	12.5	12.5	12.5	13.5	9.5	8.5
51	4	15.5	15.5	14.5	12.5	9.5	8.5	12.5	10.5	8.5	7.5
56	4	16.5	16.5	14.5	15.5	10.5	11.5	13.5	12.5	9.5	8.5
72	4	16.5	15.5	12.5	12.5	9.5	9.5	12.5	10.5	6.5	6.5
73	4	18.5	18.5	14.5	16.5	12.5	11.5	13.5	14.5	9.5	10.5
76	4	18.5	18.5	14.5	16.5	12.5	12.5	12.5	14.5	9.5	8.5
96	4	16.5	18.5	15.5	16.5	10.5	12.5	12.5	12.5	9.5	10.5
103	4	16.5	14.5	14.5	12.5	10.5	8.5	11.5	10.5	6.5	8.5
123	4	17.5	16.5	15.5	15.5	10.5	11.5	13.5	13.5	8.5	10.5
133	4	16.5	18.5	16.5	14.5	10.5	10.5	12.5	14.5	8.5	9.5
137	4	17.5	18.5	15.5	16.5	11.5	10.5	12.5	12.5	10.5	8.5
143	4	18.5	18.5	14.5	15.5	10.5	10.5	13.5	12.5	9.5	8.5
148	4	18.5	16.5	14.5	16.5	10.5	11.5	14.5	12.5	8.5	9.5
165	4	17.5	18.5	15.5	15.5	11.5	11.5	13.5	14.5	10.5	10.5
171	4	16.5	17.5	16.5	14.5	10.5	12.5	12.5	13.5	10.5	9.5
172	4	16.5	17.5	15.5	14.5	10.5	10.5	13.5	13.5	10.5	8.5
175	4	14.5	15.5	12.5	13.5	10.5	8.5	12.5	11.5	8.5	6.5
178	4	16.5	17.5	15.5	16.5	11.5	12.5	13.5	12.5	8.5	8.5
187	4	15.5	15.5	14.5	14.5	9.5	8.5	11.5	12.5	8.5	6.5
225	4	18.5	17.5	16.5	14.5	10.5	10.5	13.5	12.5	10.5	8.5
233	4	18.5	18.5	15.5	16.5	12.5	10.5	12.5	12.5	9.5	9.5
252	4	20.5	19.5	18.5	17.5	13.5	13.5	16.5	15.5	12.5	12.5
254	4	16.5	16.5	15.5	14.5	10.5	11.5	14.5	13.5	10.5	9.5
259	4	16.5	16.5	16.5	15.5	11.5	10.5	13.5	14.5	8.5	9.5
267	4	15.5	14.5	13.5	12.5	10.5	8.5	12.5	12.5	8.5	6.5
270	4	16.5	18.5	16.5	15.5	10.5	11.5	13.5	12.5	9.5	10.5
271	4	23.5	25.5	23.5	23.5	18.5	19.5	20.5	20.5	17.5	16.5
273	4	21.5	22.5	20.5	20.5	16.5	17.5	19.5	17.5	14.5	15.5
285	4	30.5	31.5	28.5	29.5	24.5	26.5	28.5	28.5	22.5	22.5
287	4	23.5	23.5	22.5	21.5	19.5	18.5	20.5	20.5	16.5	17.5
292	4	18.5	17.5	15.5	16.5	12.5	10.5	13.5	13.5	8.5	8.5
297	4	17.5	16.5	16.5	14.5	11.5	12.5	14.5	14.5	10.5	10.5
303	4	18.5	17.5	16.5	14.5	12.5	12.5	13.5	13.5	9.5	8.5
306	4	16.5	18.5	16.5	16.5	10.5	10.5	13.5	12.5	9.5	9.5
315	4	16.5	17.5	15.5	16.5	10.5	11.5	13.5	14.5	9.5	10.5
327	4	17.5	17.5	15.5	16.5	10.5	10.5	13.5	14.5	8.5	9.5
336	4	17.5	16.5	14.5	15.5	11.5	11.5	13.5	13.5	9.5	10.5
341	4	17.5	16.5	16.5	14.5	10.5	11.5	13.5	13.5	10.5	10.5
345	4	14.5	14.5	14.5	13.5	8.5	10.5	10.5	10.5	6.5	7.5
372	4	37.5	38.5	36.5	37.5	33.5	31.5	34.5	34.5	31.5	29.5
374	4	18.5	18.5	14.5	16.5	12.5	12.5	12.5	14.5	9.5	10.5
375	4	16.5	18.5	15.5	15.5	11.5	10.5	13.5	12.5	9.5	8.5
378	4	16.5	16.5	16.5	14.5	11.5	11.5	12.5	14.5	8.5	9.5
393	4	18.5	16.5	16.5	16.5	10.5	10.5	13.5	12.5	10.5	9.5
395	4	18.5	16.5	15.5	14.5	12.5	11.5	14.5	13.5	8.5	10.5
402	4	16.5	17.5	16.5	16.5	10.5	12.5	13.5	12.5	9.5	8.5
407	4	17.5	18.5	16.5	15.5	11.5	12.5	12.5	13.5	10.5	10.5
424	4	25.5	23.5	22.5	22.5	17.5	19.5	21.5	21.5	17.5	16.5
428	4	17.5	16.5	15.5	14.5	10.5	12.5	12.5	13.5	9.5	9.5
440	4	17.5	16.5	16.5	14.5	12.5	11.5	14.5	13.5	10.5	9.5
441	4	17.5	18.5	15.5	14.5	11.5	12.5	12.5	12.5	9.5	8.5
453	4	16.5	17.5	14.5	16.5	11.5	10.5	13.5	12.5	10.5	9.5
456	4	16.5	16.5	16.5	14.5	12.5	12.5	13.5	14.5	10.5	10.5
463	4	16.5	16.5	16.5	14.5	12.5	12.5	13.5	14.5	10.5	10.5
469	4	17.5	17.5	15.5	14.5	11.5	12.5	14.5	14.5	10.5	8.5
472	4	16.5	16.5	14.5	16.5	11.5	12.5	13.5	13.5	8.5	8.5
490	4	17.5	16.5	14.5	15.5	12.5	11.5	13.5	13.5	9.5	8.5
492	4	16.5	16.5	15.5	14.5	12.5	10.5	14.5	14.5	9.5	8.5
509	4	16.5	17.5	14.5	14.5	10.5	12.5	12.5	13.5	9.5	8.5
517	4	18.5	18.5	14.5	16.5	11.5	12.5	12.5	14.5	10.5	9.5
538	4	16.5	16.5	14.5	15.5	11.5	10.5	13.5	14.5	9.5	8.5
542	4	16.5	18.5	14.5	15.5	12.5	10.5	13.5	12.5	9.5	8.5
550	4	16.5	16.5	15.5	16.5	11.5	12.5	14.5	14.5	9.5	8.5
560	4	17.5	18.5	16.5	15.5	10.5	12.5	12.5	12.5	10.5	10.5
563	4	18.5	16.5	16.5	16.5	11.5	10.5	13.5	14.5	10.5	9.5
583	4	17.5	17.5	15.5	15.5	12.5	10.5	12.5	12.5	9.5	9.5
584	4	16.5	16.5	14.5	15.5	12.5	12.5	13.5	14.5	8.5	10.5
600	4	16.5	16.5	15.5	14.5	12.5	11.5	14.5	13.5	10.5	9.5
601	4	17.5	17.5	15.5	14.5	12.5	10.5	13.5	13.5	8.5	9.5
631	4	16.5	18.5	16.5	16.5	10.5	10.5	12.5	14.5	9.5	10.5
645	4	17.5	16.5	15.5	14.5	12.5	11.5	13.5	13.5	10.5	9.5
664	4	18.5	16.5	15.5	16.5	12.5	12.5	12.5	12.5	8.5	8.5
677	4	17.5	16.5	15.5	14.5	11.5	11.5	12.5	14.5	8.5	9.5
681	4	17.5	18.5	15.5	14.5	12.5	10.5	14.5	14.5	8.5	8.5
684	4	16.5	15.5	13.5	13.5	10.5	9.5	10.5	12.5	6.5	7.5
689	4	18.5	17.5	16.5	15.5	12.5	11.5	12.5	14.5	8.5	8.5
694	4	17.5	18.5	16.5	15.5	10.5	11.5	13.5	13.5	8.5	9.5
695	4	18.5	16.5	15.5	15.5	11.5	12.5	14.5	12.5	10.5	10.5
699	4	18.5	16.5	15.5	16.5	11.5	11.5	14.5	12.5	10.5	10.5
714	4	17.5	16.5	15.5	15.5	10.5	10.5	13.5	14.5	9.5	10.5
731	4	14.5	15.5	13.5	12.5	10.5	10.5	11.5	12.5	6.5	7.5
732	4	19.5	21.5	17.5	18.5	14.5	13.5	17.5	16.5	12.5	12.5
751	4	17.5	18.5	14.5	16.5	11.5	10.5	13.5	14.5	9.5	10.5
755	4	18.5	18.5	15.5	16.5	10.5	12.5	13.5	13.5	8.5	10.5
772	4	18.5	16.5	15.5	14.5	11.5	10.5	14.5	14.5	9.5	8.5
789	4	16.5	18.5	15.5	14.5	11.5	11.5	12.5	12.5	9.5	9.5
806	4	17.5	18.5	15.5	14.5	10.5	10.5	14.5	12.5	9.5	8.5
810	4	16.5	17.5	15.5	14.5	11.5	11.5	14.5	14.5	10.5	10.5
830	4	18.5	17.5	14.5	14.5	12.5	10.5	12.5	13.5	10.5	8.5
843	4	16.5	16.5	15.5	15.5	11.5	10.5	14.5	14.5	9.5	9.5
847	4	16.5	17.5	14.5	16.5	10.5	10.5	14.5	13.5	10.5	8.5
850	4	18.5	17.5	14.5	16.5	12.5	10.5	14.5	14.5	8.5	8.5
854	4	16.5	18.5	14.5	16.5	10.5	10.5	13.5	12.5	8.5	10.5
871	4	16.5	18.5	14.5	16.5	12.5	12.5	12.5	12.5	8.5	9.5
873	4	16.5	16.5	16.5	16.5	11.5	10.5	14.5	13.5	9.5	8.5
887	4	16.5	16.5	14.5	15.5	11.5	10.5	12.5	12.5	8.5	9.5
895	4	17.5	18.5	16.5	14.5	12.5	10.5	14.5	12.5	10.5	10.5
907	4	17.5	16.5	15.5	15.5	12.5	10.5	14.5	13.5	10.5	9.5
911	4	18.5	18.5	15.5	16.5	10.5	12.5	12.5	14.5	9.5	10.5
923	4	16.5	17.5	14.5	15.5	11.5	10.5	12.5	12.5	8.5	9.5
928	4	17.5	16.5	14.5	16.5	11.5	12.5	13.5	13.5	9.5	8.5
938	4	18.5	16.5	16.5	14.5	11.5	11.5	14.5	12.5	8.5	9.5
952	4	17.5	16.5	16.5	14.5	11.5	12.5	13.5	13.5	8.5	8.5
971	4	17.5	18.5	16.5	15.5	10.5	10.5	13.5	13.5	9.5	8.5
972	4	18.5	18.5	15.5	15.5	12.5	11.5	14.5	12.5	8.5	10.5
978	4	17.5	17.5	14.5	14.5	10.5	11.5	12.5	12.5	9.5	8.5
981	4	16.5	16.5	15.5	15.5	11.5	12.5	13.5	13.5	8.5	9.5
982	4	16.5	16.5	15.5	14.5	12.5	11.5	12.5	12.5	10.5	8.5
993	4	23.5	23.5	21.5	23.5	17.5	17.5	19.5	19.5	16.5	17.5
998	4	18.5	18.5	14.5	14.5	11.5	10.5	14.5	14.5	8.5	8.5
1007	4	18.5	16.5	15.5	15.5	11.5	10.5	13.5	13.5	8.5	10.5
1008	4	18.5	18.5	14.5	15.5	11.5	12.5	12.5	12.5	10.5	8.5
1009	4	18.5	18.5	14.5	14.5	10.5	12.5	12.5	14.5	8.5	9.5
1017	4	17.5	16.5	15.5	16.5	12.5	10.5	12.5	13.5	10.5	10.5
1021	4	17.5	17.5	15.5	14.5	12.5	12.5	14.5	13.5	8.5	10.5
1030	4	17.5	16.5	15.5	16.5	10.5	12.5	14.5	14.5	10.5	9.5
1039	4	24.5	25.5	21.5	23.5	19.5	19.5	20.5	19.5	15.5	15.5
1080	4	16.5	16.5	14.5	15.5	11.5	11.5	12.5	12.5	10.5	9.5
1085	4	16.5	17.5	14.5	16.5	10.5	11.5	14.5	12.5	8.5	8.5
1104	4	18.5	16.5	16.5	16.5	10.5	10.5	13.5	14.5	8.5	10.5
1110	4	16.5	18.5	14.5	16.5	10.5	11.5	13.5	14.5	8.5	10.5
1119	4	16.5	18.5	16.5	15.5	12.5	10.5	13.5	12.5	8.5	9.5
1134	4	18.5	16.5	15.5	16.5	10.5	11.5	12.5	13.5	9.5	9.5
1137	4	18.5	18.5	14.5	14.5	12.5	10.5	12.5	14.5	8.5	10.5
1139	4	23.5	23.5	22.5	22.5	17.5	19.5	21.5	19.5	15.5	17.5
1149	4	17.5	17.5	15.5	16.5	10.5	11.5	14.5	14.5	8.5	8.5
1152	4	16.5	16.5	16.5	16.5	10.5	11.5	12.5	14.5	9.5	8.5
1167	4	16.5	16.5	16.5	14.5	10.5	12.5	12.5	12.5	8.5	10.5
1170	4	18.5	18.5	15.5	16.5	10.5	12.5	13.5	12.5	10.5	9.5
1183	4	17.5	16.5	14.5	14.5	10.5	11.5	13.5	14.5	10.5	9.5
1195	4	16.5	17.5	16.5	14.5	12.5	11.5	13.5	12.5	10.5	9.5
1199	4	23.5	25.5	21.5	23.5	18.5	17.5	19.5	20.5	17.5	16.5
1202	4	18.5	18.5	16.5	16.5	11.5	12.5	14.5	13.5	9.5	9.5
1210	4	17.5	18.5	16.5	14.5	12.5	12.5	12.5	14.5	8.5	9.5
1217	4	16.5	17.5	15.5	14.5	10.5	12.5	13.5	14.5	10.5	9.5
1235	4	16.5	17.5	14.5	16.5	12.5	12.5	13.5	13.5	10.5	8.5
1239	4	16.5	16.5	15.5	16.5	11.5	12.5	13.5	12.5	10.5	9.5
1256	4	18.5	18.5	15.5	15.5	10.5	10.5	12.5	14.5	8.5	8.5
1271	4	16.5	17.5	15.5	14.5	11.5	12.5	14.5	13.5	8.5	10.5
1279	4	16.5	18.5	16.5	15.5	11.5	11.5	14.5	12.5	10.5	10.5
1291	4	18.5	18.5	16.5	16.5	11.5	11.5	12.5	12.5	8.5	9.5
1294	4	16.5	16.5	16.5	14.5	10.5	11.5	14.5	13.5	9.5	8.5
1301	4	18.5	16.5	16.5	14.5	12.5	11.5	12.5	12.5	10.5	8.5
1303	4	23.5	23.5	22.5	23.5	17.5	19.5	20.5	21.5	15.5	16.5
1312	4	16.5	18.5	15.5	14.5	10.5	10.5	13.5	13.5	9.5	9.5
1319	4	16.5	16.5	15.5	14.5	12.5	10.5	13.5	13.5	10.5	10.5
1321	4	17.5	17.5	14.5	14.5	11.5	12.5	14.5	13.5	10.5	8.5
1326	4	17.5	17.5	14.5	14.5	12.5	11.5	12.5	14.5	8.5	8.5
1335	4	18.5	18.5	14.5	14.5	12.5	11.5	14.5	13.5	10.5	10.5
1340	4	17.5	18.5	15.5	14.5	11.5	10.5	12.5	13.5	9.5	8.5
1351	4	17.5	17.5	16.5	15.5	10.5	12.5	13.5	12.5	10.5	9.5
1352	4	16.5	16.5	16.5	14.5	10.5	10.5	13.5	13.5	9.5	10.5
1356	4	18.5	18.5	15.5	15.5	12.5	12.5	14.5	12.5	9.5	8.5
1379	4	18.5	16.5	16.5	15.5	12.5	12.5	13.5	12.5	10.5	10.5
1383	4	23.5	24.5	21.5	22.5	19.5	18.5	21.5	21.5	15.5	15.5
1387	4	16.5	18.5	15.5	14.5	12.5	10.5	12.5	14.5	10.5	9.5
1392	4	16.5	17.5	14.5	16.5	12.5	10.5	13.5	12.5	10.5	9.5
1396	4	18.5	17.5	16.5	15.5	10.5	12.5	13.5	14.5	8.5	8.5
1401	4	17.5	17.5	14.5	16.5	12.5	12.5	12.5	14.5	10.5	9.5
1410	4	17.5	18.5	15.5	16.5	10.5	12.5	13.5	12.5	8.5	8.5
1426	4	17.5	18.5	14.5	14.5	11.5	10.5	13.5	14.5	10.5	10.5
1434	4	32.5	30.5	29.5	29.5	25.5	26.5	28.5	28.5	22.5	22.5
1437	4	16.5	16.5	14.5	15.5	10.5	12.5	14.5	12.5	8.5	9.5
1441	4	17.5	17.5	15.5	16.5	12.5	10.5	12.5	14.5	8.5	10.5
1447	4	17.5	17.5	15.5	15.5	12.5	12.5	13.5	14.5	10.5	8.5
1449	4	18.5	17.5	16.5	15.5	10.5	10.5	13.5	13.5	10.5	10.5
1451	4	18.5	17.5	16.5	15.5	10.5	12.5	13.5	13.5	8.5	10.5
1482	4	16.5	18.5	14.5	15.5	11.5	12.5	12.5	14.5	9.5	9.5
1503	4	24.5	25.5	21.5	22.5	17.5	18.5	20.5	20.5	17.5	15.5
1504	4	18.5	17.5	14.5	16.5	11.5	11.5	12.5	13.5	9.5	10.5
1516	4	17.5	18.5	14.5	15.5	12.5	12.5	14.5	13.5	10.5	8.5
1536	4	16.5	17.5	14.5	14.5	12.5	12.5	14.5	12.5	10.5	8.5
1554	4	16.5	17.5	16.5	14.5	12.5	11.5	13.5	14.5	10.5	9.5
1560	4	16.5	17.5	16.5	14.5	12.5	12.5	14.5	12.5	10.5	8.5
1571	4	17.5	18.5	15.5	16.5	10.5	10.5	12.5	12.5	10.5	10.5
1573	4	25.5	24.5	21.5	23.5	18.5	17.5	20.5	21.5	17.5	17.5
1593	4	17.5	18.5	15.5	15.5	11.5	11.5	12.5	12.5	9.5	8.5
1598	4	25.5	24.5	22.5	21.5	18.5	18.5	19.5	21.5	15.5	16.5
1603	4	18.5	17.5	16.5	15.5	11.5	10.5	13.5	14.5	9.5	8.5
1606	4	37.5	37.5	36.5	37.5	33.5	33.5	33.5	33.5	30.5	30.5
1621	4	24.5	23.5	21.5	21.5	18.5	17.5	21.5	21.5	16.5	16.5
1624	4	17.5	17.5	16.5	14.5	12.5	10.5	14.5	14.5	9.5	10.5
1629	4	16.5	18.5	16.5	14.5	10.5	12.5	14.5	12.5	10.5	10.5
1636	4	16.5	17.5	15.5	14.5	11.5	11.5	14.5	14.5	8.5	10.5
1649	4	16.5	16.5	14.5	14.5	12.5	11.5	14.5	14.5	8.5	8.5
1654	4	16.5	17.5	14.5	15.5	12.5	12.5	14.5	13.5	10.5	9.5
1664	4	16.5	16.5	14.5	16.5	10.5	11.5	14.5	14.5	8.5	8.5
1670	4	18.5	18.5	16.5	15.5	12.5	11.5	13.5	12.5	8.5	10.5
1676	4	17.5	17.5	14.5	14.5	10.5	11.5	13.5	12.5	9.5	9.5
1693	4	17.5	17.5	14.5	14.5	10.5	12.5	14.5	14.5	9.5	8.5
1699	4	17.5	18.5	14.5	15.5	10.5	10.5	14.5	12.5	9.5	9.5
1700	4	18.5	16.5	14.5	15.5	11.5	11.5	12.5	13.5	10.5	9.5
1701	4	16.5	18.5	14.5	16.5	10.5	12.5	14.5	14.5	8.5	10.5
1704	4	18.5	16.5	14.5	14.5	11.5	12.5	12.5	14.5	8.5	8.5
1707	4	17.5	17.5	16.5	15.5	10.5	11.5	12.5	13.5	9.5	10.5
1713	4	18.5	16.5	15.5	15.5	10.5	12.5	13.5	12.5	10.5	9.5
1722	4	16.5	16.5	14.5	14.5	10.5	12.5	12.5	13.5	9.5	8.5
1727	4	16.5	17.5	15.5	16.5	11.5	11.5	14.5	13.5	8.5	9.5
1758	4	38.5	38.5	35.5	36.5	33.5	33.5	34.5	34.5	29.5	29.5
1759	4	17.5	16.5	14.5	16.5	10.5	11.5	14.5	14.5	9.5	9.5
1762	4	18.5	16.5	14.5	14.5	11.5	10.5	14.5	13.5	10.5	8.5
1771	4	17.5	17.5	16.5	14.5	12.5	11.5	12.5	14.5	10.5	9.5
1782	4	16.5	18.5	14.5	15.5	12.5	10.5	14.5	12.5	8.5	9.5
1788	4	17.5	18.5	14.5	16.5	12.5	12.5	13.5	14.5	8.5	10.5
1790	4	18.5	18.5	15.5	14.5	10.5	11.5	14.5	13.5	9.5	8.5
1791	4	24.5	24.5	21.5	22.5	18.5	18.5	21.5	20.5	16.5	15.5
1797	4	18.5	18.5	16.5	15.5	12.5	11.5	12.5	12.5	9.5	8.5
1805	4	17.5	18.5	16.5	15.5	10.5	11.5	14.5	13.5	9.5	10.5
1808	4	16.5	16.5	16.5	14.5	11.5	12.5	13.5	14.5	9.5	9.5
1809	4	18.5	18.5	14.5	14.5	11.5	11.5	13.5	12.5	9.5	8.5
1823	4	18.5	17.5	15.5	15.5	10.5	11.5	13.5	13.5	8.5	10.5
1824	4	17.5	16.5	14.5	14.5	12.5	10.5	12.5	12.5	9.5	9.5
1825	4	18.5	17.5	14.5	15.5	10.5	12.5	13.5	12.5	8.5	10.5
1837	4	16.5	18.5	15.5	14.5	12.5	10.5	13.5	14.5	10.5	8.5
37	5	16	16	14	16	11	10	14	13	8	8
38	5	19	20	16	16	13	12	14	16	12	11
51	5	16	18	14	16	10	10	13	14	10	8
56	5	20	19	17	18	14	13	15	15	10	11
72	5	17	17	15	16	12	10	12	13	10	8
73	5	18	19	18	16	13	14	16	14	12	11
76	5	18	20	17	16	14	14	15	16	12	11
96	5	19	20	18	18	12	14	16	16	11	10
103	5	17	16	16	14	10	12	13	14	10	9
123	5	20	18	16	17	14	12	16	15	10	11
133	5	20	19	17	16	13	12	16	16	12	10
137	5	19	20	17	18	12	12	14	15	11	11
143	5	18	19	16	18	12	14	15	16	11	11
148	5	19	18	18	17	14	13	15	16	10	12
165	5	20	20	18	18	12	14	15	14	12	12
171	5	18	20	17	16	13	12	15	14	11	12
172	5	19	19	16	16	12	12	16	16	11	11
175	5	16	18	14	15	10	10	13	12	9	9
178	5	19	18	18	16	13	13	14	15	12	10
187	5	17	17	14	16	12	11	14	14	8	10
225	5	19	20	17	16	12	12	16	16	12	12
233	5	19	20	18	17	12	14	14	15	11	10
252	5	25	26	24	22	20	18	22	20	18	18
254	5	18	19	18	17	12	12	15	14	11	12
259	5	20	18	17	16	13	14	16	15	12	11
267	5	17	18	16	14	11	10	12	14	8	10
270	5	18	18	16	18	14	13	14	15	11	12
271	5	29	30	28	26	23	22	26	26	21	22
273	5	27	27	26	26	21	21	22	23	18	18
285	5	40	39	37	36	32	32	36	36	31	31
287	5	30	28	28	26	23	23	25	25	21	20
292	5	20	18	17	16	12	14	15	14	12	12
297	5	19	18	17	16	14	13	15	14	10	12
303	5	20	20	18	16	13	14	16	15	12	10
306	5	20	18	18	16	13	12	14	16	11	12
315	5	20	20	16	17	13	12	16	16	10	12
327	5	18	18	16	17	12	13	14	15	10	10
336	5	18	20	18	18	12	14	15	15	11	12
341	5	19	19	16	18	14	12	16	15	10	11
345	5	18	18	16	15	11	10	13	12	9	8
372	5	48	50	47	48	42	43	45	44	40	40
374	5	20	18	18	18	14	12	16	15	12	11
375	5	20	19	18	16	12	13	14	15	10	12
378	5	18	18	16	18	12	14	15	14	11	11
393	5	20	20	17	18	14	12	14	14	12	12
395	5	20	20	18	17	13	14	14	16	12	11
402	5	20	20	17	16	12	12	15	16	11	12
407	5	19	19	18	18	13	14	16	14	11	10
424	5	28	28	26	26	23	23	26	25	21	22
428	5	18	18	17	17	12	14	16	16	11	11
440	5	18	18	18	16	14	12	14	14	12	10
441	5	19	20	17	17	14	14	16	16	11	11
453	5	19	20	17	18	14	14	15	14	10	10
456	5	18	20	18	16	12	12	15	15	10	11
463	5	18	20	18	16	12	12	15	15	10	11
469	5	19	20	16	18	14	14	14	16	10	11
472	5	20	19	16	17	13	14	15	16	10	12
490	5	20	18	17	16	12	14	14	15	10	12
492	5	18	19	17	16	12	14	16	14	10	10
509	5	20	18	18	16	13	12	15	14	11	10
517	5	18	18	17	17	12	13	16	16	11	10
538	5	18	20	18	17	13	12	14	16	10	11
542	5	20	20	16	17	14	14	14	14	11	10
550	5	20	18	17	17	14	12	16	14	10	10
560	5	20	20	16	16	13	14	16	15	11	11
563	5	20	19	18	17	14	12	15	14	10	12
583	5	20	20	17	17	13	13	16	16	10	10
584	5	19	19	16	17	13	12	14	15	10	10
600	5	18	20	16	16	14	12	15	16	11	11
601	5	19	20	16	18	12	13	15	15	12	11
631	5	18	18	18	16	12	13	16	15	11	12
645	5	18	19	16	16	12	12	15	15	10	12
664	5	18	19	16	16	14	13	14	15	12	10
677	5	19	19	18	17	14	13	14	14	10	11
681	5	19	18	16	18	12	14	16	16	11	12
684	5	16	16	15	16	12	12	13	14	9	9
689	5	19	18	17	16	14	12	15	15	12	10
694	5	20	19	18	18	12	13	15	14	11	12
695	5	20	19	18	18	12	12	15	15	12	10
699	5	19	19	16	17	12	12	14	15	11	10
714	5	19	18	16	18	12	12	15	14	10	12
731	5	17	17	15	16	11	11	13	13	10	8
732	5	26	24	22	23	18	20	21	20	17	18
751	5	20	20	16	18	14	12	16	15	12	11
755	5	20	19	16	17	13	13	14	15	11	12
772	5	18	20	17	17	13	13	16	16	11	10
789	5	19	18	17	16	14	12	14	14	10	12
806	5	19	19	18	17	12	13	15	15	12	10
810	5	20	20	16	16	12	12	16	14	10	12
830	5	19	18	17	18	14	14	15	14	10	10
843	5	20	18	16	18	12	13	15	16	10	12
847	5	19	19	18	16	12	14	15	15	11	11
850	5	20	18	16	18	14	14	15	16	12	10
854	5	18	18	16	16	14	14	15	15	10	11
871	5	19	19	17	17	14	14	14	15	12	11
873	5	18	19	17	18	13	14	15	15	10	12
887	5	20	20	16	18	13	13	15	15	10	10
895	5	19	20	16	18	12	13	15	15	12	12
907	5	19	20	18	18	12	12	15	15	11	12
911	5	18	18	16	16	12	12	15	14	10	11
923	5	19	20	16	17	14	12	14	15	10	10
928	5	20	18	17	18	12	13	15	16	11	11
938	5	19	18	16	17	13	13	14	16	11	11
952	5	19	18	16	18	14	13	14	14	12	11
971	5	18	18	17	16	12	14	14	14	10	11
972	5	19	18	18	16	13	13	15	16	11	11
978	5	18	19	18	17	14	14	16	16	12	12
981	5	18	19	18	17	14	14	16	15	11	12
982	5	20	20	18	16	13	13	15	14	12	12
993	5	28	28	28	27	22	24	24	26	22	22
998	5	18	18	16	17	12	12	14	15	11	10
1007	5	19	19	16	18	13	13	16	15	10	12
1008	5	19	18	16	17	13	14	16	14	12	10
1009	5	18	20	17	18	14	12	16	14	10	12
1017	5	20	18	18	16	14	14	16	14	10	12
1021	5	18	18	17	17	14	13	16	14	12	12
1030	5	18	20	17	17	14	12	15	15	10	12
1039	5	30	29	28	27	23	22	24	25	22	21
1080	5	20	20	17	16	14	12	16	16	12	11
1085	5	18	19	16	18	14	13	15	16	10	10
1104	5	20	19	17	18	13	12	14	15	12	11
1110	5	19	18	16	17	13	14	14	15	11	12
1119	5	18	20	16	16	13	13	16	15	11	10
1134	5	20	19	18	18	14	13	14	14	11	12
1137	5	19	19	17	18	13	14	15	14	12	12
1139	5	28	29	27	26	22	24	26	24	21	21
1149	5	18	20	18	18	14	12	16	16	11	11
1152	5	18	19	18	17	12	14	16	14	10	10
1167	5	18	18	18	16	14	13	15	16	10	11
1170	5	18	19	18	17	12	14	16	15	11	11
1183	5	19	19	17	16	12	14	14	14	10	12
1195	5	20	18	16	17	13	12	14	16	11	12
1199	5	29	30	28	26	23	22	24	26	21	20
1202	5	20	20	17	18	14	14	15	15	11	11
1210	5	18	18	16	18	12	12	16	15	11	10
1217	5	18	18	18	16	12	12	16	15	12	12
1235	5	19	18	18	18	13	13	14	14	11	12
1239	5	20	19	16	17	12	12	14	15	11	10
1256	5	20	18	17	17	12	12	15	16	12	11
1271	5	20	18	17	18	12	12	15	14	12	12
1279	5	19	20	18	18	12	12	16	16	11	10
1291	5	20	19	16	17	13	13	16	15	12	11
1294	5	18	18	17	18	14	14	15	16	11	10
1301	5	19	18	16	17	13	12	16	14	10	11
1303	5	29	28	28	26	22	24	26	25	22	20
1312	5	18	18	17	17	14	14	15	15	11	10
1319	5	20	20	17	16	12	13	14	15	11	10
1321	5	19	20	18	18	14	14	14	16	11	12
1326	5	20	19	18	18	12	12	15	16	11	11
1335	5	20	18	17	16	14	12	14	16	12	11
1340	5	20	20	16	16	12	14	16	15	12	10
1351	5	18	18	16	17	14	13	14	16	11	11
1352	5	18	20	17	16	14	12	14	14	11	11
1356	5	20	18	17	18	12	13	14	14	12	12
1379	5	19	20	18	17	13	12	14	15	12	11
1383	5	29	29	27	26	23	24	24	26	21	20
1387	5	19	19	17	18	14	14	16	14	10	11
1392	5	19	20	17	18	14	12	16	15	11	10
1396	5	18	20	17	16	14	12	16	14	10	10
1401	5	19	20	18	18	13	14	14	15	10	12
1410	5	18	19	18	16	12	13	15	15	11	11
1426	5	20	19	17	17	14	14	14	15	12	11
1434	5	38	40	38	38	32	32	35	34	30	30
1437	5	18	19	17	17	12	12	16	14	10	10
1441	5	20	20	17	17	12	14	14	14	12	11
1447	5	19	19	17	18	14	13	14	14	10	11
1449	5	18	18	18	16	14	13	16	16	11	11
1451	5	19	20	18	16	12	13	16	14	11	12
1482	5	19	20	16	16	13	14	14	14	12	11
1503	5	28	30	26	28	24	24	25	25	20	20
1504	5	18	19	17	16	12	14	15	14	12	12
1516	5	20	20	17	17	12	13	14	15	11	12
1536	5	18	18	16	17	13	13	16	14	11	10
1554	5	18	20	16	17	12	12	14	15	12	11
1560	5	20	19	17	18	14	14	14	16	10	11
1571	5	20	19	16	17	14	14	14	14	12	10
1573	5	28	29	28	26	22	23	26	24	20	22
1593	5	18	20	18	18	14	13	14	16	12	10
1598	5	29	29	26	26	24	22	24	24	20	22
1603	5	19	19	16	17	14	12	16	14	10	11
1606	5	50	50	48	48	44	44	45	45	42	42
1621	5	28	30	26	28	23	23	24	25	21	22
1624	5	19	20	18	18	13	13	14	16	10	12
1629	5	19	19	17	18	13	13	14	16	10	11
1636	5	18	19	16	16	14	14	14	15	12	11
1649	5	19	18	16	16	13	14	14	16	11	11
1654	5	18	18	18	18	13	12	16	14	10	12
1664	5	20	20	16	17	12	13	16	15	12	11
1670	5	18	20	17	16	12	14	15	14	12	12
1676	5	19	18	16	18	13	14	16	16	11	12
1693	5	19	20	17	16	13	14	15	15	11	10
1699	5	19	20	18	16	12	12	14	16	12	12
1700	5	18	20	16	16	13	13	16	15	12	11
1701	5	20	18	17	18	14	13	16	16	10	10
1704	5	19	20	16	17	14	14	16	14	11	12
1707	5	20	20	18	18	13	13	14	14	11	12
1713	5	19	19	17	16	12	14	15	16	12	11
1722	5	18	19	17	17	12	12	15	16	12	11
1727	5	20	20	16	18	12	13	16	15	10	12
1758	5	49	49	48	47	43	44	45	44	41	41
1759	5	19	18	18	16	14	13	14	15	12	12
1762	5	18	20	16	17	14	12	15	16	12	10
1771	5	20	18	16	18	12	12	14	15	10	12
1782	5	18	19	17	17	14	13	16	15	10	11
1788	5	19	18	16	17	14	12	16	15	12	12
1790	5	19	20	18	16	13	14	15	16	10	10
1791	5	28	28	27	26	24	23	26	24	21	22
1797	5	19	18	18	16	12	14	14	15	12	11
1805	5	19	19	18	18	13	12	15	16	12	12
1808	5	20	19	18	18	12	12	15	14	10	10
1809	5	19	19	17	16	13	13	16	14	10	12
1823	5	18	18	17	18	13	12	16	16	11	11
1824	5	18	19	17	17	13	13	16	14	11	12
1825	5	18	20	17	17	14	13	15	16	10	10
1837	5	20	20	16	16	12	12	15	14	10	11
37	6	16.5	16.5	14.5	16.5	11.5	10.5	14.5	13.5	8.5	8.5
38	6	19.5	20.5	16.5	16.5	13.5	12.5	14.5	16.5	12.5	11.5
51	6	16.5	18.5	14.5	16.5	10.5	10.5	13.5	14.5	10.5	8.5
56	6	20.5	19.5	17.5	18.5	14.5	13.5	15.5	15.5	10.5	11.5
72	6	17.5	17.5	15.5	16.5	12.5	10.5	12.5	13.5	10.5	8.5
73	6	18.5	19.5	18.5	16.5	13.5	14.5	16.5	14.5	12.5	11.5
76	6	18.5	20.5	17.5	16.5	14.5	14.5	15.5	16.5	12.5	11.5
96	6	19.5	20.5	18.5	18.5	12.5	14.5	16.5	16.5	11.5	10.5
103	6	17.5	16.5	16.5	14.5	10.5	12.5	13.5	14.5	10.5	9.5
123	6	20.5	18.5	16.5	17.5	14.5	12.5	16.5	15.5	10.5	11.5
133	6	20.5	19.5	17.5	16.5	13.5	12.5	16.5	16.5	12.5	10.5
137	6	19.5	20.5	17.5	18.5	12.5	12.5	14.5	15.5	11.5	11.5
143	6	18.5	19.5	16.5	18.5	12.5	14.5	15.5	16.5	11.5	11.5
148	6	19.5	18.5	18.5	17.5	14.5	13.5	15.5	16.5	10.5	12.5
165	6	20.5	20.5	18.5	18.5	12.5	14.5	15.5	14.5	12.5	12.5
171	6	18.5	20.5	17.5	16.5	13.5	12.5	15.5	14.5	11.5	12.5
172	6	19.5	19.5	16.5	16.5	12.5	12.5	16.5	16.5	11.5	11.5
175	6	16.5	18.5	14.5	15.5	10.5	10.5	13.5	12.5	9.5	9.5
178	6	19.5	18.5	18.5	16.5	13.5	13.5	14.5	15.5	12.5	10.5
187	6	17.5	17.5	14.5	16.5	12.5	11.5	14.5	14.5	8.5	10.5
225	6	19.5	20.5	17.5	16.5	12.5	12.5	16.5	16.5	12.5	12.5
233	6	19.5	20.5	18.5	17.5	12.5	14.5	14.5	15.5	11.5	10.5
252	6	25.5	26.5	24.5	22.5	20.5	18.5	22.5	20.5	18.5	18.5
254	6	18.5	19.5	18.5	17.5	12.5	12.5	15.5	14.5	11.5	12.5
259	6	20.5	18.5	17.5	16.5	13.5	14.5	16.5	15.5	12.5	11.5
267	6	17.5	18.5	16.5	14.5	11.5	10.5	12.5	14.5	8.5	10.5
270	6	18.5	18.5	16.5	18.5	14.5	13.5	14.5	15.5	11.5	12.5
271	6	29.5	30.5	28.5	26.5	23.5	22.5	26.5	26.5	21.5	22.5
273	6	27.5	27.5	26.5	26.5	21.5	21.5	22.5	23.5	18.5	18.5
285	6	40.5	39.5	37.5	36.5	32.5	32.5	36.5	36.5	31.5	31.5
287	6	30.5	28.5	28.5	26.5	23.5	23.5	25.5	25.5	21.5	20.5
292	6	20.5	18.5	17.5	16.5	12.5	14.5	15.5	14.5	12.5	12.5
297	6	19.5	18.5	17.5	16.5	14.5	13.5	15.5	14.5	10.5	12.5
303	6	20.5	20.5	18.5	16.5	13.5	14.5	16.5	15.5	12.5	10.5
306	6	20.5	18.5	18.5	16.5	13.5	12.5	14.5	16.5	11.5	12.5
315	6	20.5	20.5	16.5	17.5	13.5	12.5	16.5	16.5	10.5	12.5
327	6	18.5	18.5	16.5	17.5	12.5	13.5	14.5	15.5	10.5	10.5
336	6	18.5	20.5	18.5	18.5	12.5	14.5	15.5	15.5	11.5	12.5
341	6	19.5	19.5	16.5	18.5	14.5	12.5	16.5	15.5	10.5	11.5
345	6	18.5	18.5	16.5	15.5	11.5	10.5	13.5	12.5	9.5	8.5
372	6	48.5	50.5	47.5	48.5	42.5	43.5	45.5	44.5	40.5	40.5
374	6	20.5	18.5	18.5	18.5	14.5	12.5	16.5	15.5	12.5	11.5
375	6	20.5	19.5	18.5	16.5	12.5	13.5	14.5	15.5	10.5	12.5
378	6	18.5	18.5	16.5	18.5	12.5	14.5	15.5	14.5	11.5	11.5
393	6	20.5	20.5	17.5	18.5	14.5	12.5	14.5	14.5	12.5	12.5
395	6	20.5	20.5	18.5	17.5	13.5	14.5	14.5	16.5	12.5	11.5
402	6	20.5	20.5	17.5	16.5	12.5	12.5	15.5	16.5	11.5	12.5
407	6	19.5	19.5	18.5	18.5	13.5	14.5	16.5	14.5	11.5	10.5
424	6	28.5	28.5	26.5	26.5	23.5	23.5	26.5	25.5	21.5	22.5
428	6	18.5	18.5	17.5	17.5	12.5	14.5	16.5	16.5	11.5	11.5
440	6	18.5	18.5	18.5	16.5	14.5	12.5	14.5	14.5	12.5	10.5
441	6	19.5	20.5	17.5	17.5	14.5	14.5	16.5	16.5	11.5	11.5
453	6	19.5	20.5	17.5	18.5	14.5	14.5	15.5	14.5	10.5	10.5
456	6	18.5	20.5	18.5	16.5	12.5	12.5	15.5	15.5	10.5	11.5
463	6	18.5	20.5	18.5	16.5	12.5	12.5	15.5	15.5	10.5	11.5
469	6	19.5	20.5	16.5	18.5	14.5	14.5	14.5	16.5	10.5	11.5
472	6	20.5	19.5	16.5	17.5	13.5	14.5	15.5	16.5	10.5	12.5
490	6	20.5	18.5	17.5	16.5	12.5	14.5	14.5	15.5	10.5	12.5
492	6	18.5	19.5	17.5	16.5	12.5	14.5	16.5	14.5	10.5	10.5
509	6	20.5	18.5	18.5	16.5	13.5	12.5	15.5	14.5	11.5	10.5
517	6	18.5	18.5	17.5	17.5	12.5	13.5	16.5	16.5	11.5	10.5
538	6	18.5	20.5	18.5	17.5	13.5	12.5	14.5	16.5	10.5	11.5
542	6	20.5	20.5	16.5	17.5	14.5	14.5	14.5	14.5	11.5	10.5
550	6	20.5	18.5	17.5	17.5	14.5	12.5	16.5	14.5	10.5	10.5
560	6	20.5	20.5	16.5	16.5	13.5	14.5	16.5	15.5	11.5	11.5
563	6	20.5	19.5	18.5	17.5	14.5	12.5	15.5	14.5	10.5	12.5
583	6	20.5	20.5	17.5	17.5	13.5	13.5	16.5	16.5	10.5	10.5
584	6	19.5	19.5	16.5	17.5	13.5	12.5	14.5	15.5	10.5	10.5
600	6	18.5	20.5	16.5	16.5	14.5	12.5	15.5	16.5	11.5	11.5
601	6	19.5	20.5	16.5	18.5	12.5	13.5	15.5	15.5	12.5	11.5
631	6	18.5	18.5	18.5	16.5	12.5	13.5	16.5	15.5	11.5	12.5
645	6	18.5	19.5	16.5	16.5	12.5	12.5	15.5	15.5	10.5	12.5
664	6	18.5	19.5	16.5	16.5	14.5	13.5	14.5	15.5	12.5	10.5
677	6	19.5	19.5	18.5	17.5	14.5	13.5	14.5	14.5	10.5	11.5
681	6	19.5	18.5	16.5	18.5	12.5	14.5	16.5	16.5	11.5	12.5
684	6	16.5	16.5	15.5	16.5	12.5	12.5	13.5	14.5	9.5	9.5
689	6	19.5	18.5	17.5	16.5	14.5	12.5	15.5	15.5	12.5	10.5
694	6	20.5	19.5	18.5	18.5	12.5	13.5	15.5	14.5	11.5	12.5
695	6	20.5	19.5	18.5	18.5	12.5	12.5	15.5	15.5	12.5	10.5
699	6	19.5	19.5	16.5	17.5	12.5	12.5	14.5	15.5	11.5	10.5
714	6	19.5	18.5	16.5	18.5	12.5	12.5	15.5	14.5	10.5	12.5
731	6	17.5	17.5	15.5	16.5	11.5	11.5	13.5	13.5	10.5	8.5
732	6	26.5	24.5	22.5	23.5	18.5	20.5	21.5	20.5	17.5	18.5
751	6	20.5	20.5	16.5	18.5	14.5	12.5	16.5	15.5	12.5	11.5
755	6	20.5	19.5	16.5	17.5	13.5	13.5	14.5	15.5	11.5	12.5
772	6	18.5	20.5	17.5	17.5	13.5	13.5	16.5	16.5	11.5	10.5
789	6	19.5	18.5	17.5	16.5	14.5	12.5	14.5	14.5	10.5	12.5
806	6	19.5	19.5	18.5	17.5	12.5	13.5	15.5	15.5	12.5	10.5
810	6	20.5	20.5	16.5	16.5	12.5	12.5	16.5	14.5	10.5	12.5
830	6	19.5	18.5	17.5	18.5	14.5	14.5	15.5	14.5	10.5	10.5
843	6	20.5	18.5	16.5	18.5	12.5	13.5	15.5	16.5	10.5	12.5
847	6	19.5	19.5	18.5	16.5	12.5	14.5	15.5	15.5	11.5	11.5
850	6	20.5	18.5	16.5	18.5	14.5	14.5	15.5	16.5	12.5	10.5
854	6	18.5	18.5	16.5	16.5	14.5	14.5	15.5	15.5	10.5	11.5
871	6	19.5	19.5	17.5	17.5	14.5	14.5	14.5	15.5	12.5	11.5
873	6	18.5	19.5	17.5	18.5	13.5	14.5	15.5	15.5	10.5	12.5
887	6	20.5	20.5	16.5	18.5	13.5	13.5	15.5	15.5	10.5	10.5
895	6	19.5	20.5	16.5	18.5	12.5	13.5	15.5	15.5	12.5	12.5
907	6	19.5	20.5	18.5	18.5	12.5	12.5	15.5	15.5	11.5	12.5
911	6	18.5	18.5	16.5	16.5	12.5	12.5	15.5	14.5	10.5	11.5
923	6	19.5	20.5	16.5	17.5	14.5	12.5	14.5	15.5	10.5	10.5
928	6	20.5	18.5	17.5	18.5	12.5	13.5	15.5	16.5	11.5	11.5
938	6	19.5	18.5	16.5	17.5	13.5	13.5	14.5	16.5	11.5	11.5
952	6	19.5	18.5	16.5	18.5	14.5	13.5	14.5	14.5	12.5	11.5
971	6	18.5	18.5	17.5	16.5	12.5	14.5	14.5	14.5	10.5	11.5
972	6	19.5	18.5	18.5	16.5	13.5	13.5	15.5	16.5	11.5	11.5
978	6	18.5	19.5	18.5	17.5	14.5	14.5	16.5	16.5	12.5	12.5
981	6	18.5	19.5	18.5	17.5	14.5	14.5	16.5	15.5	11.5	12.5
982	6	20.5	20.5	18.5	16.5	13.5	13.5	15.5	14.5	12.5	12.5
993	6	28.5	28.5	28.5	27.5	22.5	24.5	24.5	26.5	22.5	22.5
998	6	18.5	18.5	16.5	17.5	12.5	12.5	14.5	15.5	11.5	10.5
1007	6	19.5	19.5	16.5	18.5	13.5	13.5	16.5	15.5	10.5	12.5
1008	6	19.5	18.5	16.5	17.5	13.5	14.5	16.5	14.5	12.5	10.5
1009	6	18.5	20.5	17.5	18.5	14.5	12.5	16.5	14.5	10.5	12.5
1017	6	20.5	18.5	18.5	16.5	14.5	14.5	16.5	14.5	10.5	12.5
1021	6	18.5	18.5	17.5	17.5	14.5	13.5	16.5	14.5	12.5	12.5
1030	6	18.5	20.5	17.5	17.5	14.5	12.5	15.5	15.5	10.5	12.5
1039	6	30.5	29.5	28.5	27.5	23.5	22.5	24.5	25.5	22.5	21.5
1080	6	20.5	20.5	17.5	16.5	14.5	12.5	16.5	16.5	12.5	11.5
1085	6	18.5	19.5	16.5	18.5	14.5	13.5	15.5	16.5	10.5	10.5
1104	6	20.5	19.5	17.5	18.5	13.5	12.5	14.5	15.5	12.5	11.5
1110	6	19.5	18.5	16.5	17.5	13.5	14.5	14.5	15.5	11.5	12.5
1119	6	18.5	20.5	16.5	16.5	13.5	13.5	16.5	15.5	11.5	10.5
1134	6	20.5	19.5	18.5	18.5	14.5	13.5	14.5	14.5	11.5	12.5
1137	6	19.5	19.5	17.5	18.5	13.5	14.5	15.5	14.5	12.5	12.5
1139	6	28.5	29.5	27.5	26.5	22.5	24.5	26.5	24.5	21.5	21.5
1149	6	18.5	20.5	18.5	18.5	14.5	12.5	16.5	16.5	11.5	11.5
1152	6	18.5	19.5	18.5	17.5	12.5	14.5	16.5	14.5	10.5	10.5
1167	6	18.5	18.5	18.5	16.5	14.5	13.5	15.5	16.5	10.5	11.5
1170	6	18.5	19.5	18.5	17.5	12.5	14.5	16.5	15.5	11.5	11.5
1183	6	19.5	19.5	17.5	16.5	12.5	14.5	14.5	14.5	10.5	12.5
1195	6	20.5	18.5	16.5	17.5	13.5	12.5	14.5	16.5	11.5	12.5
1199	6	29.5	30.5	28.5	26.5	23.5	22.5	24.5	26.5	21.5	20.5
1202	6	20.5	20.5	17.5	18.5	14.5	14.5	15.5	15.5	11.5	11.5
1210	6	18.5	18.5	16.5	18.5	12.5	12.5	16.5	15.5	11.5	10.5
1217	6	18.5	18.5	18.5	16.5	12.5	12.5	16.5	15.5	12.5	12.5
1235	6	19.5	18.5	18.5	18.5	13.5	13.5	14.5	14.5	11.5	12.5
1239	6	20.5	19.5	16.5	17.5	12.5	12.5	14.5	15.5	11.5	10.5
1256	6	20.5	18.5	17.5	17.5	12.5	12.5	15.5	16.5	12.5	11.5
1271	6	20.5	18.5	17.5	18.5	12.5	12.5	15.5	14.5	12.5	12.5
1279	6	19.5	20.5	18.5	18.5	12.5	12.5	16.5	16.5	11.5	10.5
1291	6	20.5	19.5	16.5	17.5	13.5	13.5	16.5	15.5	12.5	11.5
1294	6	18.5	18.5	17.5	18.5	14.5	14.5	15.5	16.5	11.5	10.5
1301	6	19.5	18.5	16.5	17.5	13.5	12.5	16.5	14.5	10.5	11.5
1303	6	29.5	28.5	28.5	26.5	22.5	24.5	26.5	25.5	22.5	20.5
1312	6	18.5	18.5	17.5	17.5	14.5	14.5	15.5	15.5	11.5	10.5
1319	6	20.5	20.5	17.5	16.5	12.5	13.5	14.5	15.5	11.5	10.5
1321	6	19.5	20.5	18.5	18.5	14.5	14.5	14.5	16.5	11.5	12.5
1326	6	20.5	19.5	18.5	18.5	12.5	12.5	15.5	16.5	11.5	11.5
1335	6	20.5	18.5	17.5	16.5	14.5	12.5	14.5	16.5	12.5	11.5
1340	6	20.5	20.5	16.5	16.5	12.5	14.5	16.5	15.5	12.5	10.5
1351	6	18.5	18.5	16.5	17.5	14.5	13.5	14.5	16.5	11.5	11.5
1352	6	18.5	20.5	17.5	16.5	14.5	12.5	14.5	14.5	11.5	11.5
1356	6	20.5	18.5	17.5	18.5	12.5	13.5	14.5	14.5	12.5	12.5
1379	6	19.5	20.5	18.5	17.5	13.5	12.5	14.5	15.5	12.5	11.5
1383	6	29.5	29.5	27.5	26.5	23.5	24.5	24.5	26.5	21.5	20.5
1387	6	19.5	19.5	17.5	18.5	14.5	14.5	16.5	14.5	10.5	11.5
1392	6	19.5	20.5	17.5	18.5	14.5	12.5	16.5	15.5	11.5	10.5
1396	6	18.5	20.5	17.5	16.5	14.5	12.5	16.5	14.5	10.5	10.5
1401	6	19.5	20.5	18.5	18.5	13.5	14.5	14.5	15.5	10.5	12.5
1410	6	18.5	19.5	18.5	16.5	12.5	13.5	15.5	15.5	11.5	11.5
1426	6	20.5	19.5	17.5	17.5	14.5	14.5	14.5	15.5	12.5	11.5
1434	6	38.5	40.5	38.5	38.5	32.5	32.5	35.5	34.5	30.5	30.5
1437	6	18.5	19.5	17.5	17.5	12.5	12.5	16.5	14.5	10.5	10.5
1441	6	20.5	20.5	17.5	17.5	12.5	14.5	14.5	14.5	12.5	11.5
1447	6	19.5	19.5	17.5	18.5	14.5	13.5	14.5	14.5	10.5	11.5
1449	6	18.5	18.5	18.5	16.5	14.5	13.5	16.5	16.5	11.5	11.5
1451	6	19.5	20.5	18.5	16.5	12.5	13.5	16.5	14.5	11.5	12.5
1482	6	19.5	20.5	16.5	16.5	13.5	14.5	14.5	14.5	12.5	11.5
1503	6	28.5	30.5	26.5	28.5	24.5	24.5	25.5	25.5	20.5	20.5
1504	6	18.5	19.5	17.5	16.5	12.5	14.5	15.5	14.5	12.5	12.5
1516	6	20.5	20.5	17.5	17.5	12.5	13.5	14.5	15.5	11.5	12.5
1536	6	18.5	18.5	16.5	17.5	13.5	13.5	16.5	14.5	11.5	10.5
1554	6	18.5	20.5	16.5	17.5	12.5	12.5	14.5	15.5	12.5	11.5
1560	6	20.5	19.5	17.5	18.5	14.5	14.5	14.5	16.5	10.5	11.5
1571	6	20.5	19.5	16.5	17.5	14.5	14.5	14.5	14.5	12.5	10.5
1573	6	28.5	29.5	28.5	26.5	22.5	23.5	26.5	24.5	20.5	22.5
1593	6	18.5	20.5	18.5	18.5	14.5	13.5	14.5	16.5	12.5	10.5
1598	6	29.5	29.5	26.5	26.5	24.5	22.5	24.5	24.5	20.5	22.5
1603	6	19.5	19.5	16.5	17.5	14.5	12.5	16.5	14.5	10.5	11.5
1606	6	50.5	50.5	48.5	48.5	44.5	44.5	45.5	45.5	42.5	42.5
1621	6	28.5	30.5	26.5	28.5	23.5	23.5	24.5	25.5	21.5	22.5
1624	6	19.5	20.5	18.5	18.5	13.5	13.5	14.5	16.5	10.5	12.5
1629	6	19.5	19.5	17.5	18.5	13.5	13.5	14.5	16.5	10.5	11.5
1636	6	18.5	19.5	16.5	16.5	14.5	14.5	14.5	15.5	12.5	11.5
1649	6	19.5	18.5	16.5	16.5	13.5	14.5	14.5	16.5	11.5	11.5
1654	6	18.5	18.5	18.5	18.5	13.5	12.5	16.5	14.5	10.5	12.5
1664	6	20.5	20.5	16.5	17.5	12.5	13.5	16.5	15.5	12.5	11.5
1670	6	18.5	20.5	17.5	16.5	12.5	14.5	15.5	14.5	12.5	12.5
1676	6	19.5	18.5	16.5	18.5	13.5	14.5	16.5	16.5	11.5	12.5
1693	6	19.5	20.5	17.5	16.5	13.5	14.5	15.5	15.5	11.5	10.5
1699	6	19.5	20.5	18.5	16.5	12.5	12.5	14.5	16.5	12.5	12.5
1700	6	18.5	20.5	16.5	16.5	13.5	13.5	16.5	15.5	12.5	11.5
1701	6	20.5	18.5	17.5	18.5	14.5	13.5	16.5	16.5	10.5	10.5
1704	6	19.5	20.5	16.5	17.5	14.5	14.5	16.5	14.5	11.5	12.5
1707	6	20.5	20.5	18.5	18.5	13.5	13.5	14.5	14.5	11.5	12.5
1713	6	19.5	19.5	17.5	16.5	12.5	14.5	15.5	16.5	12.5	11.5
1722	6	18.5	19.5	17.5	17.5	12.5	12.5	15.5	16.5	12.5	11.5
1727	6	20.5	20.5	16.5	18.5	12.5	13.5	16.5	15.5	10.5	12.5
1758	6	49.5	49.5	48.5	47.5	43.5	44.5	45.5	44.5	41.5	41.5
1759	6	19.5	18.5	18.5	16.5	14.5	13.5	14.5	15.5	12.5	12.5
1762	6	18.5	20.5	16.5	17.5	14.5	12.5	15.5	16.5	12.5	10.5
1771	6	20.5	18.5	16.5	18.5	12.5	12.5	14.5	15.5	10.5	12.5
1782	6	18.5	19.5	17.5	17.5	14.5	13.5	16.5	15.5	10.5	11.5
1788	6	19.5	18.5	16.5	17.5	14.5	12.5	16.5	15.5	12.5	12.5
1790	6	19.5	20.5	18.5	16.5	13.5	14.5	15.5	16.5	10.5	10.5
1791	6	28.5	28.5	27.5	26.5	24.5	23.5	26.5	24.5	21.5	22.5
1797	6	19.5	18.5	18.5	16.5	12.5	14.5	14.5	15.5	12.5	11.5
1805	6	19.5	19.5	18.5	18.5	13.5	12.5	15.5	16.5	12.5	12.5
1808	6	20.5	19.5	18.5	18.5	12.5	12.5	15.5	14.5	10.5	10.5
1809	6	19.5	19.5	17.5	16.5	13.5	13.5	16.5	14.5	10.5	12.5
1823	6	18.5	18.5	17.5	18.5	13.5	12.5	16.5	16.5	11.5	11.5
1824	6	18.5	19.5	17.5	17.5	13.5	13.5	16.5	14.5	11.5	12.5
1825	6	18.5	20.5	17.5	17.5	14.5	13.5	15.5	16.5	10.5	10.5
1837	6	20.5	20.5	16.5	16.5	12.5	12.5	15.5	14.5	10.5	11.5
37	7	17	17	15	17	12	11	15	14	9	9
38	7	20	21	17	17	14	13	15	17	13	12
51	7	17	19	15	17	11	11	14	15	11	9
56	7	21	20	18	19	15	14	16	16	11	12
72	7	18	18	16	17	13	11	13	14	11	9
73	7	19	20	19	17	14	15	17	15	13	12
76	7	19	21	18	17	15	15	16	17	13	12
96	7	20	21	19	19	13	15	17	17	12	11
103	7	18	17	17	15	11	13	14	15	11	10
123	7	21	19	17	18	15	13	17	16	11	12
133	7	21	20	18	17	14	13	17	17	13	11
137	7	20	21	18	19	13	13	15	16	12	12
143	7	19	20	17	19	13	15	16	17	12	12
148	7	20	19	19	18	15	14	16	17	11	13
165	7	21	21	19	19	13	15	16	15	13	13
171	7	19	21	18	17	14	13	16	15	12	13
172	7	20	20	17	17	13	13	17	17	12	12
175	7	17	19	15	16	11	11	14	13	10	10
178	7	20	19	19	17	14	14	15	16	13	11
187	7	18	18	15	17	13	12	15	15	9	11
225	7	20	21	18	17	13	13	17	17	13	13
233	7	20	21	19	18	13	15	15	16	12	11
252	7	26	27	25	23	21	19	23	21	19	19
254	7	19	20	19	18	13	13	16	15	12	13
259	7	21	19	18	17	14	15	17	16	13	12
267	7	18	19	17	15	12	11	13	15	9	11
270	7	19	19	17	19	15	14	15	16	12	13
271	7	30	31	29	27	24	23	27	27	22	23
273	7	28	28	27	27	22	22	23	24	19	19
285	7	41	40	38	37	33	33	37	37	32	32
287	7	31	29	29	27	24	24	26	26	22	21
292	7	21	19	18	17	13	15	16	15	13	13
297	7	20	19	18	17	15	14	16	15	11	13
303	7	21	21	19	17	14	15	17	16	13	11
306	7	21	19	19	17	14	13	15	17	12	13
315	7	21	21	17	18	14	13	17	17	11	13
327	7	19	19	17	18	13	14	15	16	11	11
336	7	19	21	19	19	13	15	16	16	12	13
341	7	20	20	17	19	15	13	17	16	11	12
345	7	19	19	17	16	12	11	14	13	10	9
372	7	49	51	48	49	43	44	46	45	41	41
374	7	21	19	19	19	15	13	17	16	13	12
375	7	21	20	19	17	13	14	15	16	11	13
378	7	19	19	17	19	13	15	16	15	12	12
393	7	21	21	18	19	15	13	15	15	13	13
395	7	21	21	19	18	14	15	15	17	13	12
402	7	21	21	18	17	13	13	16	17	12	13
407	7	20	20	19	19	14	15	17	15	12	11
424	7	29	29	27	27	24	24	27	26	22	23
428	7	19	19	18	18	13	15	17	17	12	12
440	7	19	19	19	17	15	13	15	15	13	11
441	7	20	21	18	18	15	15	17	17	12	12
453	7	20	21	18	19	15	15	16	15	11	11
456	7	19	21	19	17	13	13	16	16	11	12
463	7	19	21	19	17	13	13	16	16	11	12
469	7	20	21	17	19	15	15	15	17	11	12
472	7	21	20	17	18	14	15	16	17	11	13
490	7	21	19	18	17	13	15	15	16	11	13
492	7	19	20	18	17	13	15	17	15	11	11
509	7	21	19	19	17	14	13	16	15	12	11
517	7	19	19	18	18	13	14	17	17	12	11
538	7	19	21	19	18	14	13	15	17	11	12
542	7	21	21	17	18	15	15	15	15	12	11
550	7	21	19	18	18	15	13	17	15	11	11
560	7	21	21	17	17	14	15	17	16	12	12
563	7	21	20	19	18	15	13	16	15	11	13
583	7	21	21	18	18	14	14	17	17	11	11
584	7	20	20	17	18	14	13	15	16	11	11
600	7	19	21	17	17	15	13	16	17	12	12
601	7	20	21	17	19	13	14	16	16	13	12
631	7	19	19	19	17	13	14	17	16	12	13
645	7	19	20	17	17	13	13	16	16	11	13
664	7	19	20	17	17	15	14	15	16	13	11
677	7	20	20	19	18	15	14	15	15	11	12
681	7	20	19	17	19	13	15	17	17	12	13
684	7	17	17	16	17	13	13	14	15	10	10
689	7	20	19	18	17	15	13	16	16	13	11
694	7	21	20	19	19	13	14	16	15	12	13
695	7	21	20	19	19	13	13	16	16	13	11
699	7	20	20	17	18	13	13	15	16	12	11
714	7	20	19	17	19	13	13	16	15	11	13
731	7	18	18	16	17	12	12	14	14	11	9
732	7	27	25	23	24	19	21	22	21	18	19
751	7	21	21	17	19	15	13	17	16	13	12
755	7	21	20	17	18	14	14	15	16	12	13
772	7	19	21	18	18	14	14	17	17	12	11
789	7	20	19	18	17	15	13	15	15	11	13
806	7	20	20	19	18	13	14	16	16	13	11
810	7	21	21	17	17	13	13	17	15	11	13
830	7	20	19	18	19	15	15	16	15	11	11
843	7	21	19	17	19	13	14	16	17	11	13
847	7	20	20	19	17	13	15	16	16	12	12
850	7	21	19	17	19	15	15	16	17	13	11
854	7	19	19	17	17	15	15	16	16	11	12
871	7	20	20	18	18	15	15	15	16	13	12
873	7	19	20	18	19	14	15	16	16	11	13
887	7	21	21	17	19	14	14	16	16	11	11
895	7	20	21	17	19	13	14	16	16	13	13
907	7	20	21	19	19	13	13	16	16	12	13
911	7	19	19	17	17	13	13	16	15	11	12
923	7	20	21	17	18	15	13	15	16	11	11
928	7	21	19	18	19	13	14	16	17	12	12
938	7	20	19	17	18	14	14	15	17	12	12
952	7	20	19	17	19	15	14	15	15	13	12
971	7	19	19	18	17	13	15	15	15	11	12
972	7	20	19	19	17	14	14	16	17	12	12
978	7	19	20	19	18	15	15	17	17	13	13
981	7	19	20	19	18	15	15	17	16	12	13
982	7	21	21	19	17	14	14	16	15	13	13
993	7	29	29	29	28	23	25	25	27	23	23
998	7	19	19	17	18	13	13	15	16	12	11
1007	7	20	20	17	19	14	14	17	16	11	13
1008	7	20	19	17	18	14	15	17	15	13	11
1009	7	19	21	18	19	15	13	17	15	11	13
1017	7	21	19	19	17	15	15	17	15	11	13
1021	7	19	19	18	18	15	14	17	15	13	13
1030	7	19	21	18	18	15	13	16	16	11	13
1039	7	31	30	29	28	24	23	25	26	23	22
1080	7	21	21	18	17	15	13	17	17	13	12
1085	7	19	20	17	19	15	14	16	17	11	11
1104	7	21	20	18	19	14	13	15	16	13	12
1110	7	20	19	17	18	14	15	15	16	12	13
1119	7	19	21	17	17	14	14	17	16	12	11
1134	7	21	20	19	19	15	14	15	15	12	13
1137	7	20	20	18	19	14	15	16	15	13	13
1139	7	29	30	28	27	23	25	27	25	22	22
1149	7	19	21	19	19	15	13	17	17	12	12
1152	7	19	20	19	18	13	15	17	15	11	11
1167	7	19	19	19	17	15	14	16	17	11	12
1170	7	19	20	19	18	13	15	17	16	12	12
1183	7	20	20	18	17	13	15	15	15	11	13
1195	7	21	19	17	18	14	13	15	17	12	13
1199	7	30	31	29	27	24	23	25	27	22	21
1202	7	21	21	18	19	15	15	16	16	12	12
1210	7	19	19	17	19	13	13	17	16	12	11
1217	7	19	19	19	17	13	13	17	16	13	13
1235	7	20	19	19	19	14	14	15	15	12	13
1239	7	21	20	17	18	13	13	15	16	12	11
1256	7	21	19	18	18	13	13	16	17	13	12
1271	7	21	19	18	19	13	13	16	15	13	13
1279	7	20	21	19	19	13	13	17	17	12	11
1291	7	21	20	17	18	14	14	17	16	13	12
1294	7	19	19	18	19	15	15	16	17	12	11
1301	7	20	19	17	18	14	13	17	15	11	12
1303	7	30	29	29	27	23	25	27	26	23	21
1312	7	19	19	18	18	15	15	16	16	12	11
1319	7	21	21	18	17	13	14	15	16	12	11
1321	7	20	21	19	19	15	15	15	17	12	13
1326	7	21	20	19	19	13	13	16	17	12	12
1335	7	21	19	18	17	15	13	15	17	13	12
1340	7	21	21	17	17	13	15	17	16	13	11
1351	7	19	19	17	18	15	14	15	17	12	12
1352	7	19	21	18	17	15	13	15	15	12	12
1356	7	21	19	18	19	13	14	15	15	13	13
1379	7	20	21	19	18	14	13	15	16	13	12
1383	7	30	30	28	27	24	25	25	27	22	21
1387	7	20	20	18	19	15	15	17	15	11	12
1392	7	20	21	18	19	15	13	17	16	12	11
1396	7	19	21	18	17	15	13	17	15	11	11
1401	7	20	21	19	19	14	15	15	16	11	13
1410	7	19	20	19	17	13	14	16	16	12	12
1426	7	21	20	18	18	15	15	15	16	13	12
1434	7	39	41	39	39	33	33	36	35	31	31
1437	7	19	20	18	18	13	13	17	15	11	11
1441	7	21	21	18	18	13	15	15	15	13	12
1447	7	20	20	18	19	15	14	15	15	11	12
1449	7	19	19	19	17	15	14	17	17	12	12
1451	7	20	21	19	17	13	14	17	15	12	13
1482	7	20	21	17	17	14	15	15	15	13	12
1503	7	29	31	27	29	25	25	26	26	21	21
1504	7	19	20	18	17	13	15	16	15	13	13
1516	7	21	21	18	18	13	14	15	16	12	13
1536	7	19	19	17	18	14	14	17	15	12	11
1554	7	19	21	17	18	13	13	15	16	13	12
1560	7	21	20	18	19	15	15	15	17	11	12
1571	7	21	20	17	18	15	15	15	15	13	11
1573	7	29	30	29	27	23	24	27	25	21	23
1593	7	19	21	19	19	15	14	15	17	13	11
1598	7	30	30	27	27	25	23	25	25	21	23
1603	7	20	20	17	18	15	13	17	15	11	12
1606	7	51	51	49	49	45	45	46	46	43	43
1621	7	29	31	27	29	24	24	25	26	22	23
1624	7	20	21	19	19	14	14	15	17	11	13
1629	7	20	20	18	19	14	14	15	17	11	12
1636	7	19	20	17	17	15	15	15	16	13	12
1649	7	20	19	17	17	14	15	15	17	12	12
1654	7	19	19	19	19	14	13	17	15	11	13
1664	7	21	21	17	18	13	14	17	16	13	12
1670	7	19	21	18	17	13	15	16	15	13	13
1676	7	20	19	17	19	14	15	17	17	12	13
1693	7	20	21	18	17	14	15	16	16	12	11
1699	7	20	21	19	17	13	13	15	17	13	13
1700	7	19	21	17	17	14	14	17	16	13	12
1701	7	21	19	18	19	15	14	17	17	11	11
1704	7	20	21	17	18	15	15	17	15	12	13
1707	7	21	21	19	19	14	14	15	15	12	13
1713	7	20	20	18	17	13	15	16	17	13	12
1722	7	19	20	18	18	13	13	16	17	13	12
1727	7	21	21	17	19	13	14	17	16	11	13
1758	7	50	50	49	48	44	45	46	45	42	42
1759	7	20	19	19	17	15	14	15	16	13	13
1762	7	19	21	17	18	15	13	16	17	13	11
1771	7	21	19	17	19	13	13	15	16	11	13
1782	7	19	20	18	18	15	14	17	16	11	12
1788	7	20	19	17	18	15	13	17	16	13	13
1790	7	20	21	19	17	14	15	16	17	11	11
1791	7	29	29	28	27	25	24	27	25	22	23
1797	7	20	19	19	17	13	15	15	16	13	12
1805	7	20	20	19	19	14	13	16	17	13	13
1808	7	21	20	19	19	13	13	16	15	11	11
1809	7	20	20	18	17	14	14	17	15	11	13
1823	7	19	19	18	19	14	13	17	17	12	12
1824	7	19	20	18	18	14	14	17	15	12	13
1825	7	19	21	18	18	15	14	16	17	11	11
1837	7	21	21	17	17	13	13	16	15	11	12
37	8	17.5	17.5	15.5	17.5	12.5	11.5	15.5	14.5	9.5	9.5
38	8	20.5	21.5	17.5	17.5	14.5	13.5	15.5	17.5	13.5	12.5
51	8	17.5	19.5	15.5	17.5	11.5	11.5	14.5	15.5	11.5	9.5
56	8	21.5	20.5	18.5	19.5	15.5	14.5	16.5	16.5	11.5	12.5
72	8	18.5	18.5	16.5	17.5	13.5	11.5	13.5	14.5	11.5	9.5
73	8	19.5	20.5	19.5	17.5	14.5	15.5	17.5	15.5	13.5	12.5
76	8	19.5	21.5	18.5	17.5	15.5	15.5	16.5	17.5	13.5	12.5
96	8	20.5	21.5	19.5	19.5	13.5	15.5	17.5	17.5	12.5	11.5
103	8	18.5	17.5	17.5	15.5	11.5	13.5	14.5	15.5	11.5	10.5
123	8	21.5	19.5	17.5	18.5	15.5	13.5	17.5	16.5	11.5	12.5
133	8	21.5	20.5	18.5	17.5	14.5	13.5	17.5	17.5	13.5	11.5
137	8	20.5	21.5	18.5	19.5	13.5	13.5	15.5	16.5	12.5	12.5
143	8	19.5	20.5	17.5	19.5	13.5	15.5	16.5	17.5	12.5	12.5
148	8	20.5	19.5	19.5	18.5	15.5	14.5	16.5	17.5	11.5	13.5
165	8	21.5	21.5	19.5	19.5	13.5	15.5	16.5	15.5	13.5	13.5
171	8	19.5	21.5	18.5	17.5	14.5	13.5	16.5	15.5	12.5	13.5
172	8	20.5	20.5	17.5	17.5	13.5	13.5	17.5	17.5	12.5	12.5
175	8	17.5	19.5	15.5	16.5	11.5	11.5	14.5	13.5	10.5	10.5
178	8	20.5	19.5	19.5	17.5	14.5	14.5	15.5	16.5	13.5	11.5
187	8	18.5	18.5	15.5	17.5	13.5	12.5	15.5	15.5	9.5	11.5
225	8	20.5	21.5	18.5	17.5	13.5	13.5	17.5	17.5	13.5	13.5
233	8	20.5	21.5	19.5	18.5	13.5	15.5	15.5	16.5	12.5	11.5
252	8	26.5	27.5	25.5	23.5	21.5	19.5	23.5	21.5	19.5	19.5
254	8	19.5	20.5	19.5	18.5	13.5	13.5	16.5	15.5	12.5	13.5
259	8	21.5	19.5	18.5	17.5	14.5	15.5	17.5	16.5	13.5	12.5
267	8	18.5	19.5	17.5	15.5	12.5	11.5	13.5	15.5	9.5	11.5
270	8	19.5	19.5	17.5	19.5	15.5	14.5	15.5	16.5	12.5	13.5
271	8	30.5	31.5	29.5	27.5	24.5	23.5	27.5	27.5	22.5	23.5
273	8	28.5	28.5	27.5	27.5	22.5	22.5	23.5	24.5	19.5	19.5
285	8	41.5	40.5	38.5	37.5	33.5	33.5	37.5	37.5	32.5	32.5
287	8	31.5	29.5	29.5	27.5	24.5	24.5	26.5	26.5	22.5	21.5
292	8	21.5	19.5	18.5	17.5	13.5	15.5	16.5	15.5	13.5	13.5
297	8	20.5	19.5	18.5	17.5	15.5	14.5	16.5	15.5	11.5	13.5
303	8	21.5	21.5	19.5	17.5	14.5	15.5	17.5	16.5	13.5	11.5
306	8	21.5	19.5	19.5	17.5	14.5	13.5	15.5	17.5	12.5	13.5
315	8	21.5	21.5	17.5	18.5	14.5	13.5	17.5	17.5	11.5	13.5
327	8	19.5	19.5	17.5	18.5	13.5	14.5	15.5	16.5	11.5	11.5
336	8	19.5	21.5	19.5	19.5	13.5	15.5	16.5	16.5	12.5	13.5
341	8	20.5	20.5	17.5	19.5	15.5	13.5	17.5	16.5	11.5	12.5
345	8	19.5	19.5	17.5	16.5	12.5	11.5	14.5	13.5	10.5	9.5
372	8	49.5	51.5	48.5	49.5	43.5	44.5	46.5	45.5	41.5	41.5
374	8	21.5	19.5	19.5	19.5	15.5	13.5	17.5	16.5	13.5	12.5
375	8	21.5	20.5	19.5	17.5	13.5	14.5	15.5	16.5	11.5	13.5
378	8	19.5	19.5	17.5	19.5	13.5	15.5	16.5	15.5	12.5	12.5
393	8	21.5	21.5	18.5	19.5	15.5	13.5	15.5	15.5	13.5	13.5
395	8	21.5	21.5	19.5	18.5	14.5	15.5	15.5	17.5	13.5	12.5
402	8	21.5	21.5	18.5	17.5	13.5	13.5	16.5	17.5	12.5	13.5
407	8	20.5	20.5	19.5	19.5	14.5	15.5	17.5	15.5	12.5	11.5
424	8	29.5	29.5	27.5	27.5	24.5	24.5	27.5	26.5	22.5	23.5
428	8	19.5	19.5	18.5	18.5	13.5	15.5	17.5	17.5	12.5	12.5
440	8	19.5	19.5	19.5	17.5	15.5	13.5	15.5	15.5	13.5	11.5
441	8	20.5	21.5	18.5	18.5	15.5	15.5	17.5	17.5	12.5	12.5
453	8	20.5	21.5	18.5	19.5	15.5	15.5	16.5	15.5	11.5	11.5
456	8	19.5	21.5	19.5	17.5	13.5	13.5	16.5	16.5	11.5	12.5
463	8	19.5	21.5	19.5	17.5	13.5	13.5	16.5	16.5	11.5	12.5
469	8	20.5	21.5	17.5	19.5	15.5	15.5	15.5	17.5	11.5	12.5
472	8	21.5	20.5	17.5	18.5	14.5	15.5	16.5	17.5	11.5	13.5
490	8	21.5	19.5	18.5	17.5	13.5	15.5	15.5	16.5	11.5	13.5
492	8	19.5	20.5	18.5	17.5	13.5	15.5	17.5	15.5	11.5	11.5
509	8	21.5	19.5	19.5	17.5	14.5	13.5	16.5	15.5	12.5	11.5
517	8	19.5	19.5	18.5	18.5	13.5	14.5	17.5	17.5	12.5	11.5
538	8	19.5	21.5	19.5	18.5	14.5	13.5	15.5	17.5	11.5	12.5
542	8	21.5	21.5	17.5	18.5	15.5	15.5	15.5	15.5	12.5	11.5
550	8	21.5	19.5	18.5	18.5	15.5	13.5	17.5	15.5	11.5	11.5
560	8	21.5	21.5	17.5	17.5	14.5	15.5	17.5	16.5	12.5	12.5
563	8	21.5	20.5	19.5	18.5	15.5	13.5	16.5	15.5	11.5	13.5
583	8	21.5	21.5	18.5	18.5	14.5	14.5	17.5	17.5	11.5	11.5
584	8	20.5	20.5	17.5	18.5	14.5	13.5	15.5	16.5	11.5	11.5
600	8	19.5	21.5	17.5	17.5	15.5	13.5	16.5	17.5	12.5	12.5
601	8	20.5	21.5	17.5	19.5	13.5	14.5	16.5	16.5	13.5	12.5
631	8	19.5	19.5	19.5	17.5	13.5	14.5	17.5	16.5	12.5	13.5
645	8	19.5	20.5	17.5	17.5	13.5	13.5	16.5	16.5	11.5	13.5
664	8	19.5	20.5	17.5	17.5	15.5	14.5	15.5	16.5	13.5	11.5
677	8	20.5	20.5	19.5	18.5	15.5	14.5	15.5	15.5	11.5	12.5
681	8	20.5	19.5	17.5	19.5	13.5	15.5	17.5	17.5	12.5	13.5
684	8	17.5	17.5	16.5	17.5	13.5	13.5	14.5	15.5	10.5	10.5
689	8	20.5	19.5	18.5	17.5	15.5	13.5	16.5	16.5	13.5	11.5
694	8	21.5	20.5	19.5	19.5	13.5	14.5	16.5	15.5	12.5	13.5
695	8	21.5	20.5	19.5	19.5	13.5	13.5	16.5	16.5	13.5	11.5
699	8	20.5	20.5	17.5	18.5	13.5	13.5	15.5	16.5	12.5	11.5
714	8	20.5	19.5	17.5	19.5	13.5	13.5	16.5	15.5	11.5	13.5
731	8	18.5	18.5	16.5	17.5	12.5	12.5	14.5	14.5	11.5	9.5
732	8	27.5	25.5	23.5	24.5	19.5	21.5	22.5	21.5	18.5	19.5
751	8	21.5	21.5	17.5	19.5	15.5	13.5	17.5	16.5	13.5	12.5
755	8	21.5	20.5	17.5	18.5	14.5	14.5	15.5	16.5	12.5	13.5
772	8	19.5	21.5	18.5	18.5	14.5	14.5	17.5	17.5	12.5	11.5
789	8	20.5	19.5	18.5	17.5	15.5	13.5	15.5	15.5	11.5	13.5
806	8	20.5	20.5	19.5	18.5	13.5	14.5	16.5	16.5	13.5	11.5
810	8	21.5	21.5	17.5	17.5	13.5	13.5	17.5	15.5	11.5	13.5
830	8	20.5	19.5	18.5	19.5	15.5	15.5	16.5	15.5	11.5	11.5
843	8	21.5	19.5	17.5	19.5	13.5	14.5	16.5	17.5	11.5	13.5
847	8	20.5	20.5	19.5	17.5	13.5	15.5	16.5	16.5	12.5	12.5
850	8	21.5	19.5	17.5	19.5	15.5	15.5	16.5	17.5	13.5	11.5
854	8	19.5	19.5	17.5	17.5	15.5	15.5	16.5	16.5	11.5	12.5
871	8	20.5	20.5	18.5	18.5	15.5	15.5	15.5	16.5	13.5	12.5
873	8	19.5	20.5	18.5	19.5	14.5	15.5	16.5	16.5	11.5	13.5
887	8	21.5	21.5	17.5	19.5	14.5	14.5	16.5	16.5	11.5	11.5
895	8	20.5	21.5	17.5	19.5	13.5	14.5	16.5	16.5	13.5	13.5
907	8	20.5	21.5	19.5	19.5	13.5	13.5	16.5	16.5	12.5	13.5
911	8	19.5	19.5	17.5	17.5	13.5	13.5	16.5	15.5	11.5	12.5
923	8	20.5	21.5	17.5	18.5	15.5	13.5	15.5	16.5	11.5	11.5
928	8	21.5	19.5	18.5	19.5	13.5	14.5	16.5	17.5	12.5	12.5
938	8	20.5	19.5	17.5	18.5	14.5	14.5	15.5	17.5	12.5	12.5
952	8	20.5	19.5	17.5	19.5	15.5	14.5	15.5	15.5	13.5	12.5
971	8	19.5	19.5	18.5	17.5	13.5	15.5	15.5	15.5	11.5	12.5
972	8	20.5	19.5	19.5	17.5	14.5	14.5	16.5	17.5	12.5	12.5
978	8	19.5	20.5	19.5	18.5	15.5	15.5	17.5	17.5	13.5	13.5
981	8	19.5	20.5	19.5	18.5	15.5	15.5	17.5	16.5	12.5	13.5
982	8	21.5	21.5	19.5	17.5	14.5	14.5	16.5	15.5	13.5	13.5
993	8	29.5	29.5	29.5	28.5	23.5	25.5	25.5	27.5	23.5	23.5
998	8	19.5	19.5	17.5	18.5	13.5	13.5	15.5	16.5	12.5	11.5
1007	8	20.5	20.5	17.5	19.5	14.5	14.5	17.5	16.5	11.5	13.5
1008	8	20.5	19.5	17.5	18.5	14.5	15.5	17.5	15.5	13.5	11.5
1009	8	19.5	21.5	18.5	19.5	15.5	13.5	17.5	15.5	11.5	13.5
1017	8	21.5	19.5	19.5	17.5	15.5	15.5	17.5	15.5	11.5	13.5
1021	8	19.5	19.5	18.5	18.5	15.5	14.5	17.5	15.5	13.5	13.5
1030	8	19.5	21.5	18.5	18.5	15.5	13.5	16.5	16.5	11.5	13.5
1039	8	31.5	30.5	29.5	28.5	24.5	23.5	25.5	26.5	23.5	22.5
1080	8	21.5	21.5	18.5	17.5	15.5	13.5	17.5	17.5	13.5	12.5
1085	8	19.5	20.5	17.5	19.5	15.5	14.5	16.5	17.5	11.5	11.5
1104	8	21.5	20.5	18.5	19.5	14.5	13.5	15.5	16.5	13.5	12.5
1110	8	20.5	19.5	17.5	18.5	14.5	15.5	15.5	16.5	12.5	13.5
1119	8	19.5	21.5	17.5	17.5	14.5	14.5	17.5	16.5	12.5	11.5
1134	8	21.5	20.5	19.5	19.5	15.5	14.5	15.5	15.5	12.5	13.5
1137	8	20.5	20.5	18.5	19.5	14.5	15.5	16.5	15.5	13.5	13.5
1139	8	29.5	30.5	28.5	27.5	23.5	25.5	27.5	25.5	22.5	22.5
1149	8	19.5	21.5	19.5	19.5	15.5	13.5	17.5	17.5	12.5	12.5
1152	8	19.5	20.5	19.5	18.5	13.5	15.5	17.5	15.5	11.5	11.5
1167	8	19.5	19.5	19.5	17.5	15.5	14.5	16.5	17.5	11.5	12.5
1170	8	19.5	20.5	19.5	18.5	13.5	15.5	17.5	16.5	12.5	12.5
1183	8	20.5	20.5	18.5	17.5	13.5	15.5	15.5	15.5	11.5	13.5
1195	8	21.5	19.5	17.5	18.5	14.5	13.5	15.5	17.5	12.5	13.5
1199	8	30.5	31.5	29.5	27.5	24.5	23.5	25.5	27.5	22.5	21.5
1202	8	21.5	21.5	18.5	19.5	15.5	15.5	16.5	16.5	12.5	12.5
1210	8	19.5	19.5	17.5	19.5	13.5	13.5	17.5	16.5	12.5	11.5
1217	8	19.5	19.5	19.5	17.5	13.5	13.5	17.5	16.5	13.5	13.5
1235	8	20.5	19.5	19.5	19.5	14.5	14.5	15.5	15.5	12.5	13.5
1239	8	21.5	20.5	17.5	18.5	13.5	13.5	15.5	16.5	12.5	11.5
1256	8	21.5	19.5	18.5	18.5	13.5	13.5	16.5	17.5	13.5	12.5
1271	8	21.5	19.5	18.5	19.5	13.5	13.5	16.5	15.5	13.5	13.5
1279	8	20.5	21.5	19.5	19.5	13.5	13.5	17.5	17.5	12.5	11.5
1291	8	21.5	20.5	17.5	18.5	14.5	14.5	17.5	16.5	13.5	12.5
1294	8	19.5	19.5	18.5	19.5	15.5	15.5	16.5	17.5	12.5	11.5
1301	8	20.5	19.5	17.5	18.5	14.5	13.5	17.5	15.5	11.5	12.5
1303	8	30.5	29.5	29.5	27.5	23.5	25.5	27.5	26.5	23.5	21.5
1312	8	19.5	19.5	18.5	18.5	15.5	15.5	16.5	16.5	12.5	11.5
1319	8	21.5	21.5	18.5	17.5	13.5	14.5	15.5	16.5	12.5	11.5
1321	8	20.5	21.5	19.5	19.5	15.5	15.5	15.5	17.5	12.5	13.5
1326	8	21.5	20.5	19.5	19.5	13.5	13.5	16.5	17.5	12.5	12.5
1335	8	21.5	19.5	18.5	17.5	15.5	13.5	15.5	17.5	13.5	12.5
1340	8	21.5	21.5	17.5	17.5	13.5	15.5	17.5	16.5	13.5	11.5
1351	8	19.5	19.5	17.5	18.5	15.5	14.5	15.5	17.5	12.5	12.5
1352	8	19.5	21.5	18.5	17.5	15.5	13.5	15.5	15.5	12.5	12.5
1356	8	21.5	19.5	18.5	19.5	13.5	14.5	15.5	15.5	13.5	13.5
1379	8	20.5	21.5	19.5	18.5	14.5	13.5	15.5	16.5	13.5	12.5
1383	8	30.5	30.5	28.5	27.5	24.5	25.5	25.5	27.5	22.5	21.5
1387	8	20.5	20.5	18.5	19.5	15.5	15.5	17.5	15.5	11.5	12.5
1392	8	20.5	21.5	18.5	19.5	15.5	13.5	17.5	16.5	12.5	11.5
1396	8	19.5	21.5	18.5	17.5	15.5	13.5	17.5	15.5	11.5	11.5
1401	8	20.5	21.5	19.5	19.5	14.5	15.5	15.5	16.5	11.5	13.5
1410	8	19.5	20.5	19.5	17.5	13.5	14.5	16.5	16.5	12.5	12.5
1426	8	21.5	20.5	18.5	18.5	15.5	15.5	15.5	16.5	13.5	12.5
1434	8	39.5	41.5	39.5	39.5	33.5	33.5	36.5	35.5	31.5	31.5
1437	8	19.5	20.5	18.5	18.5	13.5	13.5	17.5	15.5	11.5	11.5
1441	8	21.5	21.5	18.5	18.5	13.5	15.5	15.5	15.5	13.5	12.5
1447	8	20.5	20.5	18.5	19.5	15.5	14.5	15.5	15.5	11.5	12.5
1449	8	19.5	19.5	19.5	17.5	15.5	14.5	17.5	17.5	12.5	12.5
1451	8	20.5	21.5	19.5	17.5	13.5	14.5	17.5	15.5	12.5	13.5
1482	8	20.5	21.5	17.5	17.5	14.5	15.5	15.5	15.5	13.5	12.5
1503	8	29.5	31.5	27.5	29.5	25.5	25.5	26.5	26.5	21.5	21.5
1504	8	19.5	20.5	18.5	17.5	13.5	15.5	16.5	15.5	13.5	13.5
1516	8	21.5	21.5	18.5	18.5	13.5	14.5	15.5	16.5	12.5	13.5
1536	8	19.5	19.5	17.5	18.5	14.5	14.5	17.5	15.5	12.5	11.5
1554	8	19.5	21.5	17.5	18.5	13.5	13.5	15.5	16.5	13.5	12.5
1560	8	21.5	20.5	18.5	19.5	15.5	15.5	15.5	17.5	11.5	12.5
1571	8	21.5	20.5	17.5	18.5	15.5	15.5	15.5	15.5	13.5	11.5
1573	8	29.5	30.5	29.5	27.5	23.5	24.5	27.5	25.5	21.5	23.5
1593	8	19.5	21.5	19.5	19.5	15.5	14.5	15.5	17.5	13.5	11.5
1598	8	30.5	30.5	27.5	27.5	25.5	23.5	25.5	25.5	21.5	23.5
1603	8	20.5	20.5	17.5	18.5	15.5	13.5	17.5	15.5	11.5	12.5
1606	8	51.5	51.5	49.5	49.5	45.5	45.5	46.5	46.5	43.5	43.5
1621	8	29.5	31.5	27.5	29.5	24.5	24.5	25.5	26.5	22.5	23.5
1624	8	20.5	21.5	19.5	19.5	14.5	14.5	15.5	17.5	11.5	13.5
1629	8	20.5	20.5	18.5	19.5	14.5	14.5	15.5	17.5	11.5	12.5
1636	8	19.5	20.5	17.5	17.5	15.5	15.5	15.5	16.5	13.5	12.5
1649	8	20.5	19.5	17.5	17.5	14.5	15.5	15.5	17.5	12.5	12.5
1654	8	19.5	19.5	19.5	19.5	14.5	13.5	17.5	15.5	11.5	13.5
1664	8	21.5	21.5	17.5	18.5	13.5	14.5	17.5	16.5	13.5	12.5
1670	8	19.5	21.5	18.5	17.5	13.5	15.5	16.5	15.5	13.5	13.5
1676	8	20.5	19.5	17.5	19.5	14.5	15.5	17.5	17.5	12.5	13.5
1693	8	20.5	21.5	18.5	17.5	14.5	15.5	16.5	16.5	12.5	11.5
1699	8	20.5	21.5	19.5	17.5	13.5	13.5	15.5	17.5	13.5	13.5
1700	8	19.5	21.5	17.5	17.5	14.5	14.5	17.5	16.5	13.5	12.5
1701	8	21.5	19.5	18.5	19.5	15.5	14.5	17.5	17.5	11.5	11.5
1704	8	20.5	21.5	17.5	18.5	15.5	15.5	17.5	15.5	12.5	13.5
1707	8	21.5	21.5	19.5	19.5	14.5	14.5	15.5	15.5	12.5	13.5
1713	8	20.5	20.5	18.5	17.5	13.5	15.5	16.5	17.5	13.5	12.5
1722	8	19.5	20.5	18.5	18.5	13.5	13.5	16.5	17.5	13.5	12.5
1727	8	21.5	21.5	17.5	19.5	13.5	14.5	17.5	16.5	11.5	13.5
1758	8	50.5	50.5	49.5	48.5	44.5	45.5	46.5	45.5	42.5	42.5
1759	8	20.5	19.5	19.5	17.5	15.5	14.5	15.5	16.5	13.5	13.5
1762	8	19.5	21.5	17.5	18.5	15.5	13.5	16.5	17.5	13.5	11.5
1771	8	21.5	19.5	17.5	19.5	13.5	13.5	15.5	16.5	11.5	13.5
1782	8	19.5	20.5	18.5	18.5	15.5	14.5	17.5	16.5	11.5	12.5
1788	8	20.5	19.5	17.5	18.5	15.5	13.5	17.5	16.5	13.5	13.5
1790	8	20.5	21.5	19.5	17.5	14.5	15.5	16.5	17.5	11.5	11.5
1791	8	29.5	29.5	28.5	27.5	25.5	24.5	27.5	25.5	22.5	23.5
1797	8	20.5	19.5	19.5	17.5	13.5	15.5	15.5	16.5	13.5	12.5
1805	8	20.5	20.5	19.5	19.5	14.5	13.5	16.5	17.5	13.5	13.5
1808	8	21.5	20.5	19.5	19.5	13.5	13.5	16.5	15.5	11.5	11.5
1809	8	20.5	20.5	18.5	17.5	14.5	14.5	17.5	15.5	11.5	13.5
1823	8	19.5	19.5	18.5	19.5	14.5	13.5	17.5	17.5	12.5	12.5
1824	8	19.5	20.5	18.5	18.5	14.5	14.5	17.5	15.5	12.5	13.5
1825	8	19.5	21.5	18.5	18.5	15.5	14.5	16.5	17.5	11.5	11.5
1837	8	21.5	21.5	17.5	17.5	13.5	13.5	16.5	15.5	11.5	12.5
0	1	0	0	0	0	0	0	0	0	0	0
0	2	0	0	0	0	0	0	0	0	0	0
0	3	0	0	0	0	0	0	0	0	0	0
0	4	0	0	0	0	0	0	0	0	0	0
0	5	0	0	0	0	0	0	0	0	0	0
0	6	0	0	0	0	0	0	0	0	0	0
0	7	0	0	0	0	0	0	0	0	0	0
0	8	0	0	0	0	0	0	0	0	0	0
1838	1	0	0	0	0	0	0	0	0	0	0
1838	2	0	0	0	0	0	0	0	0	0	0
1838	3	0	0	0	0	0	0	0	0	0	0
1838	4	0	0	0	0	0	0	0	0	0	0
1838	5	0	0	0	0	0	0	0	0	0	0
1838	6	0	0	0	0	0	0	0	0	0	0
1838	7	0	0	0	0	0	0	0	0	0	0
1838	8	0	0	0	0	0	0	0	0	0	0
