N	D	1	2	3	4	5	6	7	8	9	10
20	1	16	15	14	14	10	9	13	11	8	7
27	1	14	15	12	11	8	8	10	10	7	7
46	1	16	16	15	15	10	9	12	13	7	7
49	1	16	17	14	13	11	10	12	12	7	8
50	1	17	16	13	13	9	9	13	11	9	9
53	1	17	16	15	15	9	9	11	11	8	8
60	1	24	22	20	22	18	16	20	19	16	15
63	1	22	22	20	20	18	17	20	18	16	14
77	1	15	16	13	14	11	11	11	13	7	7
82	1	15	15	14	14	10	10	12	12	8	8
91	1	15	15	13	13	11	10	13	11	9	7
95	1	16	17	13	15	10	11	12	12	8	8
102	1	22	23	21	21	18	17	19	20	14	16
107	1	14	14	11	11	9	7	9	11	6	5
127	1	16	17	15	14	10	10	13	12	8	8
129	1	17	17	13	14	11	11	13	12	9	8
131	1	17	17	13	13	10	9	11	12	9	8
141	1	15	15	14	15	11	11	13	12	7	8
145	1	17	15	14	13	9	11	12	11	9	8
152	1	17	16	13	13	10	11	12	13	8	9
173	1	16	15	13	15	10	10	11	12	8	7
184	1	15	15	15	13	11	9	12	11	7	9
189	1	15	15	13	14	11	11	12	13	7	9
195	1	17	15	15	15	10	11	11	11	8	7
212	1	17	15	15	13	9	11	12	12	7	7
232	1	13	15	13	11	9	8	11	9	7	6
257	1	17	16	15	13	10	11	11	11	8	9
260	1	17	16	13	15	11	9	13	13	9	8
261	1	16	16	13	14	10	11	11	13	7	7
264	1	15	15	14	14	9	11	12	12	9	7
269	1	14	13	13	13	8	9	10	11	6	6
277	1	17	17	14	15	9	9	11	11	7	9
279	1	16	17	15	14	9	10	12	11	7	8
284	1	14	14	11	11	9	8	9	9	5	7
293	1	15	16	14	13	11	11	11	11	9	8
307	1	16	17	14	13	10	11	13	13	9	7
313	1	16	16	13	15	11	9	13	11	9	7
314	1	38	37	36	36	32	31	34	33	28	29
321	1	17	17	13	15	11	11	13	11	9	8
329	1	23	22	22	20	18	18	19	18	16	16
333	1	16	17	13	13	9	10	11	11	7	8
337	1	14	14	13	11	7	9	10	9	5	5
344	1	13	14	13	11	9	9	11	11	5	6
347	1	22	22	20	21	17	18	18	19	15	14
380	1	15	16	14	13	9	9	13	11	8	8
382	1	15	17	15	15	9	10	13	12	8	7
387	1	16	17	14	13	10	10	13	13	9	7
394	1	24	23	22	20	16	16	20	18	16	15
408	1	17	16	14	13	9	9	13	12	8	7
413	1	17	16	15	13	9	9	13	12	8	9
416	1	17	17	15	15	11	10	11	13	7	7
427	1	17	17	14	15	11	10	11	11	7	7
430	1	22	22	22	21	18	17	18	20	16	14
432	1	16	15	14	15	11	10	13	12	8	7
451	1	16	17	13	15	11	11	13	12	7	9
464	1	23	24	20	21	17	17	18	18	14	14
469	1	15	15	14	13	11	10	13	12	8	9
476	1	17	17	14	15	9	9	13	12	9	7
488	1	16	16	15	14	10	9	11	11	7	9
495	1	17	15	14	15	10	11	12	13	8	7
511	1	23	24	22	22	17	16	20	20	16	16
525	1	16	16	13	13	9	11	12	11	9	8
529	1	16	17	14	14	10	9	12	11	9	8
533	1	17	17	15	13	9	11	13	13	9	9
544	1	15	17	15	13	9	9	11	12	9	8
550	1	15	16	14	14	11	10	13	13	8	9
564	1	16	15	14	15	9	9	12	12	9	8
567	1	16	15	14	15	9	9	12	12	9	8
574	1	17	17	14	15	10	10	11	11	8	7
607	1	17	15	14	13	10	10	13	12	7	9
613	1	16	16	14	14	11	11	13	12	9	8
618	1	15	17	14	13	9	9	13	12	8	9
624	1	15	15	13	15	10	10	12	12	9	7
670	1	38	37	35	34	32	30	32	33	30	29
679	1	15	17	14	13	10	10	11	12	8	7
695	1	15	15	13	15	11	11	12	12	7	8
719	1	15	17	15	14	10	9	11	13	9	9
743	1	23	24	21	21	17	17	19	19	14	14
774	1	20	19	17	16	13	12	16	16	10	10
787	1	17	15	15	15	10	11	11	13	7	8
805	1	15	16	14	14	9	11	13	11	9	9
817	1	17	15	14	15	10	10	12	11	8	7
832	1	15	16	15	14	10	11	12	13	8	7
836	1	16	16	13	13	11	9	13	13	7	8
842	1	16	16	15	15	9	11	13	12	7	7
859	1	17	15	13	14	9	10	11	13	9	7
864	1	16	17	14	15	9	11	12	12	8	7
872	1	17	16	15	13	11	10	12	13	9	7
879	1	24	22	22	20	18	16	20	18	14	15
884	1	16	17	13	14	10	10	12	12	8	8
898	1	31	30	29	28	25	25	25	27	21	23
917	1	16	17	13	14	9	9	13	13	9	9
932	1	15	15	13	14	11	10	12	13	7	9
942	1	16	17	15	15	11	9	12	13	8	8
946	1	16	15	13	15	10	9	13	12	8	7
954	1	15	15	15	15	9	10	11	12	9	9
963	1	16	16	15	15	11	10	12	13	7	9
984	1	17	15	13	15	11	9	13	11	7	9
998	1	17	16	13	15	9	11	11	12	8	8
1003	1	15	15	13	13	9	11	12	12	9	7
1005	1	15	17	13	15	9	10	13	13	7	7
1023	1	16	15	13	14	10	11	13	11	9	8
1047	1	23	24	20	22	16	16	19	18	15	14
1054	1	16	17	14	14	10	9	12	12	7	7
1065	1	17	16	13	13	10	9	13	13	8	9
1069	1	17	15	15	14	9	10	13	13	8	8
1073	1	23	24	20	22	16	17	18	18	15	16
1079	1	16	17	14	15	11	10	11	11	9	8
1081	1	15	17	13	15	9	11	13	13	7	8
1091	1	16	17	15	13	10	9	13	12	7	9
1125	1	24	23	22	22	17	17	18	20	16	15
1135	1	16	15	15	13	10	11	13	12	8	9
1151	1	15	17	14	15	11	11	12	13	9	7
1156	1	16	15	13	15	9	9	12	13	8	8
1176	1	17	17	13	15	11	10	13	11	8	9
1198	1	15	16	14	14	10	11	13	11	7	9
1221	1	17	16	13	15	10	11	12	11	8	9
1230	1	17	17	14	13	9	11	13	13	7	7
1232	1	16	15	15	14	11	11	13	11	8	9
1238	1	17	16	13	15	10	11	12	12	8	9
1274	1	16	17	13	14	9	11	13	11	8	8
1283	1	16	17	14	13	10	11	11	13	8	7
1286	1	15	16	14	13	11	9	12	11	8	7
1304	1	15	16	15	15	9	9	11	12	7	7
1318	1	24	24	22	21	17	16	20	19	16	15
1328	1	17	16	14	13	11	10	13	12	8	9
1359	1	16	16	15	15	11	10	11	13	7	8
1370	1	23	24	22	20	17	17	20	20	14	16
1375	1	17	16	14	14	10	10	12	11	9	7
1381	1	15	15	13	13	9	10	11	12	8	9
1382	1	17	17	14	13	11	10	11	13	9	9
1385	1	24	23	21	22	17	16	18	19	15	15
1388	1	16	15	13	13	9	11	11	12	7	9
1398	1	16	16	14	14	10	9	11	11	9	8
1399	1	15	15	13	13	10	9	11	12	7	9
1449	1	16	16	13	15	11	10	13	11	7	7
1450	1	15	17	14	14	9	9	13	11	8	7
1454	1	17	15	14	14	11	9	12	12	9	7
1458	1	16	15	13	15	9	10	13	11	9	7
1479	1	15	15	13	13	11	10	12	13	8	9
1484	1	17	15	15	13	9	10	12	12	9	8
1487	1	17	15	15	15	10	9	12	11	9	8
1518	1	17	17	13	13	9	10	11	13	8	9
1530	1	15	15	14	13	11	11	12	12	8	8
1544	1	17	17	13	13	11	9	13	11	9	8
1581	1	15	16	14	13	11	10	11	11	7	8
1595	1	16	16	15	14	11	9	11	13	9	8
1627	1	17	15	14	13	10	10	11	12	9	9
1647	1	17	15	14	15	10	11	13	12	9	8
1650	1	22	22	20	22	18	16	18	18	14	16
1653	1	16	16	13	14	9	10	13	12	7	7
1671	1	16	16	15	14	9	10	12	12	7	7
1680	1	16	17	13	15	11	10	12	11	7	7
1706	1	24	23	20	22	16	17	20	19	16	15
1742	1	15	17	15	13	9	10	12	11	8	8
1774	1	15	16	13	15	9	11	13	13	9	9
1780	1	16	17	14	14	9	11	11	12	7	9
1834	1	16	15	14	14	11	9	13	12	7	9
20	2	16.5	15.5	14.5	14.5	10.5	9.5	13.5	11.5	8.5	7.5
27	2	14.5	15.5	12.5	11.5	8.5	8.5	10.5	10.5	7.5	7.5
46	2	16.5	16.5	15.5	15.5	10.5	9.5	12.5	13.5	7.5	7.5
49	2	16.5	17.5	14.5	13.5	11.5	10.5	12.5	12.5	7.5	8.5
50	2	17.5	16.5	13.5	13.5	9.5	9.5	13.5	11.5	9.5	9.5
53	2	17.5	16.5	15.5	15.5	9.5	9.5	11.5	11.5	8.5	8.5
60	2	24.5	22.5	20.5	22.5	18.5	16.5	20.5	19.5	16.5	15.5
63	2	22.5	22.5	20.5	20.5	18.5	17.5	20.5	18.5	16.5	14.5
77	2	15.5	16.5	13.5	14.5	11.5	11.5	11.5	13.5	7.5	7.5
82	2	15.5	15.5	14.5	14.5	10.5	10.5	12.5	12.5	8.5	8.5
91	2	15.5	15.5	13.5	13.5	11.5	10.5	13.5	11.5	9.5	7.5
95	2	16.5	17.5	13.5	15.5	10.5	11.5	12.5	12.5	8.5	8.5
102	2	22.5	23.5	21.5	21.5	18.5	17.5	19.5	20.5	14.5	16.5
107	2	14.5	14.5	11.5	11.5	9.5	7.5	9.5	11.5	6.5	5.5
127	2	16.5	17.5	15.5	14.5	10.5	10.5	13.5	12.5	8.5	8.5
129	2	17.5	17.5	13.5	14.5	11.5	11.5	13.5	12.5	9.5	8.5
131	2	17.5	17.5	13.5	13.5	10.5	9.5	11.5	12.5	9.5	8.5
141	2	15.5	15.5	14.5	15.5	11.5	11.5	13.5	12.5	7.5	8.5
145	2	17.5	15.5	14.5	13.5	9.5	11.5	12.5	11.5	9.5	8.5
152	2	17.5	16.5	13.5	13.5	10.5	11.5	12.5	13.5	8.5	9.5
173	2	16.5	15.5	13.5	15.5	10.5	10.5	11.5	12.5	8.5	7.5
184	2	15.5	15.5	15.5	13.5	11.5	9.5	12.5	11.5	7.5	9.5
189	2	15.5	15.5	13.5	14.5	11.5	11.5	12.5	13.5	7.5	9.5
195	2	17.5	15.5	15.5	15.5	10.5	11.5	11.5	11.5	8.5	7.5
212	2	17.5	15.5	15.5	13.5	9.5	11.5	12.5	12.5	7.5	7.5
232	2	13.5	15.5	13.5	11.5	9.5	8.5	11.5	9.5	7.5	6.5
257	2	17.5	16.5	15.5	13.5	10.5	11.5	11.5	11.5	8.5	9.5
260	2	17.5	16.5	13.5	15.5	11.5	9.5	13.5	13.5	9.5	8.5
261	2	16.5	16.5	13.5	14.5	10.5	11.5	11.5	13.5	7.5	7.5
264	2	15.5	15.5	14.5	14.5	9.5	11.5	12.5	12.5	9.5	7.5
269	2	14.5	13.5	13.5	13.5	8.5	9.5	10.5	11.5	6.5	6.5
277	2	17.5	17.5	14.5	15.5	9.5	9.5	11.5	11.5	7.5	9.5
279	2	16.5	17.5	15.5	14.5	9.5	10.5	12.5	11.5	7.5	8.5
284	2	14.5	14.5	11.5	11.5	9.5	8.5	9.5	9.5	5.5	7.5
293	2	15.5	16.5	14.5	13.5	11.5	11.5	11.5	11.5	9.5	8.5
307	2	16.5	17.5	14.5	13.5	10.5	11.5	13.5	13.5	9.5	7.5
313	2	16.5	16.5	13.5	15.5	11.5	9.5	13.5	11.5	9.5	7.5
314	2	38.5	37.5	36.5	36.5	32.5	31.5	34.5	33.5	28.5	29.5
321	2	17.5	17.5	13.5	15.5	11.5	11.5	13.5	11.5	9.5	8.5
329	2	23.5	22.5	22.5	20.5	18.5	18.5	19.5	18.5	16.5	16.5
333	2	16.5	17.5	13.5	13.5	9.5	10.5	11.5	11.5	7.5	8.5
337	2	14.5	14.5	13.5	11.5	7.5	9.5	10.5	9.5	5.5	5.5
344	2	13.5	14.5	13.5	11.5	9.5	9.5	11.5	11.5	5.5	6.5
347	2	22.5	22.5	20.5	21.5	17.5	18.5	18.5	19.5	15.5	14.5
380	2	15.5	16.5	14.5	13.5	9.5	9.5	13.5	11.5	8.5	8.5
382	2	15.5	17.5	15.5	15.5	9.5	10.5	13.5	12.5	8.5	7.5
387	2	16.5	17.5	14.5	13.5	10.5	10.5	13.5	13.5	9.5	7.5
394	2	24.5	23.5	22.5	20.5	16.5	16.5	20.5	18.5	16.5	15.5
408	2	17.5	16.5	14.5	13.5	9.5	9.5	13.5	12.5	8.5	7.5
413	2	17.5	16.5	15.5	13.5	9.5	9.5	13.5	12.5	8.5	9.5
416	2	17.5	17.5	15.5	15.5	11.5	10.5	11.5	13.5	7.5	7.5
427	2	17.5	17.5	14.5	15.5	11.5	10.5	11.5	11.5	7.5	7.5
430	2	22.5	22.5	22.5	21.5	18.5	17.5	18.5	20.5	16.5	14.5
432	2	16.5	15.5	14.5	15.5	11.5	10.5	13.5	12.5	8.5	7.5
451	2	16.5	17.5	13.5	15.5	11.5	11.5	13.5	12.5	7.5	9.5
464	2	23.5	24.5	20.5	21.5	17.5	17.5	18.5	18.5	14.5	14.5
469	2	15.5	15.5	14.5	13.5	11.5	10.5	13.5	12.5	8.5	9.5
476	2	17.5	17.5	14.5	15.5	9.5	9.5	13.5	12.5	9.5	7.5
488	2	16.5	16.5	15.5	14.5	10.5	9.5	11.5	11.5	7.5	9.5
495	2	17.5	15.5	14.5	15.5	10.5	11.5	12.5	13.5	8.5	7.5
511	2	23.5	24.5	22.5	22.5	17.5	16.5	20.5	20.5	16.5	16.5
525	2	16.5	16.5	13.5	13.5	9.5	11.5	12.5	11.5	9.5	8.5
529	2	16.5	17.5	14.5	14.5	10.5	9.5	12.5	11.5	9.5	8.5
533	2	17.5	17.5	15.5	13.5	9.5	11.5	13.5	13.5	9.5	9.5
544	2	15.5	17.5	15.5	13.5	9.5	9.5	11.5	12.5	9.5	8.5
550	2	15.5	16.5	14.5	14.5	11.5	10.5	13.5	13.5	8.5	9.5
564	2	16.5	15.5	14.5	15.5	9.5	9.5	12.5	12.5	9.5	8.5
567	2	16.5	15.5	14.5	15.5	9.5	9.5	12.5	12.5	9.5	8.5
574	2	17.5	17.5	14.5	15.5	10.5	10.5	11.5	11.5	8.5	7.5
607	2	17.5	15.5	14.5	13.5	10.5	10.5	13.5	12.5	7.5	9.5
613	2	16.5	16.5	14.5	14.5	11.5	11.5	13.5	12.5	9.5	8.5
618	2	15.5	17.5	14.5	13.5	9.5	9.5	13.5	12.5	8.5	9.5
624	2	15.5	15.5	13.5	15.5	10.5	10.5	12.5	12.5	9.5	7.5
670	2	38.5	37.5	35.5	34.5	32.5	30.5	32.5	33.5	30.5	29.5
679	2	15.5	17.5	14.5	13.5	10.5	10.5	11.5	12.5	8.5	7.5
695	2	15.5	15.5	13.5	15.5	11.5	11.5	12.5	12.5	7.5	8.5
719	2	15.5	17.5	15.5	14.5	10.5	9.5	11.5	13.5	9.5	9.5
743	2	23.5	24.5	21.5	21.5	17.5	17.5	19.5	19.5	14.5	14.5
774	2	20.5	19.5	17.5	16.5	13.5	12.5	16.5	16.5	10.5	10.5
787	2	17.5	15.5	15.5	15.5	10.5	11.5	11.5	13.5	7.5	8.5
805	2	15.5	16.5	14.5	14.5	9.5	11.5	13.5	11.5	9.5	9.5
817	2	17.5	15.5	14.5	15.5	10.5	10.5	12.5	11.5	8.5	7.5
832	2	15.5	16.5	15.5	14.5	10.5	11.5	12.5	13.5	8.5	7.5
836	2	16.5	16.5	13.5	13.5	11.5	9.5	13.5	13.5	7.5	8.5
842	2	16.5	16.5	15.5	15.5	9.5	11.5	13.5	12.5	7.5	7.5
859	2	17.5	15.5	13.5	14.5	9.5	10.5	11.5	13.5	9.5	7.5
864	2	16.5	17.5	14.5	15.5	9.5	11.5	12.5	12.5	8.5	7.5
872	2	17.5	16.5	15.5	13.5	11.5	10.5	12.5	13.5	9.5	7.5
879	2	24.5	22.5	22.5	20.5	18.5	16.5	20.5	18.5	14.5	15.5
884	2	16.5	17.5	13.5	14.5	10.5	10.5	12.5	12.5	8.5	8.5
898	2	31.5	30.5	29.5	28.5	25.5	25.5	25.5	27.5	21.5	23.5
917	2	16.5	17.5	13.5	14.5	9.5	9.5	13.5	13.5	9.5	9.5
932	2	15.5	15.5	13.5	14.5	11.5	10.5	12.5	13.5	7.5	9.5
942	2	16.5	17.5	15.5	15.5	11.5	9.5	12.5	13.5	8.5	8.5
946	2	16.5	15.5	13.5	15.5	10.5	9.5	13.5	12.5	8.5	7.5
954	2	15.5	15.5	15.5	15.5	9.5	10.5	11.5	12.5	9.5	9.5
963	2	16.5	16.5	15.5	15.5	11.5	10.5	12.5	13.5	7.5	9.5
984	2	17.5	15.5	13.5	15.5	11.5	9.5	13.5	11.5	7.5	9.5
998	2	17.5	16.5	13.5	15.5	9.5	11.5	11.5	12.5	8.5	8.5
1003	2	15.5	15.5	13.5	13.5	9.5	11.5	12.5	12.5	9.5	7.5
1005	2	15.5	17.5	13.5	15.5	9.5	10.5	13.5	13.5	7.5	7.5
1023	2	16.5	15.5	13.5	14.5	10.5	11.5	13.5	11.5	9.5	8.5
1047	2	23.5	24.5	20.5	22.5	16.5	16.5	19.5	18.5	15.5	14.5
1054	2	16.5	17.5	14.5	14.5	10.5	9.5	12.5	12.5	7.5	7.5
1065	2	17.5	16.5	13.5	13.5	10.5	9.5	13.5	13.5	8.5	9.5
1069	2	17.5	15.5	15.5	14.5	9.5	10.5	13.5	13.5	8.5	8.5
1073	2	23.5	24.5	20.5	22.5	16.5	17.5	18.5	18.5	15.5	16.5
1079	2	16.5	17.5	14.5	15.5	11.5	10.5	11.5	11.5	9.5	8.5
1081	2	15.5	17.5	13.5	15.5	9.5	11.5	13.5	13.5	7.5	8.5
1091	2	16.5	17.5	15.5	13.5	10.5	9.5	13.5	12.5	7.5	9.5
1125	2	24.5	23.5	22.5	22.5	17.5	17.5	18.5	20.5	16.5	15.5
1135	2	16.5	15.5	15.5	13.5	10.5	11.5	13.5	12.5	8.5	9.5
1151	2	15.5	17.5	14.5	15.5	11.5	11.5	12.5	13.5	9.5	7.5
1156	2	16.5	15.5	13.5	15.5	9.5	9.5	12.5	13.5	8.5	8.5
1176	2	17.5	17.5	13.5	15.5	11.5	10.5	13.5	11.5	8.5	9.5
1198	2	15.5	16.5	14.5	14.5	10.5	11.5	13.5	11.5	7.5	9.5
1221	2	17.5	16.5	13.5	15.5	10.5	11.5	12.5	11.5	8.5	9.5
1230	2	17.5	17.5	14.5	13.5	9.5	11.5	13.5	13.5	7.5	7.5
1232	2	16.5	15.5	15.5	14.5	11.5	11.5	13.5	11.5	8.5	9.5
1238	2	17.5	16.5	13.5	15.5	10.5	11.5	12.5	12.5	8.5	9.5
1274	2	16.5	17.5	13.5	14.5	9.5	11.5	13.5	11.5	8.5	8.5
1283	2	16.5	17.5	14.5	13.5	10.5	11.5	11.5	13.5	8.5	7.5
1286	2	15.5	16.5	14.5	13.5	11.5	9.5	12.5	11.5	8.5	7.5
1304	2	15.5	16.5	15.5	15.5	9.5	9.5	11.5	12.5	7.5	7.5
1318	2	24.5	24.5	22.5	21.5	17.5	16.5	20.5	19.5	16.5	15.5
1328	2	17.5	16.5	14.5	13.5	11.5	10.5	13.5	12.5	8.5	9.5
1359	2	16.5	16.5	15.5	15.5	11.5	10.5	11.5	13.5	7.5	8.5
1370	2	23.5	24.5	22.5	20.5	17.5	17.5	20.5	20.5	14.5	16.5
1375	2	17.5	16.5	14.5	14.5	10.5	10.5	12.5	11.5	9.5	7.5
1381	2	15.5	15.5	13.5	13.5	9.5	10.5	11.5	12.5	8.5	9.5
1382	2	17.5	17.5	14.5	13.5	11.5	10.5	11.5	13.5	9.5	9.5
1385	2	24.5	23.5	21.5	22.5	17.5	16.5	18.5	19.5	15.5	15.5
1388	2	16.5	15.5	13.5	13.5	9.5	11.5	11.5	12.5	7.5	9.5
1398	2	16.5	16.5	14.5	14.5	10.5	9.5	11.5	11.5	9.5	8.5
1399	2	15.5	15.5	13.5	13.5	10.5	9.5	11.5	12.5	7.5	9.5
1449	2	16.5	16.5	13.5	15.5	11.5	10.5	13.5	11.5	7.5	7.5
1450	2	15.5	17.5	14.5	14.5	9.5	9.5	13.5	11.5	8.5	7.5
1454	2	17.5	15.5	14.5	14.5	11.5	9.5	12.5	12.5	9.5	7.5
1458	2	16.5	15.5	13.5	15.5	9.5	10.5	13.5	11.5	9.5	7.5
1479	2	15.5	15.5	13.5	13.5	11.5	10.5	12.5	13.5	8.5	9.5
1484	2	17.5	15.5	15.5	13.5	9.5	10.5	12.5	12.5	9.5	8.5
1487	2	17.5	15.5	15.5	15.5	10.5	9.5	12.5	11.5	9.5	8.5
1518	2	17.5	17.5	13.5	13.5	9.5	10.5	11.5	13.5	8.5	9.5
1530	2	15.5	15.5	14.5	13.5	11.5	11.5	12.5	12.5	8.5	8.5
1544	2	17.5	17.5	13.5	13.5	11.5	9.5	13.5	11.5	9.5	8.5
1581	2	15.5	16.5	14.5	13.5	11.5	10.5	11.5	11.5	7.5	8.5
1595	2	16.5	16.5	15.5	14.5	11.5	9.5	11.5	13.5	9.5	8.5
1627	2	17.5	15.5	14.5	13.5	10.5	10.5	11.5	12.5	9.5	9.5
1647	2	17.5	15.5	14.5	15.5	10.5	11.5	13.5	12.5	9.5	8.5
1650	2	22.5	22.5	20.5	22.5	18.5	16.5	18.5	18.5	14.5	16.5
1653	2	16.5	16.5	13.5	14.5	9.5	10.5	13.5	12.5	7.5	7.5
1671	2	16.5	16.5	15.5	14.5	9.5	10.5	12.5	12.5	7.5	7.5
1680	2	16.5	17.5	13.5	15.5	11.5	10.5	12.5	11.5	7.5	7.5
1706	2	24.5	23.5	20.5	22.5	16.5	17.5	20.5	19.5	16.5	15.5
1742	2	15.5	17.5	15.5	13.5	9.5	10.5	12.5	11.5	8.5	8.5
1774	2	15.5	16.5	13.5	15.5	9.5	11.5	13.5	13.5	9.5	9.5
1780	2	16.5	17.5	14.5	14.5	9.5	11.5	11.5	12.5	7.5	9.5
1834	2	16.5	15.5	14.5	14.5	11.5	9.5	13.5	12.5	7.5	9.5
20	3	17	16	15	15	11	10	14	12	9	8
27	3	15	16	13	12	9	9	11	11	8	8
46	3	17	17	16	16	11	10	13	14	8	8
49	3	17	18	15	14	12	11	13	13	8	9
50	3	18	17	14	14	10	10	14	12	10	10
53	3	18	17	16	16	10	10	12	12	9	9
60	3	25	23	21	23	19	17	21	20	17	16
63	3	23	23	21	21	19	18	21	19	17	15
77	3	16	17	14	15	12	12	12	14	8	8
82	3	16	16	15	15	11	11	13	13	9	9
91	3	16	16	14	14	12	11	14	12	10	8
95	3	17	18	14	16	11	12	13	13	9	9
102	3	23	24	22	22	19	18	20	21	15	17
107	3	15	15	12	12	10	8	10	12	7	6
127	3	17	18	16	15	11	11	14	13	9	9
129	3	18	18	14	15	12	12	14	13	10	9
131	3	18	18	14	14	11	10	12	13	10	9
141	3	16	16	15	16	12	12	14	13	8	9
145	3	18	16	15	14	10	12	13	12	10	9
152	3	18	17	14	14	11	12	13	14	9	10
173	3	17	16	14	16	11	11	12	13	9	8
184	3	16	16	16	14	12	10	13	12	8	10
189	3	16	16	14	15	12	12	13	14	8	10
195	3	18	16	16	16	11	12	12	12	9	8
212	3	18	16	16	14	10	12	13	13	8	8
232	3	14	16	14	12	10	9	12	10	8	7
257	3	18	17	16	14	11	12	12	12	9	10
260	3	18	17	14	16	12	10	14	14	10	9
261	3	17	17	14	15	11	12	12	14	8	8
264	3	16	16	15	15	10	12	13	13	10	8
269	3	15	14	14	14	9	10	11	12	7	7
277	3	18	18	15	16	10	10	12	12	8	10
279	3	17	18	16	15	10	11	13	12	8	9
284	3	15	15	12	12	10	9	10	10	6	8
293	3	16	17	15	14	12	12	12	12	10	9
307	3	17	18	15	14	11	12	14	14	10	8
313	3	17	17	14	16	12	10	14	12	10	8
314	3	39	38	37	37	33	32	35	34	29	30
321	3	18	18	14	16	12	12	14	12	10	9
329	3	24	23	23	21	19	19	20	19	17	17
333	3	17	18	14	14	10	11	12	12	8	9
337	3	15	15	14	12	8	10	11	10	6	6
344	3	14	15	14	12	10	10	12	12	6	7
347	3	23	23	21	22	18	19	19	20	16	15
380	3	16	17	15	14	10	10	14	12	9	9
382	3	16	18	16	16	10	11	14	13	9	8
387	3	17	18	15	14	11	11	14	14	10	8
394	3	25	24	23	21	17	17	21	19	17	16
408	3	18	17	15	14	10	10	14	13	9	8
413	3	18	17	16	14	10	10	14	13	9	10
416	3	18	18	16	16	12	11	12	14	8	8
427	3	18	18	15	16	12	11	12	12	8	8
430	3	23	23	23	22	19	18	19	21	17	15
432	3	17	16	15	16	12	11	14	13	9	8
451	3	17	18	14	16	12	12	14	13	8	10
464	3	24	25	21	22	18	18	19	19	15	15
469	3	16	16	15	14	12	11	14	13	9	10
476	3	18	18	15	16	10	10	14	13	10	8
488	3	17	17	16	15	11	10	12	12	8	10
495	3	18	16	15	16	11	12	13	14	9	8
511	3	24	25	23	23	18	17	21	21	17	17
525	3	17	17	14	14	10	12	13	12	10	9
529	3	17	18	15	15	11	10	13	12	10	9
533	3	18	18	16	14	10	12	14	14	10	10
544	3	16	18	16	14	10	10	12	13	10	9
550	3	16	17	15	15	12	11	14	14	9	10
564	3	17	16	15	16	10	10	13	13	10	9
567	3	17	16	15	16	10	10	13	13	10	9
574	3	18	18	15	16	11	11	12	12	9	8
607	3	18	16	15	14	11	11	14	13	8	10
613	3	17	17	15	15	12	12	14	13	10	9
618	3	16	18	15	14	10	10	14	13	9	10
624	3	16	16	14	16	11	11	13	13	10	8
670	3	39	38	36	35	33	31	33	34	31	30
679	3	16	18	15	14	11	11	12	13	9	8
695	3	16	16	14	16	12	12	13	13	8	9
719	3	16	18	16	15	11	10	12	14	10	10
743	3	24	25	22	22	18	18	20	20	15	15
774	3	21	20	18	17	14	13	17	17	11	11
787	3	18	16	16	16	11	12	12	14	8	9
805	3	16	17	15	15	10	12	14	12	10	10
817	3	18	16	15	16	11	11	13	12	9	8
832	3	16	17	16	15	11	12	13	14	9	8
836	3	17	17	14	14	12	10	14	14	8	9
842	3	17	17	16	16	10	12	14	13	8	8
859	3	18	16	14	15	10	11	12	14	10	8
864	3	17	18	15	16	10	12	13	13	9	8
872	3	18	17	16	14	12	11	13	14	10	8
879	3	25	23	23	21	19	17	21	19	15	16
884	3	17	18	14	15	11	11	13	13	9	9
898	3	32	31	30	29	26	26	26	28	22	24
917	3	17	18	14	15	10	10	14	14	10	10
932	3	16	16	14	15	12	11	13	14	8	10
942	3	17	18	16	16	12	10	13	14	9	9
946	3	17	16	14	16	11	10	14	13	9	8
954	3	16	16	16	16	10	11	12	13	10	10
963	3	17	17	16	16	12	11	13	14	8	10
984	3	18	16	14	16	12	10	14	12	8	10
998	3	18	17	14	16	10	12	12	13	9	9
1003	3	16	16	14	14	10	12	13	13	10	8
1005	3	16	18	14	16	10	11	14	14	8	8
1023	3	17	16	14	15	11	12	14	12	10	9
1047	3	24	25	21	23	17	17	20	19	16	15
1054	3	17	18	15	15	11	10	13	13	8	8
1065	3	18	17	14	14	11	10	14	14	9	10
1069	3	18	16	16	15	10	11	14	14	9	9
1073	3	24	25	21	23	17	18	19	19	16	17
1079	3	17	18	15	16	12	11	12	12	10	9
1081	3	16	18	14	16	10	12	14	14	8	9
1091	3	17	18	16	14	11	10	14	13	8	10
1125	3	25	24	23	23	18	18	19	21	17	16
1135	3	17	16	16	14	11	12	14	13	9	10
1151	3	16	18	15	16	12	12	13	14	10	8
1156	3	17	16	14	16	10	10	13	14	9	9
1176	3	18	18	14	16	12	11	14	12	9	10
1198	3	16	17	15	15	11	12	14	12	8	10
1221	3	18	17	14	16	11	12	13	12	9	10
1230	3	18	18	15	14	10	12	14	14	8	8
1232	3	17	16	16	15	12	12	14	12	9	10
1238	3	18	17	14	16	11	12	13	13	9	10
1274	3	17	18	14	15	10	12	14	12	9	9
1283	3	17	18	15	14	11	12	12	14	9	8
1286	3	16	17	15	14	12	10	13	12	9	8
1304	3	16	17	16	16	10	10	12	13	8	8
1318	3	25	25	23	22	18	17	21	20	17	16
1328	3	18	17	15	14	12	11	14	13	9	10
1359	3	17	17	16	16	12	11	12	14	8	9
1370	3	24	25	23	21	18	18	21	21	15	17
1375	3	18	17	15	15	11	11	13	12	10	8
1381	3	16	16	14	14	10	11	12	13	9	10
1382	3	18	18	15	14	12	11	12	14	10	10
1385	3	25	24	22	23	18	17	19	20	16	16
1388	3	17	16	14	14	10	12	12	13	8	10
1398	3	17	17	15	15	11	10	12	12	10	9
1399	3	16	16	14	14	11	10	12	13	8	10
1449	3	17	17	14	16	12	11	14	12	8	8
1450	3	16	18	15	15	10	10	14	12	9	8
1454	3	18	16	15	15	12	10	13	13	10	8
1458	3	17	16	14	16	10	11	14	12	10	8
1479	3	16	16	14	14	12	11	13	14	9	10
1484	3	18	16	16	14	10	11	13	13	10	9
1487	3	18	16	16	16	11	10	13	12	10	9
1518	3	18	18	14	14	10	11	12	14	9	10
1530	3	16	16	15	14	12	12	13	13	9	9
1544	3	18	18	14	14	12	10	14	12	10	9
1581	3	16	17	15	14	12	11	12	12	8	9
1595	3	17	17	16	15	12	10	12	14	10	9
1627	3	18	16	15	14	11	11	12	13	10	10
1647	3	18	16	15	16	11	12	14	13	10	9
1650	3	23	23	21	23	19	17	19	19	15	17
1653	3	17	17	14	15	10	11	14	13	8	8
1671	3	17	17	16	15	10	11	13	13	8	8
1680	3	17	18	14	16	12	11	13	12	8	8
1706	3	25	24	21	23	17	18	21	20	17	16
1742	3	16	18	16	14	10	11	13	12	9	9
1774	3	16	17	14	16	10	12	14	14	10	10
1780	3	17	18	15	15	10	12	12	13	8	10
1834	3	17	16	15	15	12	10	14	13	8	10
20	4	17.5	16.5	15.5	15.5	11.5	10.5	14.5	12.5	9.5	8.5
27	4	15.5	16.5	13.5	12.5	9.5	9.5	11.5	11.5	8.5	8.5
46	4	17.5	17.5	16.5	16.5	11.5	10.5	13.5	14.5	8.5	8.5
49	4	17.5	18.5	15.5	14.5	12.5	11.5	13.5	13.5	8.5	9.5
50	4	18.5	17.5	14.5	14.5	10.5	10.5	14.5	12.5	10.5	10.5
53	4	18.5	17.5	16.5	16.5	10.5	10.5	12.5	12.5	9.5	9.5
60	4	25.5	23.5	21.5	23.5	19.5	17.5	21.5	20.5	17.5	16.5
63	4	23.5	23.5	21.5	21.5	19.5	18.5	21.5	19.5	17.5	15.5
77	4	16.5	17.5	14.5	15.5	12.5	12.5	12.5	14.5	8.5	8.5
82	4	16.5	16.5	15.5	15.5	11.5	11.5	13.5	13.5	9.5	9.5
91	4	16.5	16.5	14.5	14.5	12.5	11.5	14.5	12.5	10.5	8.5
95	4	17.5	18.5	14.5	16.5	11.5	12.5	13.5	13.5	9.5	9.5
102	4	23.5	24.5	22.5	22.5	19.5	18.5	20.5	21.5	15.5	17.5
107	4	15.5	15.5	12.5	12.5	10.5	8.5	10.5	12.5	7.5	6.5
127	4	17.5	18.5	16.5	15.5	11.5	11.5	14.5	13.5	9.5	9.5
129	4	18.5	18.5	14.5	15.5	12.5	12.5	14.5	13.5	10.5	9.5
131	4	18.5	18.5	14.5	14.5	11.5	10.5	12.5	13.5	10.5	9.5
141	4	16.5	16.5	15.5	16.5	12.5	12.5	14.5	13.5	8.5	9.5
145	4	18.5	16.5	15.5	14.5	10.5	12.5	13.5	12.5	10.5	9.5
152	4	18.5	17.5	14.5	14.5	11.5	12.5	13.5	14.5	9.5	10.5
173	4	17.5	16.5	14.5	16.5	11.5	11.5	12.5	13.5	9.5	8.5
184	4	16.5	16.5	16.5	14.5	12.5	10.5	13.5	12.5	8.5	10.5
189	4	16.5	16.5	14.5	15.5	12.5	12.5	13.5	14.5	8.5	10.5
195	4	18.5	16.5	16.5	16.5	11.5	12.5	12.5	12.5	9.5	8.5
212	4	18.5	16.5	16.5	14.5	10.5	12.5	13.5	13.5	8.5	8.5
232	4	14.5	16.5	14.5	12.5	10.5	9.5	12.5	10.5	8.5	7.5
257	4	18.5	17.5	16.5	14.5	11.5	12.5	12.5	12.5	9.5	10.5
260	4	18.5	17.5	14.5	16.5	12.5	10.5	14.5	14.5	10.5	9.5
261	4	17.5	17.5	14.5	15.5	11.5	12.5	12.5	14.5	8.5	8.5
264	4	16.5	16.5	15.5	15.5	10.5	12.5	13.5	13.5	10.5	8.5
269	4	15.5	14.5	14.5	14.5	9.5	10.5	11.5	12.5	7.5	7.5
277	4	18.5	18.5	15.5	16.5	10.5	10.5	12.5	12.5	8.5	10.5
279	4	17.5	18.5	16.5	15.5	10.5	11.5	13.5	12.5	8.5	9.5
284	4	15.5	15.5	12.5	12.5	10.5	9.5	10.5	10.5	6.5	8.5
293	4	16.5	17.5	15.5	14.5	12.5	12.5	12.5	12.5	10.5	9.5
307	4	17.5	18.5	15.5	14.5	11.5	12.5	14.5	14.5	10.5	8.5
313	4	17.5	17.5	14.5	16.5	12.5	10.5	14.5	12.5	10.5	8.5
314	4	39.5	38.5	37.5	37.5	33.5	32.5	35.5	34.5	29.5	30.5
321	4	18.5	18.5	14.5	16.5	12.5	12.5	14.5	12.5	10.5	9.5
329	4	24.5	23.5	23.5	21.5	19.5	19.5	20.5	19.5	17.5	17.5
333	4	17.5	18.5	14.5	14.5	10.5	11.5	12.5	12.5	8.5	9.5
337	4	15.5	15.5	14.5	12.5	8.5	10.5	11.5	10.5	6.5	6.5
344	4	14.5	15.5	14.5	12.5	10.5	10.5	12.5	12.5	6.5	7.5
347	4	23.5	23.5	21.5	22.5	18.5	19.5	19.5	20.5	16.5	15.5
380	4	16.5	17.5	15.5	14.5	10.5	10.5	14.5	12.5	9.5	9.5
382	4	16.5	18.5	16.5	16.5	10.5	11.5	14.5	13.5	9.5	8.5
387	4	17.5	18.5	15.5	14.5	11.5	11.5	14.5	14.5	10.5	8.5
394	4	25.5	24.5	23.5	21.5	17.5	17.5	21.5	19.5	17.5	16.5
408	4	18.5	17.5	15.5	14.5	10.5	10.5	14.5	13.5	9.5	8.5
413	4	18.5	17.5	16.5	14.5	10.5	10.5	14.5	13.5	9.5	10.5
416	4	18.5	18.5	16.5	16.5	12.5	11.5	12.5	14.5	8.5	8.5
427	4	18.5	18.5	15.5	16.5	12.5	11.5	12.5	12.5	8.5	8.5
430	4	23.5	23.5	23.5	22.5	19.5	18.5	19.5	21.5	17.5	15.5
432	4	17.5	16.5	15.5	16.5	12.5	11.5	14.5	13.5	9.5	8.5
451	4	17.5	18.5	14.5	16.5	12.5	12.5	14.5	13.5	8.5	10.5
464	4	24.5	25.5	21.5	22.5	18.5	18.5	19.5	19.5	15.5	15.5
469	4	16.5	16.5	15.5	14.5	12.5	11.5	14.5	13.5	9.5	10.5
476	4	18.5	18.5	15.5	16.5	10.5	10.5	14.5	13.5	10.5	8.5
488	4	17.5	17.5	16.5	15.5	11.5	10.5	12.5	12.5	8.5	10.5
495	4	18.5	16.5	15.5	16.5	11.5	12.5	13.5	14.5	9.5	8.5
511	4	24.5	25.5	23.5	23.5	18.5	17.5	21.5	21.5	17.5	17.5
525	4	17.5	17.5	14.5	14.5	10.5	12.5	13.5	12.5	10.5	9.5
529	4	17.5	18.5	15.5	15.5	11.5	10.5	13.5	12.5	10.5	9.5
533	4	18.5	18.5	16.5	14.5	10.5	12.5	14.5	14.5	10.5	10.5
544	4	16.5	18.5	16.5	14.5	10.5	10.5	12.5	13.5	10.5	9.5
550	4	16.5	17.5	15.5	15.5	12.5	11.5	14.5	14.5	9.5	10.5
564	4	17.5	16.5	15.5	16.5	10.5	10.5	13.5	13.5	10.5	9.5
567	4	17.5	16.5	15.5	16.5	10.5	10.5	13.5	13.5	10.5	9.5
574	4	18.5	18.5	15.5	16.5	11.5	11.5	12.5	12.5	9.5	8.5
607	4	18.5	16.5	15.5	14.5	11.5	11.5	14.5	13.5	8.5	10.5
613	4	17.5	17.5	15.5	15.5	12.5	12.5	14.5	13.5	10.5	9.5
618	4	16.5	18.5	15.5	14.5	10.5	10.5	14.5	13.5	9.5	10.5
624	4	16.5	16.5	14.5	16.5	11.5	11.5	13.5	13.5	10.5	8.5
670	4	39.5	38.5	36.5	35.5	33.5	31.5	33.5	34.5	31.5	30.5
679	4	16.5	18.5	15.5	14.5	11.5	11.5	12.5	13.5	9.5	8.5
695	4	16.5	16.5	14.5	16.5	12.5	12.5	13.5	13.5	8.5	9.5
719	4	16.5	18.5	16.5	15.5	11.5	10.5	12.5	14.5	10.5	10.5
743	4	24.5	25.5	22.5	22.5	18.5	18.5	20.5	20.5	15.5	15.5
774	4	21.5	20.5	18.5	17.5	14.5	13.5	17.5	17.5	11.5	11.5
787	4	18.5	16.5	16.5	16.5	11.5	12.5	12.5	14.5	8.5	9.5
805	4	16.5	17.5	15.5	15.5	10.5	12.5	14.5	12.5	10.5	10.5
817	4	18.5	16.5	15.5	16.5	11.5	11.5	13.5	12.5	9.5	8.5
832	4	16.5	17.5	16.5	15.5	11.5	12.5	13.5	14.5	9.5	8.5
836	4	17.5	17.5	14.5	14.5	12.5	10.5	14.5	14.5	8.5	9.5
842	4	17.5	17.5	16.5	16.5	10.5	12.5	14.5	13.5	8.5	8.5
859	4	18.5	16.5	14.5	15.5	10.5	11.5	12.5	14.5	10.5	8.5
864	4	17.5	18.5	15.5	16.5	10.5	12.5	13.5	13.5	9.5	8.5
872	4	18.5	17.5	16.5	14.5	12.5	11.5	13.5	14.5	10.5	8.5
879	4	25.5	23.5	23.5	21.5	19.5	17.5	21.5	19.5	15.5	16.5
884	4	17.5	18.5	14.5	15.5	11.5	11.5	13.5	13.5	9.5	9.5
898	4	32.5	31.5	30.5	29.5	26.5	26.5	26.5	28.5	22.5	24.5
917	4	17.5	18.5	14.5	15.5	10.5	10.5	14.5	14.5	10.5	10.5
932	4	16.5	16.5	14.5	15.5	12.5	11.5	13.5	14.5	8.5	10.5
942	4	17.5	18.5	16.5	16.5	12.5	10.5	13.5	14.5	9.5	9.5
946	4	17.5	16.5	14.5	16.5	11.5	10.5	14.5	13.5	9.5	8.5
954	4	16.5	16.5	16.5	16.5	10.5	11.5	12.5	13.5	10.5	10.5
963	4	17.5	17.5	16.5	16.5	12.5	11.5	13.5	14.5	8.5	10.5
984	4	18.5	16.5	14.5	16.5	12.5	10.5	14.5	12.5	8.5	10.5
998	4	18.5	17.5	14.5	16.5	10.5	12.5	12.5	13.5	9.5	9.5
1003	4	16.5	16.5	14.5	14.5	10.5	12.5	13.5	13.5	10.5	8.5
1005	4	16.5	18.5	14.5	16.5	10.5	11.5	14.5	14.5	8.5	8.5
1023	4	17.5	16.5	14.5	15.5	11.5	12.5	14.5	12.5	10.5	9.5
1047	4	24.5	25.5	21.5	23.5	17.5	17.5	20.5	19.5	16.5	15.5
1054	4	17.5	18.5	15.5	15.5	11.5	10.5	13.5	13.5	8.5	8.5
1065	4	18.5	17.5	14.5	14.5	11.5	10.5	14.5	14.5	9.5	10.5
1069	4	18.5	16.5	16.5	15.5	10.5	11.5	14.5	14.5	9.5	9.5
1073	4	24.5	25.5	21.5	23.5	17.5	18.5	19.5	19.5	16.5	17.5
1079	4	17.5	18.5	15.5	16.5	12.5	11.5	12.5	12.5	10.5	9.5
1081	4	16.5	18.5	14.5	16.5	10.5	12.5	14.5	14.5	8.5	9.5
1091	4	17.5	18.5	16.5	14.5	11.5	10.5	14.5	13.5	8.5	10.5
1125	4	25.5	24.5	23.5	23.5	18.5	18.5	19.5	21.5	17.5	16.5
1135	4	17.5	16.5	16.5	14.5	11.5	12.5	14.5	13.5	9.5	10.5
1151	4	16.5	18.5	15.5	16.5	12.5	12.5	13.5	14.5	10.5	8.5
1156	4	17.5	16.5	14.5	16.5	10.5	10.5	13.5	14.5	9.5	9.5
1176	4	18.5	18.5	14.5	16.5	12.5	11.5	14.5	12.5	9.5	10.5
1198	4	16.5	17.5	15.5	15.5	11.5	12.5	14.5	12.5	8.5	10.5
1221	4	18.5	17.5	14.5	16.5	11.5	12.5	13.5	12.5	9.5	10.5
1230	4	18.5	18.5	15.5	14.5	10.5	12.5	14.5	14.5	8.5	8.5
1232	4	17.5	16.5	16.5	15.5	12.5	12.5	14.5	12.5	9.5	10.5
1238	4	18.5	17.5	14.5	16.5	11.5	12.5	13.5	13.5	9.5	10.5
1274	4	17.5	18.5	14.5	15.5	10.5	12.5	14.5	12.5	9.5	9.5
1283	4	17.5	18.5	15.5	14.5	11.5	12.5	12.5	14.5	9.5	8.5
1286	4	16.5	17.5	15.5	14.5	12.5	10.5	13.5	12.5	9.5	8.5
1304	4	16.5	17.5	16.5	16.5	10.5	10.5	12.5	13.5	8.5	8.5
1318	4	25.5	25.5	23.5	22.5	18.5	17.5	21.5	20.5	17.5	16.5
1328	4	18.5	17.5	15.5	14.5	12.5	11.5	14.5	13.5	9.5	10.5
1359	4	17.5	17.5	16.5	16.5	12.5	11.5	12.5	14.5	8.5	9.5
1370	4	24.5	25.5	23.5	21.5	18.5	18.5	21.5	21.5	15.5	17.5
1375	4	18.5	17.5	15.5	15.5	11.5	11.5	13.5	12.5	10.5	8.5
1381	4	16.5	16.5	14.5	14.5	10.5	11.5	12.5	13.5	9.5	10.5
1382	4	18.5	18.5	15.5	14.5	12.5	11.5	12.5	14.5	10.5	10.5
1385	4	25.5	24.5	22.5	23.5	18.5	17.5	19.5	20.5	16.5	16.5
1388	4	17.5	16.5	14.5	14.5	10.5	12.5	12.5	13.5	8.5	10.5
1398	4	17.5	17.5	15.5	15.5	11.5	10.5	12.5	12.5	10.5	9.5
1399	4	16.5	16.5	14.5	14.5	11.5	10.5	12.5	13.5	8.5	10.5
1449	4	17.5	17.5	14.5	16.5	12.5	11.5	14.5	12.5	8.5	8.5
1450	4	16.5	18.5	15.5	15.5	10.5	10.5	14.5	12.5	9.5	8.5
1454	4	18.5	16.5	15.5	15.5	12.5	10.5	13.5	13.5	10.5	8.5
1458	4	17.5	16.5	14.5	16.5	10.5	11.5	14.5	12.5	10.5	8.5
1479	4	16.5	16.5	14.5	14.5	12.5	11.5	13.5	14.5	9.5	10.5
1484	4	18.5	16.5	16.5	14.5	10.5	11.5	13.5	13.5	10.5	9.5
1487	4	18.5	16.5	16.5	16.5	11.5	10.5	13.5	12.5	10.5	9.5
1518	4	18.5	18.5	14.5	14.5	10.5	11.5	12.5	14.5	9.5	10.5
1530	4	16.5	16.5	15.5	14.5	12.5	12.5	13.5	13.5	9.5	9.5
1544	4	18.5	18.5	14.5	14.5	12.5	10.5	14.5	12.5	10.5	9.5
1581	4	16.5	17.5	15.5	14.5	12.5	11.5	12.5	12.5	8.5	9.5
1595	4	17.5	17.5	16.5	15.5	12.5	10.5	12.5	14.5	10.5	9.5
1627	4	18.5	16.5	15.5	14.5	11.5	11.5	12.5	13.5	10.5	10.5
1647	4	18.5	16.5	15.5	16.5	11.5	12.5	14.5	13.5	10.5	9.5
1650	4	23.5	23.5	21.5	23.5	19.5	17.5	19.5	19.5	15.5	17.5
1653	4	17.5	17.5	14.5	15.5	10.5	11.5	14.5	13.5	8.5	8.5
1671	4	17.5	17.5	16.5	15.5	10.5	11.5	13.5	13.5	8.5	8.5
1680	4	17.5	18.5	14.5	16.5	12.5	11.5	13.5	12.5	8.5	8.5
1706	4	25.5	24.5	21.5	23.5	17.5	18.5	21.5	20.5	17.5	16.5
1742	4	16.5	18.5	16.5	14.5	10.5	11.5	13.5	12.5	9.5	9.5
1774	4	16.5	17.5	14.5	16.5	10.5	12.5	14.5	14.5	10.5	10.5
1780	4	17.5	18.5	15.5	15.5	10.5	12.5	12.5	13.5	8.5	10.5
1834	4	17.5	16.5	15.5	15.5	12.5	10.5	14.5	13.5	8.5	10.5
20	5	19	19	17	18	12	12	14	16	11	11
27	5	17	16	16	15	10	12	14	14	8	9
46	5	18	18	16	18	14	13	14	15	11	12
49	5	19	19	18	18	14	13	15	16	11	11
50	5	19	19	17	17	13	12	16	15	10	10
53	5	20	18	16	17	13	13	14	14	10	10
60	5	30	29	28	27	23	22	24	25	22	22
63	5	28	30	26	27	23	24	24	24	21	22
77	5	19	19	18	18	12	13	14	15	10	12
82	5	19	18	17	16	12	13	16	15	11	11
91	5	20	19	17	18	14	13	16	15	11	12
95	5	19	20	18	18	13	12	14	14	12	10
102	5	29	28	28	28	22	22	26	26	20	22
107	5	16	18	14	14	12	11	14	13	10	8
127	5	20	20	16	17	14	13	14	14	12	11
129	5	19	20	17	18	14	12	16	16	12	11
131	5	19	20	16	16	12	14	16	14	11	11
141	5	20	20	17	16	14	14	15	15	11	10
145	5	18	18	17	17	13	14	14	16	12	12
152	5	20	20	17	17	12	12	15	14	10	12
173	5	20	18	17	18	14	12	16	14	11	10
184	5	19	19	17	18	13	12	16	15	12	11
189	5	18	19	18	17	13	12	16	16	11	12
195	5	18	19	16	17	13	14	15	15	12	10
212	5	18	19	17	17	12	13	16	15	12	12
232	5	16	16	16	15	11	12	14	14	10	10
257	5	18	18	16	16	13	13	16	15	11	11
260	5	20	19	17	16	13	12	14	16	11	10
261	5	18	18	18	16	12	12	15	16	11	11
264	5	20	18	16	18	13	14	14	16	12	11
269	5	17	16	16	14	10	12	13	14	8	9
277	5	20	18	16	17	12	14	14	15	11	12
279	5	19	20	18	18	12	12	14	15	12	11
284	5	17	17	14	15	12	11	13	14	8	10
293	5	18	20	17	17	12	12	14	15	12	11
307	5	20	19	17	18	12	14	16	14	10	11
313	5	20	20	18	18	12	14	14	15	10	12
314	5	48	49	48	48	42	44	44	46	42	41
321	5	18	20	18	17	12	14	14	15	11	10
329	5	28	29	27	26	24	22	25	24	21	22
333	5	20	19	16	18	12	14	15	15	12	10
337	5	16	17	14	14	12	11	12	13	9	10
344	5	16	17	15	15	11	12	14	14	10	9
347	5	28	29	27	26	23	22	26	24	21	22
380	5	18	19	16	16	14	14	15	16	12	10
382	5	20	19	17	16	14	13	16	16	11	12
387	5	20	18	16	18	12	14	15	15	10	12
394	5	30	30	26	28	23	24	24	24	20	21
408	5	20	18	17	17	13	12	15	15	12	11
413	5	20	19	18	18	13	14	15	14	12	10
416	5	18	20	18	16	14	14	15	14	10	11
427	5	19	18	16	16	14	12	15	15	11	12
430	5	30	29	26	26	23	24	25	24	20	21
432	5	20	19	16	17	14	14	15	16	12	12
451	5	19	18	17	16	12	12	16	16	12	11
464	5	30	29	28	27	24	22	26	24	20	22
469	5	19	19	17	17	12	12	16	15	12	11
476	5	19	19	16	18	14	12	16	16	11	12
488	5	18	18	18	17	13	13	15	16	11	12
495	5	18	20	17	18	14	14	15	15	12	12
511	5	29	30	27	26	22	23	24	26	21	21
525	5	18	18	18	16	13	13	15	16	11	11
529	5	18	18	16	18	14	13	14	16	12	10
533	5	18	18	18	16	12	12	16	16	11	11
544	5	18	20	18	16	13	14	14	14	10	12
550	5	19	18	18	17	14	13	15	16	11	12
564	5	20	19	16	18	13	14	14	14	10	10
567	5	20	19	16	18	13	14	14	14	10	10
574	5	18	19	16	16	12	12	15	14	11	11
607	5	18	20	17	16	14	13	16	15	10	11
613	5	20	20	18	17	13	12	16	14	12	11
618	5	19	18	16	16	12	14	14	16	12	11
624	5	18	20	16	18	12	14	14	14	11	10
670	5	49	49	46	47	42	44	44	45	41	40
679	5	20	20	16	18	12	12	16	14	11	11
695	5	19	20	17	16	12	13	16	16	12	10
719	5	19	18	16	16	12	12	16	16	11	11
743	5	29	30	28	27	22	23	24	25	20	21
774	5	24	26	24	22	20	18	20	21	16	18
787	5	20	18	17	18	14	14	14	16	10	10
805	5	18	19	18	17	14	12	15	16	11	11
817	5	19	18	18	16	13	13	14	14	10	12
832	5	20	18	16	18	12	12	16	15	11	12
836	5	19	20	17	16	12	12	14	14	11	11
842	5	20	20	16	17	13	13	15	15	12	12
859	5	19	20	16	17	14	12	16	16	12	12
864	5	19	18	18	17	12	14	16	14	12	12
872	5	18	20	18	18	14	12	15	14	10	10
879	5	28	28	26	26	23	22	25	25	20	22
884	5	20	20	18	17	12	13	16	14	11	10
898	5	39	40	37	38	33	34	34	35	32	32
917	5	20	18	17	18	12	12	14	15	11	12
932	5	19	20	16	17	14	12	14	15	12	10
942	5	19	19	18	17	12	14	14	16	10	12
946	5	19	18	18	16	12	13	14	14	10	10
954	5	18	19	17	17	14	13	14	15	10	12
963	5	19	19	17	16	14	14	14	16	10	12
984	5	19	20	16	17	12	13	14	16	10	12
998	5	19	20	16	18	13	12	14	15	10	10
1003	5	20	19	16	16	12	12	14	16	10	10
1005	5	20	20	16	16	12	14	15	16	11	10
1023	5	19	20	16	17	13	13	15	15	12	11
1047	5	30	29	27	28	22	24	24	26	21	20
1054	5	20	19	16	16	12	14	15	14	12	11
1065	5	19	19	18	17	12	14	14	14	12	11
1069	5	18	18	17	16	13	14	15	15	11	10
1073	5	28	30	26	28	22	22	26	24	20	20
1079	5	19	20	16	18	14	12	14	15	11	12
1081	5	18	18	17	17	12	13	16	16	10	10
1091	5	19	19	18	17	14	12	16	16	11	10
1125	5	28	30	28	28	23	24	26	25	22	21
1135	5	20	19	16	17	13	14	14	15	11	10
1151	5	19	20	18	18	12	14	16	14	12	12
1156	5	18	18	16	18	14	12	15	15	10	10
1176	5	19	20	17	18	12	12	15	16	10	11
1198	5	20	20	16	17	12	13	15	15	11	12
1221	5	18	19	16	17	14	14	16	14	10	11
1230	5	19	19	17	16	12	13	14	16	10	10
1232	5	19	20	17	18	14	14	16	15	12	10
1238	5	20	20	16	17	13	14	15	15	11	11
1274	5	18	19	16	18	12	12	16	15	10	12
1283	5	19	20	16	18	14	14	14	14	10	12
1286	5	20	20	18	17	12	13	14	16	11	10
1304	5	20	19	16	18	12	12	16	16	10	10
1318	5	29	29	27	26	23	22	26	26	21	21
1328	5	18	18	16	16	14	14	14	16	11	12
1359	5	18	20	16	17	12	12	15	15	11	11
1370	5	28	29	26	26	22	23	26	25	21	21
1375	5	18	18	17	16	14	12	14	16	12	12
1381	5	19	19	18	17	14	14	14	15	12	10
1382	5	20	19	16	16	12	12	15	15	11	10
1385	5	28	28	28	26	24	22	24	24	21	20
1388	5	19	18	18	17	13	13	16	16	11	12
1398	5	18	18	17	18	12	12	16	15	11	11
1399	5	20	20	16	17	12	13	16	16	12	12
1449	5	18	20	17	16	12	13	16	16	11	11
1450	5	18	18	18	16	12	13	15	14	10	12
1454	5	20	18	18	16	12	13	15	16	12	11
1458	5	20	19	17	17	13	14	14	16	11	10
1479	5	18	20	16	16	13	12	14	16	11	12
1484	5	20	18	16	16	14	12	15	15	11	10
1487	5	20	19	16	17	13	12	15	16	11	11
1518	5	19	18	16	17	13	12	14	15	12	10
1530	5	18	18	18	18	13	13	15	15	11	12
1544	5	20	19	17	18	14	14	16	15	12	12
1581	5	18	18	16	18	14	14	15	14	12	12
1595	5	18	18	16	16	13	12	14	15	10	11
1627	5	20	20	16	18	12	13	14	14	11	11
1647	5	19	18	18	18	13	12	14	15	12	12
1650	5	29	29	26	28	22	23	26	26	20	21
1653	5	20	18	18	17	14	14	16	14	11	10
1671	5	20	19	16	16	13	14	14	15	10	11
1680	5	18	18	17	17	13	14	15	16	11	10
1706	5	29	28	26	26	24	24	25	26	22	20
1742	5	18	19	17	16	12	12	15	16	11	12
1774	5	19	20	17	17	14	12	15	14	12	10
1780	5	20	18	16	16	13	13	15	15	11	11
1834	5	19	20	18	17	14	13	15	14	11	11
20	6	19.5	19.5	17.5	18.5	12.5	12.5	14.5	16.5	11.5	11.5
27	6	17.5	16.5	16.5	15.5	10.5	12.5	14.5	14.5	8.5	9.5
46	6	18.5	18.5	16.5	18.5	14.5	13.5	14.5	15.5	11.5	12.5
49	6	19.5	19.5	18.5	18.5	14.5	13.5	15.5	16.5	11.5	11.5
50	6	19.5	19.5	17.5	17.5	13.5	12.5	16.5	15.5	10.5	10.5
53	6	20.5	18.5	16.5	17.5	13.5	13.5	14.5	14.5	10.5	10.5
60	6	30.5	29.5	28.5	27.5	23.5	22.5	24.5	25.5	22.5	22.5
63	6	28.5	30.5	26.5	27.5	23.5	24.5	24.5	24.5	21.5	22.5
77	6	19.5	19.5	18.5	18.5	12.5	13.5	14.5	15.5	10.5	12.5
82	6	19.5	18.5	17.5	16.5	12.5	13.5	16.5	15.5	11.5	11.5
91	6	20.5	19.5	17.5	18.5	14.5	13.5	16.5	15.5	11.5	12.5
95	6	19.5	20.5	18.5	18.5	13.5	12.5	14.5	14.5	12.5	10.5
102	6	29.5	28.5	28.5	28.5	22.5	22.5	26.5	26.5	20.5	22.5
107	6	16.5	18.5	14.5	14.5	12.5	11.5	14.5	13.5	10.5	8.5
127	6	20.5	20.5	16.5	17.5	14.5	13.5	14.5	14.5	12.5	11.5
129	6	19.5	20.5	17.5	18.5	14.5	12.5	16.5	16.5	12.5	11.5
131	6	19.5	20.5	16.5	16.5	12.5	14.5	16.5	14.5	11.5	11.5
141	6	20.5	20.5	17.5	16.5	14.5	14.5	15.5	15.5	11.5	10.5
145	6	18.5	18.5	17.5	17.5	13.5	14.5	14.5	16.5	12.5	12.5
152	6	20.5	20.5	17.5	17.5	12.5	12.5	15.5	14.5	10.5	12.5
173	6	20.5	18.5	17.5	18.5	14.5	12.5	16.5	14.5	11.5	10.5
184	6	19.5	19.5	17.5	18.5	13.5	12.5	16.5	15.5	12.5	11.5
189	6	18.5	19.5	18.5	17.5	13.5	12.5	16.5	16.5	11.5	12.5
195	6	18.5	19.5	16.5	17.5	13.5	14.5	15.5	15.5	12.5	10.5
212	6	18.5	19.5	17.5	17.5	12.5	13.5	16.5	15.5	12.5	12.5
232	6	16.5	16.5	16.5	15.5	11.5	12.5	14.5	14.5	10.5	10.5
257	6	18.5	18.5	16.5	16.5	13.5	13.5	16.5	15.5	11.5	11.5
260	6	20.5	19.5	17.5	16.5	13.5	12.5	14.5	16.5	11.5	10.5
261	6	18.5	18.5	18.5	16.5	12.5	12.5	15.5	16.5	11.5	11.5
264	6	20.5	18.5	16.5	18.5	13.5	14.5	14.5	16.5	12.5	11.5
269	6	17.5	16.5	16.5	14.5	10.5	12.5	13.5	14.5	8.5	9.5
277	6	20.5	18.5	16.5	17.5	12.5	14.5	14.5	15.5	11.5	12.5
279	6	19.5	20.5	18.5	18.5	12.5	12.5	14.5	15.5	12.5	11.5
284	6	17.5	17.5	14.5	15.5	12.5	11.5	13.5	14.5	8.5	10.5
293	6	18.5	20.5	17.5	17.5	12.5	12.5	14.5	15.5	12.5	11.5
307	6	20.5	19.5	17.5	18.5	12.5	14.5	16.5	14.5	10.5	11.5
313	6	20.5	20.5	18.5	18.5	12.5	14.5	14.5	15.5	10.5	12.5
314	6	48.5	49.5	48.5	48.5	42.5	44.5	44.5	46.5	42.5	41.5
321	6	18.5	20.5	18.5	17.5	12.5	14.5	14.5	15.5	11.5	10.5
329	6	28.5	29.5	27.5	26.5	24.5	22.5	25.5	24.5	21.5	22.5
333	6	20.5	19.5	16.5	18.5	12.5	14.5	15.5	15.5	12.5	10.5
337	6	16.5	17.5	14.5	14.5	12.5	11.5	12.5	13.5	9.5	10.5
344	6	16.5	17.5	15.5	15.5	11.5	12.5	14.5	14.5	10.5	9.5
347	6	28.5	29.5	27.5	26.5	23.5	22.5	26.5	24.5	21.5	22.5
380	6	18.5	19.5	16.5	16.5	14.5	14.5	15.5	16.5	12.5	10.5
382	6	20.5	19.5	17.5	16.5	14.5	13.5	16.5	16.5	11.5	12.5
387	6	20.5	18.5	16.5	18.5	12.5	14.5	15.5	15.5	10.5	12.5
394	6	30.5	30.5	26.5	28.5	23.5	24.5	24.5	24.5	20.5	21.5
408	6	20.5	18.5	17.5	17.5	13.5	12.5	15.5	15.5	12.5	11.5
413	6	20.5	19.5	18.5	18.5	13.5	14.5	15.5	14.5	12.5	10.5
416	6	18.5	20.5	18.5	16.5	14.5	14.5	15.5	14.5	10.5	11.5
427	6	19.5	18.5	16.5	16.5	14.5	12.5	15.5	15.5	11.5	12.5
430	6	30.5	29.5	26.5	26.5	23.5	24.5	25.5	24.5	20.5	21.5
432	6	20.5	19.5	16.5	17.5	14.5	14.5	15.5	16.5	12.5	12.5
451	6	19.5	18.5	17.5	16.5	12.5	12.5	16.5	16.5	12.5	11.5
464	6	30.5	29.5	28.5	27.5	24.5	22.5	26.5	24.5	20.5	22.5
469	6	19.5	19.5	17.5	17.5	12.5	12.5	16.5	15.5	12.5	11.5
476	6	19.5	19.5	16.5	18.5	14.5	12.5	16.5	16.5	11.5	12.5
488	6	18.5	18.5	18.5	17.5	13.5	13.5	15.5	16.5	11.5	12.5
495	6	18.5	20.5	17.5	18.5	14.5	14.5	15.5	15.5	12.5	12.5
511	6	29.5	30.5	27.5	26.5	22.5	23.5	24.5	26.5	21.5	21.5
525	6	18.5	18.5	18.5	16.5	13.5	13.5	15.5	16.5	11.5	11.5
529	6	18.5	18.5	16.5	18.5	14.5	13.5	14.5	16.5	12.5	10.5
533	6	18.5	18.5	18.5	16.5	12.5	12.5	16.5	16.5	11.5	11.5
544	6	18.5	20.5	18.5	16.5	13.5	14.5	14.5	14.5	10.5	12.5
550	6	19.5	18.5	18.5	17.5	14.5	13.5	15.5	16.5	11.5	12.5
564	6	20.5	19.5	16.5	18.5	13.5	14.5	14.5	14.5	10.5	10.5
567	6	20.5	19.5	16.5	18.5	13.5	14.5	14.5	14.5	10.5	10.5
574	6	18.5	19.5	16.5	16.5	12.5	12.5	15.5	14.5	11.5	11.5
607	6	18.5	20.5	17.5	16.5	14.5	13.5	16.5	15.5	10.5	11.5
613	6	20.5	20.5	18.5	17.5	13.5	12.5	16.5	14.5	12.5	11.5
618	6	19.5	18.5	16.5	16.5	12.5	14.5	14.5	16.5	12.5	11.5
624	6	18.5	20.5	16.5	18.5	12.5	14.5	14.5	14.5	11.5	10.5
670	6	49.5	49.5	46.5	47.5	42.5	44.5	44.5	45.5	41.5	40.5
679	6	20.5	20.5	16.5	18.5	12.5	12.5	16.5	14.5	11.5	11.5
695	6	19.5	20.5	17.5	16.5	12.5	13.5	16.5	16.5	12.5	10.5
719	6	19.5	18.5	16.5	16.5	12.5	12.5	16.5	16.5	11.5	11.5
743	6	29.5	30.5	28.5	27.5	22.5	23.5	24.5	25.5	20.5	21.5
774	6	24.5	26.5	24.5	22.5	20.5	18.5	20.5	21.5	16.5	18.5
787	6	20.5	18.5	17.5	18.5	14.5	14.5	14.5	16.5	10.5	10.5
805	6	18.5	19.5	18.5	17.5	14.5	12.5	15.5	16.5	11.5	11.5
817	6	19.5	18.5	18.5	16.5	13.5	13.5	14.5	14.5	10.5	12.5
832	6	20.5	18.5	16.5	18.5	12.5	12.5	16.5	15.5	11.5	12.5
836	6	19.5	20.5	17.5	16.5	12.5	12.5	14.5	14.5	11.5	11.5
842	6	20.5	20.5	16.5	17.5	13.5	13.5	15.5	15.5	12.5	12.5
859	6	19.5	20.5	16.5	17.5	14.5	12.5	16.5	16.5	12.5	12.5
864	6	19.5	18.5	18.5	17.5	12.5	14.5	16.5	14.5	12.5	12.5
872	6	18.5	20.5	18.5	18.5	14.5	12.5	15.5	14.5	10.5	10.5
879	6	28.5	28.5	26.5	26.5	23.5	22.5	25.5	25.5	20.5	22.5
884	6	20.5	20.5	18.5	17.5	12.5	13.5	16.5	14.5	11.5	10.5
898	6	39.5	40.5	37.5	38.5	33.5	34.5	34.5	35.5	32.5	32.5
917	6	20.5	18.5	17.5	18.5	12.5	12.5	14.5	15.5	11.5	12.5
932	6	19.5	20.5	16.5	17.5	14.5	12.5	14.5	15.5	12.5	10.5
942	6	19.5	19.5	18.5	17.5	12.5	14.5	14.5	16.5	10.5	12.5
946	6	19.5	18.5	18.5	16.5	12.5	13.5	14.5	14.5	10.5	10.5
954	6	18.5	19.5	17.5	17.5	14.5	13.5	14.5	15.5	10.5	12.5
963	6	19.5	19.5	17.5	16.5	14.5	14.5	14.5	16.5	10.5	12.5
984	6	19.5	20.5	16.5	17.5	12.5	13.5	14.5	16.5	10.5	12.5
998	6	19.5	20.5	16.5	18.5	13.5	12.5	14.5	15.5	10.5	10.5
1003	6	20.5	19.5	16.5	16.5	12.5	12.5	14.5	16.5	10.5	10.5
1005	6	20.5	20.5	16.5	16.5	12.5	14.5	15.5	16.5	11.5	10.5
1023	6	19.5	20.5	16.5	17.5	13.5	13.5	15.5	15.5	12.5	11.5
1047	6	30.5	29.5	27.5	28.5	22.5	24.5	24.5	26.5	21.5	20.5
1054	6	20.5	19.5	16.5	16.5	12.5	14.5	15.5	14.5	12.5	11.5
1065	6	19.5	19.5	18.5	17.5	12.5	14.5	14.5	14.5	12.5	11.5
1069	6	18.5	18.5	17.5	16.5	13.5	14.5	15.5	15.5	11.5	10.5
1073	6	28.5	30.5	26.5	28.5	22.5	22.5	26.5	24.5	20.5	20.5
1079	6	19.5	20.5	16.5	18.5	14.5	12.5	14.5	15.5	11.5	12.5
1081	6	18.5	18.5	17.5	17.5	12.5	13.5	16.5	16.5	10.5	10.5
1091	6	19.5	19.5	18.5	17.5	14.5	12.5	16.5	16.5	11.5	10.5
1125	6	28.5	30.5	28.5	28.5	23.5	24.5	26.5	25.5	22.5	21.5
1135	6	20.5	19.5	16.5	17.5	13.5	14.5	14.5	15.5	11.5	10.5
1151	6	19.5	20.5	18.5	18.5	12.5	14.5	16.5	14.5	12.5	12.5
1156	6	18.5	18.5	16.5	18.5	14.5	12.5	15.5	15.5	10.5	10.5
1176	6	19.5	20.5	17.5	18.5	12.5	12.5	15.5	16.5	10.5	11.5
1198	6	20.5	20.5	16.5	17.5	12.5	13.5	15.5	15.5	11.5	12.5
1221	6	18.5	19.5	16.5	17.5	14.5	14.5	16.5	14.5	10.5	11.5
1230	6	19.5	19.5	17.5	16.5	12.5	13.5	14.5	16.5	10.5	10.5
1232	6	19.5	20.5	17.5	18.5	14.5	14.5	16.5	15.5	12.5	10.5
1238	6	20.5	20.5	16.5	17.5	13.5	14.5	15.5	15.5	11.5	11.5
1274	6	18.5	19.5	16.5	18.5	12.5	12.5	16.5	15.5	10.5	12.5
1283	6	19.5	20.5	16.5	18.5	14.5	14.5	14.5	14.5	10.5	12.5
1286	6	20.5	20.5	18.5	17.5	12.5	13.5	14.5	16.5	11.5	10.5
1304	6	20.5	19.5	16.5	18.5	12.5	12.5	16.5	16.5	10.5	10.5
1318	6	29.5	29.5	27.5	26.5	23.5	22.5	26.5	26.5	21.5	21.5
1328	6	18.5	18.5	16.5	16.5	14.5	14.5	14.5	16.5	11.5	12.5
1359	6	18.5	20.5	16.5	17.5	12.5	12.5	15.5	15.5	11.5	11.5
1370	6	28.5	29.5	26.5	26.5	22.5	23.5	26.5	25.5	21.5	21.5
1375	6	18.5	18.5	17.5	16.5	14.5	12.5	14.5	16.5	12.5	12.5
1381	6	19.5	19.5	18.5	17.5	14.5	14.5	14.5	15.5	12.5	10.5
1382	6	20.5	19.5	16.5	16.5	12.5	12.5	15.5	15.5	11.5	10.5
1385	6	28.5	28.5	28.5	26.5	24.5	22.5	24.5	24.5	21.5	20.5
1388	6	19.5	18.5	18.5	17.5	13.5	13.5	16.5	16.5	11.5	12.5
1398	6	18.5	18.5	17.5	18.5	12.5	12.5	16.5	15.5	11.5	11.5
1399	6	20.5	20.5	16.5	17.5	12.5	13.5	16.5	16.5	12.5	12.5
1449	6	18.5	20.5	17.5	16.5	12.5	13.5	16.5	16.5	11.5	11.5
1450	6	18.5	18.5	18.5	16.5	12.5	13.5	15.5	14.5	10.5	12.5
1454	6	20.5	18.5	18.5	16.5	12.5	13.5	15.5	16.5	12.5	11.5
1458	6	20.5	19.5	17.5	17.5	13.5	14.5	14.5	16.5	11.5	10.5
1479	6	18.5	20.5	16.5	16.5	13.5	12.5	14.5	16.5	11.5	12.5
1484	6	20.5	18.5	16.5	16.5	14.5	12.5	15.5	15.5	11.5	10.5
1487	6	20.5	19.5	16.5	17.5	13.5	12.5	15.5	16.5	11.5	11.5
1518	6	19.5	18.5	16.5	17.5	13.5	12.5	14.5	15.5	12.5	10.5
1530	6	18.5	18.5	18.5	18.5	13.5	13.5	15.5	15.5	11.5	12.5
1544	6	20.5	19.5	17.5	18.5	14.5	14.5	16.5	15.5	12.5	12.5
1581	6	18.5	18.5	16.5	18.5	14.5	14.5	15.5	14.5	12.5	12.5
1595	6	18.5	18.5	16.5	16.5	13.5	12.5	14.5	15.5	10.5	11.5
1627	6	20.5	20.5	16.5	18.5	12.5	13.5	14.5	14.5	11.5	11.5
1647	6	19.5	18.5	18.5	18.5	13.5	12.5	14.5	15.5	12.5	12.5
1650	6	29.5	29.5	26.5	28.5	22.5	23.5	26.5	26.5	20.5	21.5
1653	6	20.5	18.5	18.5	17.5	14.5	14.5	16.5	14.5	11.5	10.5
1671	6	20.5	19.5	16.5	16.5	13.5	14.5	14.5	15.5	10.5	11.5
1680	6	18.5	18.5	17.5	17.5	13.5	14.5	15.5	16.5	11.5	10.5
1706	6	29.5	28.5	26.5	26.5	24.5	24.5	25.5	26.5	22.5	20.5
1742	6	18.5	19.5	17.5	16.5	12.5	12.5	15.5	16.5	11.5	12.5
1774	6	19.5	20.5	17.5	17.5	14.5	12.5	15.5	14.5	12.5	10.5
1780	6	20.5	18.5	16.5	16.5	13.5	13.5	15.5	15.5	11.5	11.5
1834	6	19.5	20.5	18.5	17.5	14.5	13.5	15.5	14.5	11.5	11.5
20	7	20	20	18	19	13	13	15	17	12	12
27	7	18	17	17	16	11	13	15	15	9	10
46	7	19	19	17	19	15	14	15	16	12	13
49	7	20	20	19	19	15	14	16	17	12	12
50	7	20	20	18	18	14	13	17	16	11	11
53	7	21	19	17	18	14	14	15	15	11	11
60	7	31	30	29	28	24	23	25	26	23	23
63	7	29	31	27	28	24	25	25	25	22	23
77	7	20	20	19	19	13	14	15	16	11	13
82	7	20	19	18	17	13	14	17	16	12	12
91	7	21	20	18	19	15	14	17	16	12	13
95	7	20	21	19	19	14	13	15	15	13	11
102	7	30	29	29	29	23	23	27	27	21	23
107	7	17	19	15	15	13	12	15	14	11	9
127	7	21	21	17	18	15	14	15	15	13	12
129	7	20	21	18	19	15	13	17	17	13	12
131	7	20	21	17	17	13	15	17	15	12	12
141	7	21	21	18	17	15	15	16	16	12	11
145	7	19	19	18	18	14	15	15	17	13	13
152	7	21	21	18	18	13	13	16	15	11	13
173	7	21	19	18	19	15	13	17	15	12	11
184	7	20	20	18	19	14	13	17	16	13	12
189	7	19	20	19	18	14	13	17	17	12	13
195	7	19	20	17	18	14	15	16	16	13	11
212	7	19	20	18	18	13	14	17	16	13	13
232	7	17	17	17	16	12	13	15	15	11	11
257	7	19	19	17	17	14	14	17	16	12	12
260	7	21	20	18	17	14	13	15	17	12	11
261	7	19	19	19	17	13	13	16	17	12	12
264	7	21	19	17	19	14	15	15	17	13	12
269	7	18	17	17	15	11	13	14	15	9	10
277	7	21	19	17	18	13	15	15	16	12	13
279	7	20	21	19	19	13	13	15	16	13	12
284	7	18	18	15	16	13	12	14	15	9	11
293	7	19	21	18	18	13	13	15	16	13	12
307	7	21	20	18	19	13	15	17	15	11	12
313	7	21	21	19	19	13	15	15	16	11	13
314	7	49	50	49	49	43	45	45	47	43	42
321	7	19	21	19	18	13	15	15	16	12	11
329	7	29	30	28	27	25	23	26	25	22	23
333	7	21	20	17	19	13	15	16	16	13	11
337	7	17	18	15	15	13	12	13	14	10	11
344	7	17	18	16	16	12	13	15	15	11	10
347	7	29	30	28	27	24	23	27	25	22	23
380	7	19	20	17	17	15	15	16	17	13	11
382	7	21	20	18	17	15	14	17	17	12	13
387	7	21	19	17	19	13	15	16	16	11	13
394	7	31	31	27	29	24	25	25	25	21	22
408	7	21	19	18	18	14	13	16	16	13	12
413	7	21	20	19	19	14	15	16	15	13	11
416	7	19	21	19	17	15	15	16	15	11	12
427	7	20	19	17	17	15	13	16	16	12	13
430	7	31	30	27	27	24	25	26	25	21	22
432	7	21	20	17	18	15	15	16	17	13	13
451	7	20	19	18	17	13	13	17	17	13	12
464	7	31	30	29	28	25	23	27	25	21	23
469	7	20	20	18	18	13	13	17	16	13	12
476	7	20	20	17	19	15	13	17	17	12	13
488	7	19	19	19	18	14	14	16	17	12	13
495	7	19	21	18	19	15	15	16	16	13	13
511	7	30	31	28	27	23	24	25	27	22	22
525	7	19	19	19	17	14	14	16	17	12	12
529	7	19	19	17	19	15	14	15	17	13	11
533	7	19	19	19	17	13	13	17	17	12	12
544	7	19	21	19	17	14	15	15	15	11	13
550	7	20	19	19	18	15	14	16	17	12	13
564	7	21	20	17	19	14	15	15	15	11	11
567	7	21	20	17	19	14	15	15	15	11	11
574	7	19	20	17	17	13	13	16	15	12	12
607	7	19	21	18	17	15	14	17	16	11	12
613	7	21	21	19	18	14	13	17	15	13	12
618	7	20	19	17	17	13	15	15	17	13	12
624	7	19	21	17	19	13	15	15	15	12	11
670	7	50	50	47	48	43	45	45	46	42	41
679	7	21	21	17	19	13	13	17	15	12	12
695	7	20	21	18	17	13	14	17	17	13	11
719	7	20	19	17	17	13	13	17	17	12	12
743	7	30	31	29	28	23	24	25	26	21	22
774	7	25	27	25	23	21	19	21	22	17	19
787	7	21	19	18	19	15	15	15	17	11	11
805	7	19	20	19	18	15	13	16	17	12	12
817	7	20	19	19	17	14	14	15	15	11	13
832	7	21	19	17	19	13	13	17	16	12	13
836	7	20	21	18	17	13	13	15	15	12	12
842	7	21	21	17	18	14	14	16	16	13	13
859	7	20	21	17	18	15	13	17	17	13	13
864	7	20	19	19	18	13	15	17	15	13	13
872	7	19	21	19	19	15	13	16	15	11	11
879	7	29	29	27	27	24	23	26	26	21	23
884	7	21	21	19	18	13	14	17	15	12	11
898	7	40	41	38	39	34	35	35	36	33	33
917	7	21	19	18	19	13	13	15	16	12	13
932	7	20	21	17	18	15	13	15	16	13	11
942	7	20	20	19	18	13	15	15	17	11	13
946	7	20	19	19	17	13	14	15	15	11	11
954	7	19	20	18	18	15	14	15	16	11	13
963	7	20	20	18	17	15	15	15	17	11	13
984	7	20	21	17	18	13	14	15	17	11	13
998	7	20	21	17	19	14	13	15	16	11	11
1003	7	21	20	17	17	13	13	15	17	11	11
1005	7	21	21	17	17	13	15	16	17	12	11
1023	7	20	21	17	18	14	14	16	16	13	12
1047	7	31	30	28	29	23	25	25	27	22	21
1054	7	21	20	17	17	13	15	16	15	13	12
1065	7	20	20	19	18	13	15	15	15	13	12
1069	7	19	19	18	17	14	15	16	16	12	11
1073	7	29	31	27	29	23	23	27	25	21	21
1079	7	20	21	17	19	15	13	15	16	12	13
1081	7	19	19	18	18	13	14	17	17	11	11
1091	7	20	20	19	18	15	13	17	17	12	11
1125	7	29	31	29	29	24	25	27	26	23	22
1135	7	21	20	17	18	14	15	15	16	12	11
1151	7	20	21	19	19	13	15	17	15	13	13
1156	7	19	19	17	19	15	13	16	16	11	11
1176	7	20	21	18	19	13	13	16	17	11	12
1198	7	21	21	17	18	13	14	16	16	12	13
1221	7	19	20	17	18	15	15	17	15	11	12
1230	7	20	20	18	17	13	14	15	17	11	11
1232	7	20	21	18	19	15	15	17	16	13	11
1238	7	21	21	17	18	14	15	16	16	12	12
1274	7	19	20	17	19	13	13	17	16	11	13
1283	7	20	21	17	19	15	15	15	15	11	13
1286	7	21	21	19	18	13	14	15	17	12	11
1304	7	21	20	17	19	13	13	17	17	11	11
1318	7	30	30	28	27	24	23	27	27	22	22
1328	7	19	19	17	17	15	15	15	17	12	13
1359	7	19	21	17	18	13	13	16	16	12	12
1370	7	29	30	27	27	23	24	27	26	22	22
1375	7	19	19	18	17	15	13	15	17	13	13
1381	7	20	20	19	18	15	15	15	16	13	11
1382	7	21	20	17	17	13	13	16	16	12	11
1385	7	29	29	29	27	25	23	25	25	22	21
1388	7	20	19	19	18	14	14	17	17	12	13
1398	7	19	19	18	19	13	13	17	16	12	12
1399	7	21	21	17	18	13	14	17	17	13	13
1449	7	19	21	18	17	13	14	17	17	12	12
1450	7	19	19	19	17	13	14	16	15	11	13
1454	7	21	19	19	17	13	14	16	17	13	12
1458	7	21	20	18	18	14	15	15	17	12	11
1479	7	19	21	17	17	14	13	15	17	12	13
1484	7	21	19	17	17	15	13	16	16	12	11
1487	7	21	20	17	18	14	13	16	17	12	12
1518	7	20	19	17	18	14	13	15	16	13	11
1530	7	19	19	19	19	14	14	16	16	12	13
1544	7	21	20	18	19	15	15	17	16	13	13
1581	7	19	19	17	19	15	15	16	15	13	13
1595	7	19	19	17	17	14	13	15	16	11	12
1627	7	21	21	17	19	13	14	15	15	12	12
1647	7	20	19	19	19	14	13	15	16	13	13
1650	7	30	30	27	29	23	24	27	27	21	22
1653	7	21	19	19	18	15	15	17	15	12	11
1671	7	21	20	17	17	14	15	15	16	11	12
1680	7	19	19	18	18	14	15	16	17	12	11
1706	7	30	29	27	27	25	25	26	27	23	21
1742	7	19	20	18	17	13	13	16	17	12	13
1774	7	20	21	18	18	15	13	16	15	13	11
1780	7	21	19	17	17	14	14	16	16	12	12
1834	7	20	21	19	18	15	14	16	15	12	12
20	8	20.5	20.5	18.5	19.5	13.5	13.5	15.5	17.5	12.5	12.5
27	8	18.5	17.5	17.5	16.5	11.5	13.5	15.5	15.5	9.5	10.5
46	8	19.5	19.5	17.5	19.5	15.5	14.5	15.5	16.5	12.5	13.5
49	8	20.5	20.5	19.5	19.5	15.5	14.5	16.5	17.5	12.5	12.5
50	8	20.5	20.5	18.5	18.5	14.5	13.5	17.5	16.5	11.5	11.5
53	8	21.5	19.5	17.5	18.5	14.5	14.5	15.5	15.5	11.5	11.5
60	8	31.5	30.5	29.5	28.5	24.5	23.5	25.5	26.5	23.5	23.5
63	8	29.5	31.5	27.5	28.5	24.5	25.5	25.5	25.5	22.5	23.5
77	8	20.5	20.5	19.5	19.5	13.5	14.5	15.5	16.5	11.5	13.5
82	8	20.5	19.5	18.5	17.5	13.5	14.5	17.5	16.5	12.5	12.5
91	8	21.5	20.5	18.5	19.5	15.5	14.5	17.5	16.5	12.5	13.5
95	8	20.5	21.5	19.5	19.5	14.5	13.5	15.5	15.5	13.5	11.5
102	8	30.5	29.5	29.5	29.5	23.5	23.5	27.5	27.5	21.5	23.5
107	8	17.5	19.5	15.5	15.5	13.5	12.5	15.5	14.5	11.5	9.5
127	8	21.5	21.5	17.5	18.5	15.5	14.5	15.5	15.5	13.5	12.5
129	8	20.5	21.5	18.5	19.5	15.5	13.5	17.5	17.5	13.5	12.5
131	8	20.5	21.5	17.5	17.5	13.5	15.5	17.5	15.5	12.5	12.5
141	8	21.5	21.5	18.5	17.5	15.5	15.5	16.5	16.5	12.5	11.5
145	8	19.5	19.5	18.5	18.5	14.5	15.5	15.5	17.5	13.5	13.5
152	8	21.5	21.5	18.5	18.5	13.5	13.5	16.5	15.5	11.5	13.5
173	8	21.5	19.5	18.5	19.5	15.5	13.5	17.5	15.5	12.5	11.5
184	8	20.5	20.5	18.5	19.5	14.5	13.5	17.5	16.5	13.5	12.5
189	8	19.5	20.5	19.5	18.5	14.5	13.5	17.5	17.5	12.5	13.5
195	8	19.5	20.5	17.5	18.5	14.5	15.5	16.5	16.5	13.5	11.5
212	8	19.5	20.5	18.5	18.5	13.5	14.5	17.5	16.5	13.5	13.5
232	8	17.5	17.5	17.5	16.5	12.5	13.5	15.5	15.5	11.5	11.5
257	8	19.5	19.5	17.5	17.5	14.5	14.5	17.5	16.5	12.5	12.5
260	8	21.5	20.5	18.5	17.5	14.5	13.5	15.5	17.5	12.5	11.5
261	8	19.5	19.5	19.5	17.5	13.5	13.5	16.5	17.5	12.5	12.5
264	8	21.5	19.5	17.5	19.5	14.5	15.5	15.5	17.5	13.5	12.5
269	8	18.5	17.5	17.5	15.5	11.5	13.5	14.5	15.5	9.5	10.5
277	8	21.5	19.5	17.5	18.5	13.5	15.5	15.5	16.5	12.5	13.5
279	8	20.5	21.5	19.5	19.5	13.5	13.5	15.5	16.5	13.5	12.5
284	8	18.5	18.5	15.5	16.5	13.5	12.5	14.5	15.5	9.5	11.5
293	8	19.5	21.5	18.5	18.5	13.5	13.5	15.5	16.5	13.5	12.5
307	8	21.5	20.5	18.5	19.5	13.5	15.5	17.5	15.5	11.5	12.5
313	8	21.5	21.5	19.5	19.5	13.5	15.5	15.5	16.5	11.5	13.5
314	8	49.5	50.5	49.5	49.5	43.5	45.5	45.5	47.5	43.5	42.5
321	8	19.5	21.5	19.5	18.5	13.5	15.5	15.5	16.5	12.5	11.5
329	8	29.5	30.5	28.5	27.5	25.5	23.5	26.5	25.5	22.5	23.5
333	8	21.5	20.5	17.5	19.5	13.5	15.5	16.5	16.5	13.5	11.5
337	8	17.5	18.5	15.5	15.5	13.5	12.5	13.5	14.5	10.5	11.5
344	8	17.5	18.5	16.5	16.5	12.5	13.5	15.5	15.5	11.5	10.5
347	8	29.5	30.5	28.5	27.5	24.5	23.5	27.5	25.5	22.5	23.5
380	8	19.5	20.5	17.5	17.5	15.5	15.5	16.5	17.5	13.5	11.5
382	8	21.5	20.5	18.5	17.5	15.5	14.5	17.5	17.5	12.5	13.5
387	8	21.5	19.5	17.5	19.5	13.5	15.5	16.5	16.5	11.5	13.5
394	8	31.5	31.5	27.5	29.5	24.5	25.5	25.5	25.5	21.5	22.5
408	8	21.5	19.5	18.5	18.5	14.5	13.5	16.5	16.5	13.5	12.5
413	8	21.5	20.5	19.5	19.5	14.5	15.5	16.5	15.5	13.5	11.5
416	8	19.5	21.5	19.5	17.5	15.5	15.5	16.5	15.5	11.5	12.5
427	8	20.5	19.5	17.5	17.5	15.5	13.5	16.5	16.5	12.5	13.5
430	8	31.5	30.5	27.5	27.5	24.5	25.5	26.5	25.5	21.5	22.5
432	8	21.5	20.5	17.5	18.5	15.5	15.5	16.5	17.5	13.5	13.5
451	8	20.5	19.5	18.5	17.5	13.5	13.5	17.5	17.5	13.5	12.5
464	8	31.5	30.5	29.5	28.5	25.5	23.5	27.5	25.5	21.5	23.5
469	8	20.5	20.5	18.5	18.5	13.5	13.5	17.5	16.5	13.5	12.5
476	8	20.5	20.5	17.5	19.5	15.5	13.5	17.5	17.5	12.5	13.5
488	8	19.5	19.5	19.5	18.5	14.5	14.5	16.5	17.5	12.5	13.5
495	8	19.5	21.5	18.5	19.5	15.5	15.5	16.5	16.5	13.5	13.5
511	8	30.5	31.5	28.5	27.5	23.5	24.5	25.5	27.5	22.5	22.5
525	8	19.5	19.5	19.5	17.5	14.5	14.5	16.5	17.5	12.5	12.5
529	8	19.5	19.5	17.5	19.5	15.5	14.5	15.5	17.5	13.5	11.5
533	8	19.5	19.5	19.5	17.5	13.5	13.5	17.5	17.5	12.5	12.5
544	8	19.5	21.5	19.5	17.5	14.5	15.5	15.5	15.5	11.5	13.5
550	8	20.5	19.5	19.5	18.5	15.5	14.5	16.5	17.5	12.5	13.5
564	8	21.5	20.5	17.5	19.5	14.5	15.5	15.5	15.5	11.5	11.5
567	8	21.5	20.5	17.5	19.5	14.5	15.5	15.5	15.5	11.5	11.5
574	8	19.5	20.5	17.5	17.5	13.5	13.5	16.5	15.5	12.5	12.5
607	8	19.5	21.5	18.5	17.5	15.5	14.5	17.5	16.5	11.5	12.5
613	8	21.5	21.5	19.5	18.5	14.5	13.5	17.5	15.5	13.5	12.5
618	8	20.5	19.5	17.5	17.5	13.5	15.5	15.5	17.5	13.5	12.5
624	8	19.5	21.5	17.5	19.5	13.5	15.5	15.5	15.5	12.5	11.5
670	8	50.5	50.5	47.5	48.5	43.5	45.5	45.5	46.5	42.5	41.5
679	8	21.5	21.5	17.5	19.5	13.5	13.5	17.5	15.5	12.5	12.5
695	8	20.5	21.5	18.5	17.5	13.5	14.5	17.5	17.5	13.5	11.5
719	8	20.5	19.5	17.5	17.5	13.5	13.5	17.5	17.5	12.5	12.5
743	8	30.5	31.5	29.5	28.5	23.5	24.5	25.5	26.5	21.5	22.5
774	8	25.5	27.5	25.5	23.5	21.5	19.5	21.5	22.5	17.5	19.5
787	8	21.5	19.5	18.5	19.5	15.5	15.5	15.5	17.5	11.5	11.5
805	8	19.5	20.5	19.5	18.5	15.5	13.5	16.5	17.5	12.5	12.5
817	8	20.5	19.5	19.5	17.5	14.5	14.5	15.5	15.5	11.5	13.5
832	8	21.5	19.5	17.5	19.5	13.5	13.5	17.5	16.5	12.5	13.5
836	8	20.5	21.5	18.5	17.5	13.5	13.5	15.5	15.5	12.5	12.5
842	8	21.5	21.5	17.5	18.5	14.5	14.5	16.5	16.5	13.5	13.5
859	8	20.5	21.5	17.5	18.5	15.5	13.5	17.5	17.5	13.5	13.5
864	8	20.5	19.5	19.5	18.5	13.5	15.5	17.5	15.5	13.5	13.5
872	8	19.5	21.5	19.5	19.5	15.5	13.5	16.5	15.5	11.5	11.5
879	8	29.5	29.5	27.5	27.5	24.5	23.5	26.5	26.5	21.5	23.5
884	8	21.5	21.5	19.5	18.5	13.5	14.5	17.5	15.5	12.5	11.5
898	8	40.5	41.5	38.5	39.5	34.5	35.5	35.5	36.5	33.5	33.5
917	8	21.5	19.5	18.5	19.5	13.5	13.5	15.5	16.5	12.5	13.5
932	8	20.5	21.5	17.5	18.5	15.5	13.5	15.5	16.5	13.5	11.5
942	8	20.5	20.5	19.5	18.5	13.5	15.5	15.5	17.5	11.5	13.5
946	8	20.5	19.5	19.5	17.5	13.5	14.5	15.5	15.5	11.5	11.5
954	8	19.5	20.5	18.5	18.5	15.5	14.5	15.5	16.5	11.5	13.5
963	8	20.5	20.5	18.5	17.5	15.5	15.5	15.5	17.5	11.5	13.5
984	8	20.5	21.5	17.5	18.5	13.5	14.5	15.5	17.5	11.5	13.5
998	8	20.5	21.5	17.5	19.5	14.5	13.5	15.5	16.5	11.5	11.5
1003	8	21.5	20.5	17.5	17.5	13.5	13.5	15.5	17.5	11.5	11.5
1005	8	21.5	21.5	17.5	17.5	13.5	15.5	16.5	17.5	12.5	11.5
1023	8	20.5	21.5	17.5	18.5	14.5	14.5	16.5	16.5	13.5	12.5
1047	8	31.5	30.5	28.5	29.5	23.5	25.5	25.5	27.5	22.5	21.5
1054	8	21.5	20.5	17.5	17.5	13.5	15.5	16.5	15.5	13.5	12.5
1065	8	20.5	20.5	19.5	18.5	13.5	15.5	15.5	15.5	13.5	12.5
1069	8	19.5	19.5	18.5	17.5	14.5	15.5	16.5	16.5	12.5	11.5
1073	8	29.5	31.5	27.5	29.5	23.5	23.5	27.5	25.5	21.5	21.5
1079	8	20.5	21.5	17.5	19.5	15.5	13.5	15.5	16.5	12.5	13.5
1081	8	19.5	19.5	18.5	18.5	13.5	14.5	17.5	17.5	11.5	11.5
1091	8	20.5	20.5	19.5	18.5	15.5	13.5	17.5	17.5	12.5	11.5
1125	8	29.5	31.5	29.5	29.5	24.5	25.5	27.5	26.5	23.5	22.5
1135	8	21.5	20.5	17.5	18.5	14.5	15.5	15.5	16.5	12.5	11.5
1151	8	20.5	21.5	19.5	19.5	13.5	15.5	17.5	15.5	13.5	13.5
1156	8	19.5	19.5	17.5	19.5	15.5	13.5	16.5	16.5	11.5	11.5
1176	8	20.5	21.5	18.5	19.5	13.5	13.5	16.5	17.5	11.5	12.5
1198	8	21.5	21.5	17.5	18.5	13.5	14.5	16.5	16.5	12.5	13.5
1221	8	19.5	20.5	17.5	18.5	15.5	15.5	17.5	15.5	11.5	12.5
1230	8	20.5	20.5	18.5	17.5	13.5	14.5	15.5	17.5	11.5	11.5
1232	8	20.5	21.5	18.5	19.5	15.5	15.5	17.5	16.5	13.5	11.5
1238	8	21.5	21.5	17.5	18.5	14.5	15.5	16.5	16.5	12.5	12.5
1274	8	19.5	20.5	17.5	19.5	13.5	13.5	17.5	16.5	11.5	13.5
1283	8	20.5	21.5	17.5	19.5	15.5	15.5	15.5	15.5	11.5	13.5
1286	8	21.5	21.5	19.5	18.5	13.5	14.5	15.5	17.5	12.5	11.5
1304	8	21.5	20.5	17.5	19.5	13.5	13.5	17.5	17.5	11.5	11.5
1318	8	30.5	30.5	28.5	27.5	24.5	23.5	27.5	27.5	22.5	22.5
1328	8	19.5	19.5	17.5	17.5	15.5	15.5	15.5	17.5	12.5	13.5
1359	8	19.5	21.5	17.5	18.5	13.5	13.5	16.5	16.5	12.5	12.5
1370	8	29.5	30.5	27.5	27.5	23.5	24.5	27.5	26.5	22.5	22.5
1375	8	19.5	19.5	18.5	17.5	15.5	13.5	15.5	17.5	13.5	13.5
1381	8	20.5	20.5	19.5	18.5	15.5	15.5	15.5	16.5	13.5	11.5
1382	8	21.5	20.5	17.5	17.5	13.5	13.5	16.5	16.5	12.5	11.5
1385	8	29.5	29.5	29.5	27.5	25.5	23.5	25.5	25.5	22.5	21.5
1388	8	20.5	19.5	19.5	18.5	14.5	14.5	17.5	17.5	12.5	13.5
1398	8	19.5	19.5	18.5	19.5	13.5	13.5	17.5	16.5	12.5	12.5
1399	8	21.5	21.5	17.5	18.5	13.5	14.5	17.5	17.5	13.5	13.5
1449	8	19.5	21.5	18.5	17.5	13.5	14.5	17.5	17.5	12.5	12.5
1450	8	19.5	19.5	19.5	17.5	13.5	14.5	16.5	15.5	11.5	13.5
1454	8	21.5	19.5	19.5	17.5	13.5	14.5	16.5	17.5	13.5	12.5
1458	8	21.5	20.5	18.5	18.5	14.5	15.5	15.5	17.5	12.5	11.5
1479	8	19.5	21.5	17.5	17.5	14.5	13.5	15.5	17.5	12.5	13.5
1484	8	21.5	19.5	17.5	17.5	15.5	13.5	16.5	16.5	12.5	11.5
1487	8	21.5	20.5	17.5	18.5	14.5	13.5	16.5	17.5	12.5	12.5
1518	8	20.5	19.5	17.5	18.5	14.5	13.5	15.5	16.5	13.5	11.5
1530	8	19.5	19.5	19.5	19.5	14.5	14.5	16.5	16.5	12.5	13.5
1544	8	21.5	20.5	18.5	19.5	15.5	15.5	17.5	16.5	13.5	13.5
1581	8	19.5	19.5	17.5	19.5	15.5	15.5	16.5	15.5	13.5	13.5
1595	8	19.5	19.5	17.5	17.5	14.5	13.5	15.5	16.5	11.5	12.5
1627	8	21.5	21.5	17.5	19.5	13.5	14.5	15.5	15.5	12.5	12.5
1647	8	20.5	19.5	19.5	19.5	14.5	13.5	15.5	16.5	13.5	13.5
1650	8	30.5	30.5	27.5	29.5	23.5	24.5	27.5	27.5	21.5	22.5
1653	8	21.5	19.5	19.5	18.5	15.5	15.5	17.5	15.5	12.5	11.5
1671	8	21.5	20.5	17.5	17.5	14.5	15.5	15.5	16.5	11.5	12.5
1680	8	19.5	19.5	18.5	18.5	14.5	15.5	16.5	17.5	12.5	11.5
1706	8	30.5	29.5	27.5	27.5	25.5	25.5	26.5	27.5	23.5	21.5
1742	8	19.5	20.5	18.5	17.5	13.5	13.5	16.5	17.5	12.5	13.5
1774	8	20.5	21.5	18.5	18.5	15.5	13.5	16.5	15.5	13.5	11.5
1780	8	21.5	19.5	17.5	17.5	14.5	14.5	16.5	16.5	12.5	12.5
1834	8	20.5	21.5	19.5	18.5	15.5	14.5	16.5	15.5	12.5	12.5
0	1	0	0	0	0	0	0	0	0	0	0
0	2	0	0	0	0	0	0	0	0	0	0
0	3	0	0	0	0	0	0	0	0	0	0
0	4	0	0	0	0	0	0	0	0	0	0
0	5	0	0	0	0	0	0	0	0	0	0
0	6	0	0	0	0	0	0	0	0	0	0
0	7	0	0	0	0	0	0	0	0	0	0
0	8	0	0	0	0	0	0	0	0	0	0
1838	1	0	0	0	0	0	0	0	0	0	0
1838	2	0	0	0	0	0	0	0	0	0	0
1838	3	0	0	0	0	0	0	0	0	0	0
1838	4	0	0	0	0	0	0	0	0	0	0
1838	5	0	0	0	0	0	0	0	0	0	0
1838	6	0	0	0	0	0	0	0	0	0	0
1838	7	0	0	0	0	0	0	0	0	0	0
1838	8	0	0	0	0	0	0	0	0	0	0
