N	D	1	2	3	4	5	6	7	8	9	10
32	1	17	17	13	14	9	10	12	11	8	9
48	1	15	15	13	11	8	7	9	10	7	7
58	1	17	16	14	14	11	10	11	13	9	7
84	1	17	17	15	13	10	11	11	11	8	9
92	1	15	15	15	15	10	9	11	13	8	8
93	1	17	15	15	13	9	11	12	12	7	7
99	1	17	17	14	13	9	11	11	12	9	7
100	1	17	15	15	14	9	11	11	12	8	7
117	1	17	16	13	13	11	11	13	13	7	7
120	1	16	15	15	14	10	9	11	13	7	9
124	1	15	14	13	11	8	8	10	10	7	5
126	1	17	17	13	13	10	10	13	12	7	8
128	1	13	15	13	12	9	7	9	11	6	5
139	1	14	15	11	12	7	9	9	9	6	6
144	1	15	15	13	13	11	11	13	11	9	8
153	1	17	16	14	14	9	11	11	12	9	9
154	1	14	15	13	11	7	9	9	9	6	6
155	1	15	17	15	13	10	10	13	11	9	8
161	1	15	16	13	14	9	9	11	11	7	8
162	1	16	17	14	15	10	10	13	12	9	9
163	1	15	15	14	13	11	10	12	11	8	7
196	1	17	16	13	14	9	11	12	12	8	7
200	1	16	16	14	13	10	11	11	13	9	8
208	1	16	16	13	13	9	10	12	11	8	9
210	1	13	14	13	12	9	8	10	9	5	7
214	1	15	15	14	13	9	10	11	12	7	9
215	1	15	17	13	15	10	10	13	13	9	8
216	1	16	15	14	14	9	10	12	11	9	9
217	1	15	15	15	14	11	9	12	11	7	9
228	1	15	15	14	14	10	9	13	13	7	8
247	1	17	16	13	13	9	10	13	13	9	8
263	1	17	16	13	15	9	10	11	13	7	7
281	1	17	17	14	13	11	10	11	13	7	9
288	1	17	16	13	14	11	11	13	11	7	9
291	1	13	14	12	12	8	7	9	11	5	5
295	1	16	15	13	13	10	11	13	13	7	7
312	1	16	15	14	15	10	9	12	12	8	7
363	1	16	16	13	14	9	9	12	13	8	7
369	1	16	17	14	13	10	9	12	13	8	9
384	1	16	15	13	15	10	11	13	13	8	7
388	1	16	17	13	15	10	9	11	11	8	9
397	1	23	23	22	21	18	16	19	20	16	15
400	1	16	15	14	15	9	9	11	13	9	8
417	1	22	24	20	22	17	18	19	18	14	16
423	1	17	16	14	13	10	10	13	11	7	7
435	1	17	15	15	15	11	10	11	13	7	8
437	1	16	16	13	13	11	11	13	11	8	9
445	1	16	17	14	15	10	11	13	11	8	7
449	1	15	15	15	15	11	10	11	12	9	7
455	1	15	17	14	14	11	9	11	13	9	7
461	1	15	14	11	11	9	9	11	10	5	5
464	1	15	17	13	13	10	9	12	13	8	8
466	1	15	17	13	13	10	11	11	13	9	8
470	1	16	16	14	15	11	11	13	11	7	9
491	1	16	15	13	14	10	9	11	11	9	9
493	1	15	16	15	14	11	10	13	11	9	9
499	1	16	15	14	13	10	11	12	13	9	8
500	1	22	22	20	22	18	17	20	20	16	14
512	1	15	15	13	15	11	11	13	13	8	9
519	1	16	17	14	14	11	10	12	12	9	7
520	1	17	17	13	14	11	10	13	11	7	9
524	1	15	17	13	13	10	9	11	12	7	8
526	1	17	17	13	13	11	11	12	11	9	8
535	1	17	15	15	14	9	10	11	12	9	7
552	1	17	16	14	14	11	11	11	13	9	7
556	1	16	15	13	14	9	9	13	13	7	8
565	1	17	15	15	14	10	11	11	11	8	9
568	1	16	17	14	14	9	9	12	11	7	9
570	1	22	23	22	20	16	17	19	19	16	16
571	1	17	15	13	13	9	9	13	11	7	7
573	1	16	16	15	13	11	9	11	12	7	7
575	1	16	15	15	15	10	9	13	13	8	9
581	1	15	17	14	14	10	11	11	11	7	7
585	1	15	15	13	13	11	10	11	12	7	7
587	1	17	16	14	14	10	9	11	12	8	9
603	1	16	17	13	15	10	11	12	12	9	7
614	1	17	17	14	15	10	10	13	13	7	7
643	1	15	16	13	13	11	9	12	12	9	7
644	1	0	0	0	0	0	0	0	0	0	0
646	1	17	16	13	13	11	11	13	12	8	8
653	1	16	15	14	15	9	11	11	13	7	9
672	1	15	17	15	13	9	9	13	12	7	8
676	1	17	16	13	15	9	11	11	13	7	9
678	1	16	17	14	15	9	11	13	11	9	7
682	1	15	17	13	15	11	9	13	13	8	9
686	1	17	15	14	13	11	9	13	11	9	7
705	1	22	22	21	20	16	17	19	18	14	16
709	1	16	16	15	14	10	11	12	11	8	9
713	1	16	16	15	14	9	11	11	12	9	7
716	1	15	16	14	15	9	11	12	12	7	9
718	1	15	16	15	15	11	9	11	12	9	9
724	1	24	22	22	22	18	16	19	20	15	16
748	1	17	15	14	13	10	10	12	13	7	7
761	1	15	16	13	15	9	10	11	13	7	9
764	1	15	16	14	14	9	9	12	11	9	8
766	1	15	15	13	15	10	10	12	13	7	7
773	1	14	15	13	13	7	7	9	10	6	7
777	1	16	17	13	13	10	11	13	12	9	8
778	1	15	17	15	14	10	9	12	13	9	9
798	1	15	17	13	14	9	10	11	13	7	9
804	1	15	15	15	15	10	9	11	11	7	9
814	1	16	16	15	15	11	10	11	11	8	9
815	1	17	16	14	13	11	10	11	13	7	9
823	1	16	15	13	15	9	9	11	11	8	8
824	1	15	15	14	14	9	9	12	12	9	7
848	1	15	15	13	15	11	10	13	12	8	7
874	1	15	15	15	13	10	11	11	12	7	7
886	1	17	15	14	15	10	11	11	13	7	7
888	1	36	37	35	34	32	31	33	33	28	30
896	1	17	17	15	13	9	9	11	13	8	7
916	1	15	17	13	15	10	10	13	12	7	7
924	1	16	16	14	14	11	10	11	11	8	8
939	1	16	17	14	15	9	11	13	11	7	9
944	1	17	16	15	13	10	10	12	12	8	7
948	1	16	15	15	13	10	9	12	12	7	7
950	1	24	22	21	20	16	17	20	18	15	15
953	1	17	16	13	14	9	9	11	11	9	8
957	1	16	15	15	15	10	9	13	11	8	8
975	1	17	17	15	15	11	9	12	13	9	9
985	1	15	17	13	13	9	9	13	11	7	9
986	1	16	15	13	15	11	11	12	12	8	8
992	1	15	16	14	14	11	9	13	12	7	7
995	1	17	16	15	14	11	9	11	12	9	9
1004	1	16	15	15	15	11	11	13	12	7	8
1012	1	15	16	13	14	9	11	12	13	9	9
1037	1	17	16	13	14	9	11	12	13	9	8
1044	1	17	16	14	14	10	10	11	12	7	7
1051	1	31	30	29	29	23	24	25	27	22	23
1059	1	15	16	15	15	11	11	13	12	7	8
1061	1	15	15	15	15	10	10	11	13	9	9
1064	1	15	17	15	13	10	11	13	11	9	9
1067	1	17	16	15	13	9	9	12	12	8	8
1068	1	15	15	15	13	10	11	13	11	9	8
1078	1	16	15	13	13	11	11	13	13	8	8
1081	1	15	15	14	13	11	10	11	13	8	7
1089	1	15	17	14	14	10	11	12	11	8	7
1093	1	17	16	15	13	11	10	13	11	8	7
1097	1	16	16	15	14	11	11	11	13	7	9
1098	1	17	17	15	13	11	11	11	13	7	9
1104	1	16	15	13	14	9	10	11	12	7	9
1107	1	30	30	29	27	25	25	26	25	21	22
1116	1	17	15	15	13	9	10	13	13	9	9
1126	1	15	15	15	15	10	11	13	12	7	8
1128	1	15	15	13	13	10	10	11	13	7	8
1129	1	16	17	15	13	10	11	12	12	7	7
1136	1	16	17	13	15	10	11	12	12	9	7
1141	1	17	17	15	13	10	9	12	11	8	8
1147	1	17	17	14	13	11	10	12	11	7	8
1171	1	15	16	15	14	11	9	13	13	7	8
1177	1	17	17	13	13	9	10	11	13	7	9
1195	1	15	17	15	15	11	11	11	12	9	9
1219	1	15	17	14	13	10	10	12	13	8	9
1222	1	15	16	15	14	11	9	13	13	8	9
1226	1	17	16	15	15	9	11	12	13	9	8
1237	1	15	16	13	13	10	9	11	11	9	8
1239	1	17	15	13	15	10	9	12	13	8	8
1240	1	16	16	14	13	10	10	11	12	8	8
1245	1	24	24	21	21	17	17	19	18	16	16
1251	1	15	15	14	13	9	11	12	11	9	9
1255	1	15	15	15	13	10	10	12	11	9	9
1265	1	19	19	18	17	14	14	15	14	12	10
1273	1	16	15	14	15	10	10	12	12	9	9
1277	1	15	16	15	14	11	10	13	13	7	7
1293	1	15	16	15	13	10	11	12	12	8	9
1296	1	16	16	15	15	11	11	12	12	7	8
1297	1	16	17	13	14	10	9	13	12	9	8
1299	1	16	16	14	13	11	11	11	11	9	7
1314	1	16	17	14	14	9	11	13	11	9	9
1316	1	15	15	15	14	10	9	11	11	9	9
1322	1	16	15	14	13	11	10	11	13	9	8
1327	1	15	15	13	14	10	10	11	11	7	9
1331	1	23	23	21	20	18	16	20	18	16	14
1339	1	16	16	14	14	10	9	11	13	9	9
1360	1	16	15	13	14	9	10	12	13	8	9
1366	1	15	15	15	13	11	9	11	11	8	7
1369	1	15	16	13	13	9	10	11	12	7	9
1377	1	16	16	14	13	10	9	13	11	7	7
1379	1	17	15	13	15	10	10	12	11	9	7
1380	1	15	15	13	14	9	10	12	11	8	7
1384	1	16	15	15	15	10	9	12	12	8	8
1397	1	17	16	14	13	11	9	11	12	7	7
1403	1	16	15	13	14	9	10	12	13	7	9
1404	1	17	16	13	15	9	10	13	12	7	9
1411	1	15	15	15	14	11	9	12	11	8	7
1412	1	15	16	13	15	9	9	13	12	9	9
1413	1	17	16	14	14	10	11	11	13	8	9
1442	1	16	17	13	15	9	11	11	11	9	8
1444	1	16	17	13	15	9	10	12	12	9	7
1445	1	24	23	22	22	16	17	18	20	14	15
1446	1	16	16	15	14	11	11	13	12	9	9
1453	1	15	16	15	15	9	11	12	12	8	7
1475	1	17	16	13	13	10	10	11	12	9	8
1476	1	15	17	13	14	9	11	13	12	9	8
1488	1	16	17	13	15	11	10	13	13	8	8
1501	1	16	16	15	14	9	10	13	12	8	7
1512	1	16	16	14	15	11	10	11	11	8	9
1538	1	17	16	15	15	11	10	13	11	7	9
1564	1	15	17	14	14	9	10	12	11	9	9
1566	1	24	23	20	22	16	18	19	20	15	14
1568	1	16	17	14	13	11	10	12	12	8	9
1574	1	38	38	34	36	31	31	33	33	30	29
1576	1	15	15	14	15	9	11	11	13	7	9
1597	1	17	17	13	13	9	11	11	12	9	7
1598	1	17	15	13	14	11	9	11	11	9	7
1605	1	17	15	13	15	10	11	11	13	9	8
1608	1	17	15	14	15	11	10	11	13	8	8
1609	1	16	17	13	15	10	11	12	11	8	7
1614	1	15	17	15	13	11	11	13	11	7	7
1665	1	16	17	14	14	11	9	13	13	7	7
1666	1	16	16	15	15	11	10	13	12	8	7
1690	1	17	15	14	15	11	11	13	12	8	7
1691	1	17	16	14	14	10	10	13	13	7	9
1709	1	15	17	15	13	9	11	13	13	7	7
1724	1	16	17	15	15	9	11	13	12	8	9
1725	1	15	15	15	14	10	9	12	11	9	8
1727	1	16	17	15	15	11	11	12	13	9	7
1740	1	23	23	21	20	16	18	18	18	16	16
1741	1	16	16	14	15	11	11	13	12	8	9
1749	1	17	16	15	14	9	10	13	13	8	9
1752	1	17	17	13	15	10	9	12	13	8	7
1753	1	38	36	36	36	30	31	33	34	28	29
1754	1	17	17	13	14	10	9	12	12	7	8
1762	1	15	16	13	14	11	9	11	13	9	9
1767	1	31	30	29	28	25	23	25	25	23	21
1770	1	16	15	14	14	9	9	13	12	9	8
1773	1	16	17	15	13	9	11	12	11	7	8
1778	1	15	17	15	14	9	9	11	12	7	9
1793	1	17	15	13	14	10	9	11	11	9	8
1795	1	15	16	15	15	10	11	13	13	9	9
1798	1	17	16	14	14	9	11	12	12	9	7
1799	1	15	16	13	15	9	11	11	12	8	9
1813	1	16	17	14	14	9	9	11	11	8	8
1820	1	15	17	14	15	9	9	13	11	7	9
1821	1	16	17	14	13	10	10	13	11	7	7
1829	1	15	17	14	13	10	10	11	11	9	8
32	2	16.5	16.5	12.5	13.5	8.5	9.5	11.5	10.5	7.5	8.5
48	2	14.5	14.5	12.5	10.5	7.5	6.5	8.5	9.5	6.5	6.5
58	2	16.5	15.5	13.5	13.5	10.5	9.5	10.5	12.5	8.5	6.5
84	2	16.5	16.5	14.5	12.5	9.5	10.5	10.5	10.5	7.5	8.5
92	2	14.5	14.5	14.5	14.5	9.5	8.5	10.5	12.5	7.5	7.5
93	2	16.5	14.5	14.5	12.5	8.5	10.5	11.5	11.5	6.5	6.5
99	2	16.5	16.5	13.5	12.5	8.5	10.5	10.5	11.5	8.5	6.5
100	2	16.5	14.5	14.5	13.5	8.5	10.5	10.5	11.5	7.5	6.5
117	2	16.5	15.5	12.5	12.5	10.5	10.5	12.5	12.5	6.5	6.5
120	2	15.5	14.5	14.5	13.5	9.5	8.5	10.5	12.5	6.5	8.5
124	2	14.5	13.5	12.5	10.5	7.5	7.5	9.5	9.5	6.5	4.5
126	2	16.5	16.5	12.5	12.5	9.5	9.5	12.5	11.5	6.5	7.5
128	2	12.5	14.5	12.5	11.5	8.5	6.5	8.5	10.5	5.5	4.5
139	2	13.5	14.5	10.5	11.5	6.5	8.5	8.5	8.5	5.5	5.5
144	2	14.5	14.5	12.5	12.5	10.5	10.5	12.5	10.5	8.5	7.5
153	2	16.5	15.5	13.5	13.5	8.5	10.5	10.5	11.5	8.5	8.5
154	2	13.5	14.5	12.5	10.5	6.5	8.5	8.5	8.5	5.5	5.5
155	2	14.5	16.5	14.5	12.5	9.5	9.5	12.5	10.5	8.5	7.5
161	2	14.5	15.5	12.5	13.5	8.5	8.5	10.5	10.5	6.5	7.5
162	2	15.5	16.5	13.5	14.5	9.5	9.5	12.5	11.5	8.5	8.5
163	2	14.5	14.5	13.5	12.5	10.5	9.5	11.5	10.5	7.5	6.5
196	2	16.5	15.5	12.5	13.5	8.5	10.5	11.5	11.5	7.5	6.5
200	2	15.5	15.5	13.5	12.5	9.5	10.5	10.5	12.5	8.5	7.5
208	2	15.5	15.5	12.5	12.5	8.5	9.5	11.5	10.5	7.5	8.5
210	2	12.5	13.5	12.5	11.5	8.5	7.5	9.5	8.5	4.5	6.5
214	2	14.5	14.5	13.5	12.5	8.5	9.5	10.5	11.5	6.5	8.5
215	2	14.5	16.5	12.5	14.5	9.5	9.5	12.5	12.5	8.5	7.5
216	2	15.5	14.5	13.5	13.5	8.5	9.5	11.5	10.5	8.5	8.5
217	2	14.5	14.5	14.5	13.5	10.5	8.5	11.5	10.5	6.5	8.5
228	2	14.5	14.5	13.5	13.5	9.5	8.5	12.5	12.5	6.5	7.5
247	2	16.5	15.5	12.5	12.5	8.5	9.5	12.5	12.5	8.5	7.5
263	2	16.5	15.5	12.5	14.5	8.5	9.5	10.5	12.5	6.5	6.5
281	2	16.5	16.5	13.5	12.5	10.5	9.5	10.5	12.5	6.5	8.5
288	2	16.5	15.5	12.5	13.5	10.5	10.5	12.5	10.5	6.5	8.5
291	2	12.5	13.5	11.5	11.5	7.5	6.5	8.5	10.5	4.5	4.5
295	2	15.5	14.5	12.5	12.5	9.5	10.5	12.5	12.5	6.5	6.5
312	2	15.5	14.5	13.5	14.5	9.5	8.5	11.5	11.5	7.5	6.5
363	2	15.5	15.5	12.5	13.5	8.5	8.5	11.5	12.5	7.5	6.5
369	2	15.5	16.5	13.5	12.5	9.5	8.5	11.5	12.5	7.5	8.5
384	2	15.5	14.5	12.5	14.5	9.5	10.5	12.5	12.5	7.5	6.5
388	2	15.5	16.5	12.5	14.5	9.5	8.5	10.5	10.5	7.5	8.5
397	2	22.5	22.5	21.5	20.5	17.5	15.5	18.5	19.5	15.5	14.5
400	2	15.5	14.5	13.5	14.5	8.5	8.5	10.5	12.5	8.5	7.5
417	2	21.5	23.5	19.5	21.5	16.5	17.5	18.5	17.5	13.5	15.5
423	2	16.5	15.5	13.5	12.5	9.5	9.5	12.5	10.5	6.5	6.5
435	2	16.5	14.5	14.5	14.5	10.5	9.5	10.5	12.5	6.5	7.5
437	2	15.5	15.5	12.5	12.5	10.5	10.5	12.5	10.5	7.5	8.5
445	2	15.5	16.5	13.5	14.5	9.5	10.5	12.5	10.5	7.5	6.5
449	2	14.5	14.5	14.5	14.5	10.5	9.5	10.5	11.5	8.5	6.5
455	2	14.5	16.5	13.5	13.5	10.5	8.5	10.5	12.5	8.5	6.5
461	2	14.5	13.5	10.5	10.5	8.5	8.5	10.5	9.5	4.5	4.5
464	2	14.5	16.5	12.5	12.5	9.5	8.5	11.5	12.5	7.5	7.5
466	2	14.5	16.5	12.5	12.5	9.5	10.5	10.5	12.5	8.5	7.5
470	2	15.5	15.5	13.5	14.5	10.5	10.5	12.5	10.5	6.5	8.5
491	2	15.5	14.5	12.5	13.5	9.5	8.5	10.5	10.5	8.5	8.5
493	2	14.5	15.5	14.5	13.5	10.5	9.5	12.5	10.5	8.5	8.5
499	2	15.5	14.5	13.5	12.5	9.5	10.5	11.5	12.5	8.5	7.5
500	2	21.5	21.5	19.5	21.5	17.5	16.5	19.5	19.5	15.5	13.5
512	2	14.5	14.5	12.5	14.5	10.5	10.5	12.5	12.5	7.5	8.5
519	2	15.5	16.5	13.5	13.5	10.5	9.5	11.5	11.5	8.5	6.5
520	2	16.5	16.5	12.5	13.5	10.5	9.5	12.5	10.5	6.5	8.5
524	2	14.5	16.5	12.5	12.5	9.5	8.5	10.5	11.5	6.5	7.5
526	2	16.5	16.5	12.5	12.5	10.5	10.5	11.5	10.5	8.5	7.5
535	2	16.5	14.5	14.5	13.5	8.5	9.5	10.5	11.5	8.5	6.5
552	2	16.5	15.5	13.5	13.5	10.5	10.5	10.5	12.5	8.5	6.5
556	2	15.5	14.5	12.5	13.5	8.5	8.5	12.5	12.5	6.5	7.5
565	2	16.5	14.5	14.5	13.5	9.5	10.5	10.5	10.5	7.5	8.5
568	2	15.5	16.5	13.5	13.5	8.5	8.5	11.5	10.5	6.5	8.5
570	2	21.5	22.5	21.5	19.5	15.5	16.5	18.5	18.5	15.5	15.5
571	2	16.5	14.5	12.5	12.5	8.5	8.5	12.5	10.5	6.5	6.5
573	2	15.5	15.5	14.5	12.5	10.5	8.5	10.5	11.5	6.5	6.5
575	2	15.5	14.5	14.5	14.5	9.5	8.5	12.5	12.5	7.5	8.5
581	2	14.5	16.5	13.5	13.5	9.5	10.5	10.5	10.5	6.5	6.5
585	2	14.5	14.5	12.5	12.5	10.5	9.5	10.5	11.5	6.5	6.5
587	2	16.5	15.5	13.5	13.5	9.5	8.5	10.5	11.5	7.5	8.5
603	2	15.5	16.5	12.5	14.5	9.5	10.5	11.5	11.5	8.5	6.5
614	2	16.5	16.5	13.5	14.5	9.5	9.5	12.5	12.5	6.5	6.5
643	2	14.5	15.5	12.5	12.5	10.5	8.5	11.5	11.5	8.5	6.5
644	2	14.5	15.5	12.5	12.5	10.5	8.5	11.5	11.5	8.5	6.5
646	2	16.5	15.5	12.5	12.5	10.5	10.5	12.5	11.5	7.5	7.5
653	2	15.5	14.5	13.5	14.5	8.5	10.5	10.5	12.5	6.5	8.5
672	2	14.5	16.5	14.5	12.5	8.5	8.5	12.5	11.5	6.5	7.5
676	2	16.5	15.5	12.5	14.5	8.5	10.5	10.5	12.5	6.5	8.5
678	2	15.5	16.5	13.5	14.5	8.5	10.5	12.5	10.5	8.5	6.5
682	2	14.5	16.5	12.5	14.5	10.5	8.5	12.5	12.5	7.5	8.5
686	2	16.5	14.5	13.5	12.5	10.5	8.5	12.5	10.5	8.5	6.5
705	2	21.5	21.5	20.5	19.5	15.5	16.5	18.5	17.5	13.5	15.5
709	2	15.5	15.5	14.5	13.5	9.5	10.5	11.5	10.5	7.5	8.5
713	2	15.5	15.5	14.5	13.5	8.5	10.5	10.5	11.5	8.5	6.5
716	2	14.5	15.5	13.5	14.5	8.5	10.5	11.5	11.5	6.5	8.5
718	2	14.5	15.5	14.5	14.5	10.5	8.5	10.5	11.5	8.5	8.5
724	2	23.5	21.5	21.5	21.5	17.5	15.5	18.5	19.5	14.5	15.5
748	2	16.5	14.5	13.5	12.5	9.5	9.5	11.5	12.5	6.5	6.5
761	2	14.5	15.5	12.5	14.5	8.5	9.5	10.5	12.5	6.5	8.5
764	2	14.5	15.5	13.5	13.5	8.5	8.5	11.5	10.5	8.5	7.5
766	2	14.5	14.5	12.5	14.5	9.5	9.5	11.5	12.5	6.5	6.5
773	2	13.5	14.5	12.5	12.5	6.5	6.5	8.5	9.5	5.5	6.5
777	2	15.5	16.5	12.5	12.5	9.5	10.5	12.5	11.5	8.5	7.5
778	2	14.5	16.5	14.5	13.5	9.5	8.5	11.5	12.5	8.5	8.5
798	2	14.5	16.5	12.5	13.5	8.5	9.5	10.5	12.5	6.5	8.5
804	2	14.5	14.5	14.5	14.5	9.5	8.5	10.5	10.5	6.5	8.5
814	2	15.5	15.5	14.5	14.5	10.5	9.5	10.5	10.5	7.5	8.5
815	2	16.5	15.5	13.5	12.5	10.5	9.5	10.5	12.5	6.5	8.5
823	2	15.5	14.5	12.5	14.5	8.5	8.5	10.5	10.5	7.5	7.5
824	2	14.5	14.5	13.5	13.5	8.5	8.5	11.5	11.5	8.5	6.5
848	2	14.5	14.5	12.5	14.5	10.5	9.5	12.5	11.5	7.5	6.5
874	2	14.5	14.5	14.5	12.5	9.5	10.5	10.5	11.5	6.5	6.5
886	2	16.5	14.5	13.5	14.5	9.5	10.5	10.5	12.5	6.5	6.5
888	2	35.5	36.5	34.5	33.5	31.5	30.5	32.5	32.5	27.5	29.5
896	2	16.5	16.5	14.5	12.5	8.5	8.5	10.5	12.5	7.5	6.5
916	2	14.5	16.5	12.5	14.5	9.5	9.5	12.5	11.5	6.5	6.5
924	2	15.5	15.5	13.5	13.5	10.5	9.5	10.5	10.5	7.5	7.5
939	2	15.5	16.5	13.5	14.5	8.5	10.5	12.5	10.5	6.5	8.5
944	2	16.5	15.5	14.5	12.5	9.5	9.5	11.5	11.5	7.5	6.5
948	2	15.5	14.5	14.5	12.5	9.5	8.5	11.5	11.5	6.5	6.5
950	2	23.5	21.5	20.5	19.5	15.5	16.5	19.5	17.5	14.5	14.5
953	2	16.5	15.5	12.5	13.5	8.5	8.5	10.5	10.5	8.5	7.5
957	2	15.5	14.5	14.5	14.5	9.5	8.5	12.5	10.5	7.5	7.5
975	2	16.5	16.5	14.5	14.5	10.5	8.5	11.5	12.5	8.5	8.5
985	2	14.5	16.5	12.5	12.5	8.5	8.5	12.5	10.5	6.5	8.5
986	2	15.5	14.5	12.5	14.5	10.5	10.5	11.5	11.5	7.5	7.5
992	2	14.5	15.5	13.5	13.5	10.5	8.5	12.5	11.5	6.5	6.5
995	2	16.5	15.5	14.5	13.5	10.5	8.5	10.5	11.5	8.5	8.5
1004	2	15.5	14.5	14.5	14.5	10.5	10.5	12.5	11.5	6.5	7.5
1012	2	14.5	15.5	12.5	13.5	8.5	10.5	11.5	12.5	8.5	8.5
1037	2	16.5	15.5	12.5	13.5	8.5	10.5	11.5	12.5	8.5	7.5
1044	2	16.5	15.5	13.5	13.5	9.5	9.5	10.5	11.5	6.5	6.5
1051	2	30.5	29.5	28.5	28.5	22.5	23.5	24.5	26.5	21.5	22.5
1059	2	14.5	15.5	14.5	14.5	10.5	10.5	12.5	11.5	6.5	7.5
1061	2	14.5	14.5	14.5	14.5	9.5	9.5	10.5	12.5	8.5	8.5
1064	2	14.5	16.5	14.5	12.5	9.5	10.5	12.5	10.5	8.5	8.5
1067	2	16.5	15.5	14.5	12.5	8.5	8.5	11.5	11.5	7.5	7.5
1068	2	14.5	14.5	14.5	12.5	9.5	10.5	12.5	10.5	8.5	7.5
1078	2	15.5	14.5	12.5	12.5	10.5	10.5	12.5	12.5	7.5	7.5
1081	2	14.5	14.5	13.5	12.5	10.5	9.5	10.5	12.5	7.5	6.5
1089	2	14.5	16.5	13.5	13.5	9.5	10.5	11.5	10.5	7.5	6.5
1093	2	16.5	15.5	14.5	12.5	10.5	9.5	12.5	10.5	7.5	6.5
1097	2	15.5	15.5	14.5	13.5	10.5	10.5	10.5	12.5	6.5	8.5
1098	2	16.5	16.5	14.5	12.5	10.5	10.5	10.5	12.5	6.5	8.5
1104	2	15.5	14.5	12.5	13.5	8.5	9.5	10.5	11.5	6.5	8.5
1107	2	29.5	29.5	28.5	26.5	24.5	24.5	25.5	24.5	20.5	21.5
1116	2	16.5	14.5	14.5	12.5	8.5	9.5	12.5	12.5	8.5	8.5
1126	2	14.5	14.5	14.5	14.5	9.5	10.5	12.5	11.5	6.5	7.5
1128	2	14.5	14.5	12.5	12.5	9.5	9.5	10.5	12.5	6.5	7.5
1129	2	15.5	16.5	14.5	12.5	9.5	10.5	11.5	11.5	6.5	6.5
1136	2	15.5	16.5	12.5	14.5	9.5	10.5	11.5	11.5	8.5	6.5
1141	2	16.5	16.5	14.5	12.5	9.5	8.5	11.5	10.5	7.5	7.5
1147	2	16.5	16.5	13.5	12.5	10.5	9.5	11.5	10.5	6.5	7.5
1171	2	14.5	15.5	14.5	13.5	10.5	8.5	12.5	12.5	6.5	7.5
1177	2	16.5	16.5	12.5	12.5	8.5	9.5	10.5	12.5	6.5	8.5
1195	2	14.5	16.5	14.5	14.5	10.5	10.5	10.5	11.5	8.5	8.5
1219	2	14.5	16.5	13.5	12.5	9.5	9.5	11.5	12.5	7.5	8.5
1222	2	14.5	15.5	14.5	13.5	10.5	8.5	12.5	12.5	7.5	8.5
1226	2	16.5	15.5	14.5	14.5	8.5	10.5	11.5	12.5	8.5	7.5
1237	2	14.5	15.5	12.5	12.5	9.5	8.5	10.5	10.5	8.5	7.5
1239	2	16.5	14.5	12.5	14.5	9.5	8.5	11.5	12.5	7.5	7.5
1240	2	15.5	15.5	13.5	12.5	9.5	9.5	10.5	11.5	7.5	7.5
1245	2	23.5	23.5	20.5	20.5	16.5	16.5	18.5	17.5	15.5	15.5
1251	2	14.5	14.5	13.5	12.5	8.5	10.5	11.5	10.5	8.5	8.5
1255	2	14.5	14.5	14.5	12.5	9.5	9.5	11.5	10.5	8.5	8.5
1265	2	18.5	18.5	17.5	16.5	13.5	13.5	14.5	13.5	11.5	9.5
1273	2	15.5	14.5	13.5	14.5	9.5	9.5	11.5	11.5	8.5	8.5
1277	2	14.5	15.5	14.5	13.5	10.5	9.5	12.5	12.5	6.5	6.5
1293	2	14.5	15.5	14.5	12.5	9.5	10.5	11.5	11.5	7.5	8.5
1296	2	15.5	15.5	14.5	14.5	10.5	10.5	11.5	11.5	6.5	7.5
1297	2	15.5	16.5	12.5	13.5	9.5	8.5	12.5	11.5	8.5	7.5
1299	2	15.5	15.5	13.5	12.5	10.5	10.5	10.5	10.5	8.5	6.5
1314	2	15.5	16.5	13.5	13.5	8.5	10.5	12.5	10.5	8.5	8.5
1316	2	14.5	14.5	14.5	13.5	9.5	8.5	10.5	10.5	8.5	8.5
1322	2	15.5	14.5	13.5	12.5	10.5	9.5	10.5	12.5	8.5	7.5
1327	2	14.5	14.5	12.5	13.5	9.5	9.5	10.5	10.5	6.5	8.5
1331	2	22.5	22.5	20.5	19.5	17.5	15.5	19.5	17.5	15.5	13.5
1339	2	15.5	15.5	13.5	13.5	9.5	8.5	10.5	12.5	8.5	8.5
1360	2	15.5	14.5	12.5	13.5	8.5	9.5	11.5	12.5	7.5	8.5
1366	2	14.5	14.5	14.5	12.5	10.5	8.5	10.5	10.5	7.5	6.5
1369	2	14.5	15.5	12.5	12.5	8.5	9.5	10.5	11.5	6.5	8.5
1377	2	15.5	15.5	13.5	12.5	9.5	8.5	12.5	10.5	6.5	6.5
1379	2	16.5	14.5	12.5	14.5	9.5	9.5	11.5	10.5	8.5	6.5
1380	2	14.5	14.5	12.5	13.5	8.5	9.5	11.5	10.5	7.5	6.5
1384	2	15.5	14.5	14.5	14.5	9.5	8.5	11.5	11.5	7.5	7.5
1397	2	16.5	15.5	13.5	12.5	10.5	8.5	10.5	11.5	6.5	6.5
1403	2	15.5	14.5	12.5	13.5	8.5	9.5	11.5	12.5	6.5	8.5
1404	2	16.5	15.5	12.5	14.5	8.5	9.5	12.5	11.5	6.5	8.5
1411	2	14.5	14.5	14.5	13.5	10.5	8.5	11.5	10.5	7.5	6.5
1412	2	14.5	15.5	12.5	14.5	8.5	8.5	12.5	11.5	8.5	8.5
1413	2	16.5	15.5	13.5	13.5	9.5	10.5	10.5	12.5	7.5	8.5
1442	2	15.5	16.5	12.5	14.5	8.5	10.5	10.5	10.5	8.5	7.5
1444	2	15.5	16.5	12.5	14.5	8.5	9.5	11.5	11.5	8.5	6.5
1445	2	23.5	22.5	21.5	21.5	15.5	16.5	17.5	19.5	13.5	14.5
1446	2	15.5	15.5	14.5	13.5	10.5	10.5	12.5	11.5	8.5	8.5
1453	2	14.5	15.5	14.5	14.5	8.5	10.5	11.5	11.5	7.5	6.5
1475	2	16.5	15.5	12.5	12.5	9.5	9.5	10.5	11.5	8.5	7.5
1476	2	14.5	16.5	12.5	13.5	8.5	10.5	12.5	11.5	8.5	7.5
1488	2	15.5	16.5	12.5	14.5	10.5	9.5	12.5	12.5	7.5	7.5
1501	2	15.5	15.5	14.5	13.5	8.5	9.5	12.5	11.5	7.5	6.5
1512	2	15.5	15.5	13.5	14.5	10.5	9.5	10.5	10.5	7.5	8.5
1538	2	16.5	15.5	14.5	14.5	10.5	9.5	12.5	10.5	6.5	8.5
1564	2	14.5	16.5	13.5	13.5	8.5	9.5	11.5	10.5	8.5	8.5
1566	2	23.5	22.5	19.5	21.5	15.5	17.5	18.5	19.5	14.5	13.5
1568	2	15.5	16.5	13.5	12.5	10.5	9.5	11.5	11.5	7.5	8.5
1574	2	37.5	37.5	33.5	35.5	30.5	30.5	32.5	32.5	29.5	28.5
1576	2	14.5	14.5	13.5	14.5	8.5	10.5	10.5	12.5	6.5	8.5
1597	2	16.5	16.5	12.5	12.5	8.5	10.5	10.5	11.5	8.5	6.5
1598	2	16.5	14.5	12.5	13.5	10.5	8.5	10.5	10.5	8.5	6.5
1605	2	16.5	14.5	12.5	14.5	9.5	10.5	10.5	12.5	8.5	7.5
1608	2	16.5	14.5	13.5	14.5	10.5	9.5	10.5	12.5	7.5	7.5
1609	2	15.5	16.5	12.5	14.5	9.5	10.5	11.5	10.5	7.5	6.5
1614	2	14.5	16.5	14.5	12.5	10.5	10.5	12.5	10.5	6.5	6.5
1665	2	15.5	16.5	13.5	13.5	10.5	8.5	12.5	12.5	6.5	6.5
1666	2	15.5	15.5	14.5	14.5	10.5	9.5	12.5	11.5	7.5	6.5
1690	2	16.5	14.5	13.5	14.5	10.5	10.5	12.5	11.5	7.5	6.5
1691	2	16.5	15.5	13.5	13.5	9.5	9.5	12.5	12.5	6.5	8.5
1709	2	14.5	16.5	14.5	12.5	8.5	10.5	12.5	12.5	6.5	6.5
1724	2	15.5	16.5	14.5	14.5	8.5	10.5	12.5	11.5	7.5	8.5
1725	2	14.5	14.5	14.5	13.5	9.5	8.5	11.5	10.5	8.5	7.5
1727	2	15.5	16.5	14.5	14.5	10.5	10.5	11.5	12.5	8.5	6.5
1740	2	22.5	22.5	20.5	19.5	15.5	17.5	17.5	17.5	15.5	15.5
1741	2	15.5	15.5	13.5	14.5	10.5	10.5	12.5	11.5	7.5	8.5
1749	2	16.5	15.5	14.5	13.5	8.5	9.5	12.5	12.5	7.5	8.5
1752	2	16.5	16.5	12.5	14.5	9.5	8.5	11.5	12.5	7.5	6.5
1753	2	37.5	35.5	35.5	35.5	29.5	30.5	32.5	33.5	27.5	28.5
1754	2	16.5	16.5	12.5	13.5	9.5	8.5	11.5	11.5	6.5	7.5
1762	2	14.5	15.5	12.5	13.5	10.5	8.5	10.5	12.5	8.5	8.5
1767	2	30.5	29.5	28.5	27.5	24.5	22.5	24.5	24.5	22.5	20.5
1770	2	15.5	14.5	13.5	13.5	8.5	8.5	12.5	11.5	8.5	7.5
1773	2	15.5	16.5	14.5	12.5	8.5	10.5	11.5	10.5	6.5	7.5
1778	2	14.5	16.5	14.5	13.5	8.5	8.5	10.5	11.5	6.5	8.5
1793	2	16.5	14.5	12.5	13.5	9.5	8.5	10.5	10.5	8.5	7.5
1795	2	14.5	15.5	14.5	14.5	9.5	10.5	12.5	12.5	8.5	8.5
1798	2	16.5	15.5	13.5	13.5	8.5	10.5	11.5	11.5	8.5	6.5
1799	2	14.5	15.5	12.5	14.5	8.5	10.5	10.5	11.5	7.5	8.5
1813	2	15.5	16.5	13.5	13.5	8.5	8.5	10.5	10.5	7.5	7.5
1820	2	14.5	16.5	13.5	14.5	8.5	8.5	12.5	10.5	6.5	8.5
1821	2	15.5	16.5	13.5	12.5	9.5	9.5	12.5	10.5	6.5	6.5
1829	2	14.5	16.5	13.5	12.5	9.5	9.5	10.5	10.5	8.5	7.5
32	3	16	16	12	13	8	9	11	10	7	8
48	3	14	14	12	10	7	6	8	9	6	6
58	3	16	15	13	13	10	9	10	12	8	6
84	3	16	16	14	12	9	10	10	10	7	8
92	3	14	14	14	14	9	8	10	12	7	7
93	3	16	14	14	12	8	10	11	11	6	6
99	3	16	16	13	12	8	10	10	11	8	6
100	3	16	14	14	13	8	10	10	11	7	6
117	3	16	15	12	12	10	10	12	12	6	6
120	3	15	14	14	13	9	8	10	12	6	8
124	3	14	13	12	10	7	7	9	9	6	4
126	3	16	16	12	12	9	9	12	11	6	7
128	3	12	14	12	11	8	6	8	10	5	4
139	3	13	14	10	11	6	8	8	8	5	5
144	3	14	14	12	12	10	10	12	10	8	7
153	3	16	15	13	13	8	10	10	11	8	8
154	3	13	14	12	10	6	8	8	8	5	5
155	3	14	16	14	12	9	9	12	10	8	7
161	3	14	15	12	13	8	8	10	10	6	7
162	3	15	16	13	14	9	9	12	11	8	8
163	3	14	14	13	12	10	9	11	10	7	6
196	3	16	15	12	13	8	10	11	11	7	6
200	3	15	15	13	12	9	10	10	12	8	7
208	3	15	15	12	12	8	9	11	10	7	8
210	3	12	13	12	11	8	7	9	8	4	6
214	3	14	14	13	12	8	9	10	11	6	8
215	3	14	16	12	14	9	9	12	12	8	7
216	3	15	14	13	13	8	9	11	10	8	8
217	3	14	14	14	13	10	8	11	10	6	8
228	3	14	14	13	13	9	8	12	12	6	7
247	3	16	15	12	12	8	9	12	12	8	7
263	3	16	15	12	14	8	9	10	12	6	6
281	3	16	16	13	12	10	9	10	12	6	8
288	3	16	15	12	13	10	10	12	10	6	8
291	3	12	13	11	11	7	6	8	10	4	4
295	3	15	14	12	12	9	10	12	12	6	6
312	3	15	14	13	14	9	8	11	11	7	6
363	3	15	15	12	13	8	8	11	12	7	6
369	3	15	16	13	12	9	8	11	12	7	8
384	3	15	14	12	14	9	10	12	12	7	6
388	3	15	16	12	14	9	8	10	10	7	8
397	3	22	22	21	20	17	15	18	19	15	14
400	3	15	14	13	14	8	8	10	12	8	7
417	3	21	23	19	21	16	17	18	17	13	15
423	3	16	15	13	12	9	9	12	10	6	6
435	3	16	14	14	14	10	9	10	12	6	7
437	3	15	15	12	12	10	10	12	10	7	8
445	3	15	16	13	14	9	10	12	10	7	6
449	3	14	14	14	14	10	9	10	11	8	6
455	3	14	16	13	13	10	8	10	12	8	6
461	3	14	13	10	10	8	8	10	9	4	4
464	3	14	16	12	12	9	8	11	12	7	7
466	3	14	16	12	12	9	10	10	12	8	7
470	3	15	15	13	14	10	10	12	10	6	8
491	3	15	14	12	13	9	8	10	10	8	8
493	3	14	15	14	13	10	9	12	10	8	8
499	3	15	14	13	12	9	10	11	12	8	7
500	3	21	21	19	21	17	16	19	19	15	13
512	3	14	14	12	14	10	10	12	12	7	8
519	3	15	16	13	13	10	9	11	11	8	6
520	3	16	16	12	13	10	9	12	10	6	8
524	3	14	16	12	12	9	8	10	11	6	7
526	3	16	16	12	12	10	10	11	10	8	7
535	3	16	14	14	13	8	9	10	11	8	6
552	3	16	15	13	13	10	10	10	12	8	6
556	3	15	14	12	13	8	8	12	12	6	7
565	3	16	14	14	13	9	10	10	10	7	8
568	3	15	16	13	13	8	8	11	10	6	8
570	3	21	22	21	19	15	16	18	18	15	15
571	3	16	14	12	12	8	8	12	10	6	6
573	3	15	15	14	12	10	8	10	11	6	6
575	3	15	14	14	14	9	8	12	12	7	8
581	3	14	16	13	13	9	10	10	10	6	6
585	3	14	14	12	12	10	9	10	11	6	6
587	3	16	15	13	13	9	8	10	11	7	8
603	3	15	16	12	14	9	10	11	11	8	6
614	3	16	16	13	14	9	9	12	12	6	6
643	3	14	15	12	12	10	8	11	11	8	6
644	3	14	15	12	12	10	8	11	11	8	6
646	3	16	15	12	12	10	10	12	11	7	7
653	3	15	14	13	14	8	10	10	12	6	8
672	3	14	16	14	12	8	8	12	11	6	7
676	3	16	15	12	14	8	10	10	12	6	8
678	3	15	16	13	14	8	10	12	10	8	6
682	3	14	16	12	14	10	8	12	12	7	8
686	3	16	14	13	12	10	8	12	10	8	6
705	3	21	21	20	19	15	16	18	17	13	15
709	3	15	15	14	13	9	10	11	10	7	8
713	3	15	15	14	13	8	10	10	11	8	6
716	3	14	15	13	14	8	10	11	11	6	8
718	3	14	15	14	14	10	8	10	11	8	8
724	3	23	21	21	21	17	15	18	19	14	15
748	3	16	14	13	12	9	9	11	12	6	6
761	3	14	15	12	14	8	9	10	12	6	8
764	3	14	15	13	13	8	8	11	10	8	7
766	3	14	14	12	14	9	9	11	12	6	6
773	3	13	14	12	12	6	6	8	9	5	6
777	3	15	16	12	12	9	10	12	11	8	7
778	3	14	16	14	13	9	8	11	12	8	8
798	3	14	16	12	13	8	9	10	12	6	8
804	3	14	14	14	14	9	8	10	10	6	8
814	3	15	15	14	14	10	9	10	10	7	8
815	3	16	15	13	12	10	9	10	12	6	8
823	3	15	14	12	14	8	8	10	10	7	7
824	3	14	14	13	13	8	8	11	11	8	6
848	3	14	14	12	14	10	9	12	11	7	6
874	3	14	14	14	12	9	10	10	11	6	6
886	3	16	14	13	14	9	10	10	12	6	6
888	3	35	36	34	33	31	30	32	32	27	29
896	3	16	16	14	12	8	8	10	12	7	6
916	3	14	16	12	14	9	9	12	11	6	6
924	3	15	15	13	13	10	9	10	10	7	7
939	3	15	16	13	14	8	10	12	10	6	8
944	3	16	15	14	12	9	9	11	11	7	6
948	3	15	14	14	12	9	8	11	11	6	6
950	3	23	21	20	19	15	16	19	17	14	14
953	3	16	15	12	13	8	8	10	10	8	7
957	3	15	14	14	14	9	8	12	10	7	7
975	3	16	16	14	14	10	8	11	12	8	8
985	3	14	16	12	12	8	8	12	10	6	8
986	3	15	14	12	14	10	10	11	11	7	7
992	3	14	15	13	13	10	8	12	11	6	6
995	3	16	15	14	13	10	8	10	11	8	8
1004	3	15	14	14	14	10	10	12	11	6	7
1012	3	14	15	12	13	8	10	11	12	8	8
1037	3	16	15	12	13	8	10	11	12	8	7
1044	3	16	15	13	13	9	9	10	11	6	6
1051	3	30	29	28	28	22	23	24	26	21	22
1059	3	14	15	14	14	10	10	12	11	6	7
1061	3	14	14	14	14	9	9	10	12	8	8
1064	3	14	16	14	12	9	10	12	10	8	8
1067	3	16	15	14	12	8	8	11	11	7	7
1068	3	14	14	14	12	9	10	12	10	8	7
1078	3	15	14	12	12	10	10	12	12	7	7
1081	3	14	14	13	12	10	9	10	12	7	6
1089	3	14	16	13	13	9	10	11	10	7	6
1093	3	16	15	14	12	10	9	12	10	7	6
1097	3	15	15	14	13	10	10	10	12	6	8
1098	3	16	16	14	12	10	10	10	12	6	8
1104	3	15	14	12	13	8	9	10	11	6	8
1107	3	29	29	28	26	24	24	25	24	20	21
1116	3	16	14	14	12	8	9	12	12	8	8
1126	3	14	14	14	14	9	10	12	11	6	7
1128	3	14	14	12	12	9	9	10	12	6	7
1129	3	15	16	14	12	9	10	11	11	6	6
1136	3	15	16	12	14	9	10	11	11	8	6
1141	3	16	16	14	12	9	8	11	10	7	7
1147	3	16	16	13	12	10	9	11	10	6	7
1171	3	14	15	14	13	10	8	12	12	6	7
1177	3	16	16	12	12	8	9	10	12	6	8
1195	3	14	16	14	14	10	10	10	11	8	8
1219	3	14	16	13	12	9	9	11	12	7	8
1222	3	14	15	14	13	10	8	12	12	7	8
1226	3	16	15	14	14	8	10	11	12	8	7
1237	3	14	15	12	12	9	8	10	10	8	7
1239	3	16	14	12	14	9	8	11	12	7	7
1240	3	15	15	13	12	9	9	10	11	7	7
1245	3	23	23	20	20	16	16	18	17	15	15
1251	3	14	14	13	12	8	10	11	10	8	8
1255	3	14	14	14	12	9	9	11	10	8	8
1265	3	18	18	17	16	13	13	14	13	11	9
1273	3	15	14	13	14	9	9	11	11	8	8
1277	3	14	15	14	13	10	9	12	12	6	6
1293	3	14	15	14	12	9	10	11	11	7	8
1296	3	15	15	14	14	10	10	11	11	6	7
1297	3	15	16	12	13	9	8	12	11	8	7
1299	3	15	15	13	12	10	10	10	10	8	6
1314	3	15	16	13	13	8	10	12	10	8	8
1316	3	14	14	14	13	9	8	10	10	8	8
1322	3	15	14	13	12	10	9	10	12	8	7
1327	3	14	14	12	13	9	9	10	10	6	8
1331	3	22	22	20	19	17	15	19	17	15	13
1339	3	15	15	13	13	9	8	10	12	8	8
1360	3	15	14	12	13	8	9	11	12	7	8
1366	3	14	14	14	12	10	8	10	10	7	6
1369	3	14	15	12	12	8	9	10	11	6	8
1377	3	15	15	13	12	9	8	12	10	6	6
1379	3	16	14	12	14	9	9	11	10	8	6
1380	3	14	14	12	13	8	9	11	10	7	6
1384	3	15	14	14	14	9	8	11	11	7	7
1397	3	16	15	13	12	10	8	10	11	6	6
1403	3	15	14	12	13	8	9	11	12	6	8
1404	3	16	15	12	14	8	9	12	11	6	8
1411	3	14	14	14	13	10	8	11	10	7	6
1412	3	14	15	12	14	8	8	12	11	8	8
1413	3	16	15	13	13	9	10	10	12	7	8
1442	3	15	16	12	14	8	10	10	10	8	7
1444	3	15	16	12	14	8	9	11	11	8	6
1445	3	23	22	21	21	15	16	17	19	13	14
1446	3	15	15	14	13	10	10	12	11	8	8
1453	3	14	15	14	14	8	10	11	11	7	6
1475	3	16	15	12	12	9	9	10	11	8	7
1476	3	14	16	12	13	8	10	12	11	8	7
1488	3	15	16	12	14	10	9	12	12	7	7
1501	3	15	15	14	13	8	9	12	11	7	6
1512	3	15	15	13	14	10	9	10	10	7	8
1538	3	16	15	14	14	10	9	12	10	6	8
1564	3	14	16	13	13	8	9	11	10	8	8
1566	3	23	22	19	21	15	17	18	19	14	13
1568	3	15	16	13	12	10	9	11	11	7	8
1574	3	37	37	33	35	30	30	32	32	29	28
1576	3	14	14	13	14	8	10	10	12	6	8
1597	3	16	16	12	12	8	10	10	11	8	6
1598	3	16	14	12	13	10	8	10	10	8	6
1605	3	16	14	12	14	9	10	10	12	8	7
1608	3	16	14	13	14	10	9	10	12	7	7
1609	3	15	16	12	14	9	10	11	10	7	6
1614	3	14	16	14	12	10	10	12	10	6	6
1665	3	15	16	13	13	10	8	12	12	6	6
1666	3	15	15	14	14	10	9	12	11	7	6
1690	3	16	14	13	14	10	10	12	11	7	6
1691	3	16	15	13	13	9	9	12	12	6	8
1709	3	14	16	14	12	8	10	12	12	6	6
1724	3	15	16	14	14	8	10	12	11	7	8
1725	3	14	14	14	13	9	8	11	10	8	7
1727	3	15	16	14	14	10	10	11	12	8	6
1740	3	22	22	20	19	15	17	17	17	15	15
1741	3	15	15	13	14	10	10	12	11	7	8
1749	3	16	15	14	13	8	9	12	12	7	8
1752	3	16	16	12	14	9	8	11	12	7	6
1753	3	37	35	35	35	29	30	32	33	27	28
1754	3	16	16	12	13	9	8	11	11	6	7
1762	3	14	15	12	13	10	8	10	12	8	8
1767	3	30	29	28	27	24	22	24	24	22	20
1770	3	15	14	13	13	8	8	12	11	8	7
1773	3	15	16	14	12	8	10	11	10	6	7
1778	3	14	16	14	13	8	8	10	11	6	8
1793	3	16	14	12	13	9	8	10	10	8	7
1795	3	14	15	14	14	9	10	12	12	8	8
1798	3	16	15	13	13	8	10	11	11	8	6
1799	3	14	15	12	14	8	10	10	11	7	8
1813	3	15	16	13	13	8	8	10	10	7	7
1820	3	14	16	13	14	8	8	12	10	6	8
1821	3	15	16	13	12	9	9	12	10	6	6
1829	3	14	16	13	12	9	9	10	10	8	7
32	4	15.5	15.5	11.5	12.5	7.5	8.5	10.5	9.5	6.5	7.5
48	4	13.5	13.5	11.5	9.5	6.5	5.5	7.5	8.5	5.5	5.5
58	4	15.5	14.5	12.5	12.5	9.5	8.5	9.5	11.5	7.5	5.5
84	4	15.5	15.5	13.5	11.5	8.5	9.5	9.5	9.5	6.5	7.5
92	4	13.5	13.5	13.5	13.5	8.5	7.5	9.5	11.5	6.5	6.5
93	4	15.5	13.5	13.5	11.5	7.5	9.5	10.5	10.5	5.5	5.5
99	4	15.5	15.5	12.5	11.5	7.5	9.5	9.5	10.5	7.5	5.5
100	4	15.5	13.5	13.5	12.5	7.5	9.5	9.5	10.5	6.5	5.5
117	4	15.5	14.5	11.5	11.5	9.5	9.5	11.5	11.5	5.5	5.5
120	4	14.5	13.5	13.5	12.5	8.5	7.5	9.5	11.5	5.5	7.5
124	4	13.5	12.5	11.5	9.5	6.5	6.5	8.5	8.5	5.5	3.5
126	4	15.5	15.5	11.5	11.5	8.5	8.5	11.5	10.5	5.5	6.5
128	4	11.5	13.5	11.5	10.5	7.5	5.5	7.5	9.5	4.5	3.5
139	4	12.5	13.5	9.5	10.5	5.5	7.5	7.5	7.5	4.5	4.5
144	4	13.5	13.5	11.5	11.5	9.5	9.5	11.5	9.5	7.5	6.5
153	4	15.5	14.5	12.5	12.5	7.5	9.5	9.5	10.5	7.5	7.5
154	4	12.5	13.5	11.5	9.5	5.5	7.5	7.5	7.5	4.5	4.5
155	4	13.5	15.5	13.5	11.5	8.5	8.5	11.5	9.5	7.5	6.5
161	4	13.5	14.5	11.5	12.5	7.5	7.5	9.5	9.5	5.5	6.5
162	4	14.5	15.5	12.5	13.5	8.5	8.5	11.5	10.5	7.5	7.5
163	4	13.5	13.5	12.5	11.5	9.5	8.5	10.5	9.5	6.5	5.5
196	4	15.5	14.5	11.5	12.5	7.5	9.5	10.5	10.5	6.5	5.5
200	4	14.5	14.5	12.5	11.5	8.5	9.5	9.5	11.5	7.5	6.5
208	4	14.5	14.5	11.5	11.5	7.5	8.5	10.5	9.5	6.5	7.5
210	4	11.5	12.5	11.5	10.5	7.5	6.5	8.5	7.5	3.5	5.5
214	4	13.5	13.5	12.5	11.5	7.5	8.5	9.5	10.5	5.5	7.5
215	4	13.5	15.5	11.5	13.5	8.5	8.5	11.5	11.5	7.5	6.5
216	4	14.5	13.5	12.5	12.5	7.5	8.5	10.5	9.5	7.5	7.5
217	4	13.5	13.5	13.5	12.5	9.5	7.5	10.5	9.5	5.5	7.5
228	4	13.5	13.5	12.5	12.5	8.5	7.5	11.5	11.5	5.5	6.5
247	4	15.5	14.5	11.5	11.5	7.5	8.5	11.5	11.5	7.5	6.5
263	4	15.5	14.5	11.5	13.5	7.5	8.5	9.5	11.5	5.5	5.5
281	4	15.5	15.5	12.5	11.5	9.5	8.5	9.5	11.5	5.5	7.5
288	4	15.5	14.5	11.5	12.5	9.5	9.5	11.5	9.5	5.5	7.5
291	4	11.5	12.5	10.5	10.5	6.5	5.5	7.5	9.5	3.5	3.5
295	4	14.5	13.5	11.5	11.5	8.5	9.5	11.5	11.5	5.5	5.5
312	4	14.5	13.5	12.5	13.5	8.5	7.5	10.5	10.5	6.5	5.5
363	4	14.5	14.5	11.5	12.5	7.5	7.5	10.5	11.5	6.5	5.5
369	4	14.5	15.5	12.5	11.5	8.5	7.5	10.5	11.5	6.5	7.5
384	4	14.5	13.5	11.5	13.5	8.5	9.5	11.5	11.5	6.5	5.5
388	4	14.5	15.5	11.5	13.5	8.5	7.5	9.5	9.5	6.5	7.5
397	4	21.5	21.5	20.5	19.5	16.5	14.5	17.5	18.5	14.5	13.5
400	4	14.5	13.5	12.5	13.5	7.5	7.5	9.5	11.5	7.5	6.5
417	4	20.5	22.5	18.5	20.5	15.5	16.5	17.5	16.5	12.5	14.5
423	4	15.5	14.5	12.5	11.5	8.5	8.5	11.5	9.5	5.5	5.5
435	4	15.5	13.5	13.5	13.5	9.5	8.5	9.5	11.5	5.5	6.5
437	4	14.5	14.5	11.5	11.5	9.5	9.5	11.5	9.5	6.5	7.5
445	4	14.5	15.5	12.5	13.5	8.5	9.5	11.5	9.5	6.5	5.5
449	4	13.5	13.5	13.5	13.5	9.5	8.5	9.5	10.5	7.5	5.5
455	4	13.5	15.5	12.5	12.5	9.5	7.5	9.5	11.5	7.5	5.5
461	4	13.5	12.5	9.5	9.5	7.5	7.5	9.5	8.5	3.5	3.5
464	4	13.5	15.5	11.5	11.5	8.5	7.5	10.5	11.5	6.5	6.5
466	4	13.5	15.5	11.5	11.5	8.5	9.5	9.5	11.5	7.5	6.5
470	4	14.5	14.5	12.5	13.5	9.5	9.5	11.5	9.5	5.5	7.5
491	4	14.5	13.5	11.5	12.5	8.5	7.5	9.5	9.5	7.5	7.5
493	4	13.5	14.5	13.5	12.5	9.5	8.5	11.5	9.5	7.5	7.5
499	4	14.5	13.5	12.5	11.5	8.5	9.5	10.5	11.5	7.5	6.5
500	4	20.5	20.5	18.5	20.5	16.5	15.5	18.5	18.5	14.5	12.5
512	4	13.5	13.5	11.5	13.5	9.5	9.5	11.5	11.5	6.5	7.5
519	4	14.5	15.5	12.5	12.5	9.5	8.5	10.5	10.5	7.5	5.5
520	4	15.5	15.5	11.5	12.5	9.5	8.5	11.5	9.5	5.5	7.5
524	4	13.5	15.5	11.5	11.5	8.5	7.5	9.5	10.5	5.5	6.5
526	4	15.5	15.5	11.5	11.5	9.5	9.5	10.5	9.5	7.5	6.5
535	4	15.5	13.5	13.5	12.5	7.5	8.5	9.5	10.5	7.5	5.5
552	4	15.5	14.5	12.5	12.5	9.5	9.5	9.5	11.5	7.5	5.5
556	4	14.5	13.5	11.5	12.5	7.5	7.5	11.5	11.5	5.5	6.5
565	4	15.5	13.5	13.5	12.5	8.5	9.5	9.5	9.5	6.5	7.5
568	4	14.5	15.5	12.5	12.5	7.5	7.5	10.5	9.5	5.5	7.5
570	4	20.5	21.5	20.5	18.5	14.5	15.5	17.5	17.5	14.5	14.5
571	4	15.5	13.5	11.5	11.5	7.5	7.5	11.5	9.5	5.5	5.5
573	4	14.5	14.5	13.5	11.5	9.5	7.5	9.5	10.5	5.5	5.5
575	4	14.5	13.5	13.5	13.5	8.5	7.5	11.5	11.5	6.5	7.5
581	4	13.5	15.5	12.5	12.5	8.5	9.5	9.5	9.5	5.5	5.5
585	4	13.5	13.5	11.5	11.5	9.5	8.5	9.5	10.5	5.5	5.5
587	4	15.5	14.5	12.5	12.5	8.5	7.5	9.5	10.5	6.5	7.5
603	4	14.5	15.5	11.5	13.5	8.5	9.5	10.5	10.5	7.5	5.5
614	4	15.5	15.5	12.5	13.5	8.5	8.5	11.5	11.5	5.5	5.5
643	4	13.5	14.5	11.5	11.5	9.5	7.5	10.5	10.5	7.5	5.5
644	4	13.5	14.5	11.5	11.5	9.5	7.5	10.5	10.5	7.5	5.5
646	4	15.5	14.5	11.5	11.5	9.5	9.5	11.5	10.5	6.5	6.5
653	4	14.5	13.5	12.5	13.5	7.5	9.5	9.5	11.5	5.5	7.5
672	4	13.5	15.5	13.5	11.5	7.5	7.5	11.5	10.5	5.5	6.5
676	4	15.5	14.5	11.5	13.5	7.5	9.5	9.5	11.5	5.5	7.5
678	4	14.5	15.5	12.5	13.5	7.5	9.5	11.5	9.5	7.5	5.5
682	4	13.5	15.5	11.5	13.5	9.5	7.5	11.5	11.5	6.5	7.5
686	4	15.5	13.5	12.5	11.5	9.5	7.5	11.5	9.5	7.5	5.5
705	4	20.5	20.5	19.5	18.5	14.5	15.5	17.5	16.5	12.5	14.5
709	4	14.5	14.5	13.5	12.5	8.5	9.5	10.5	9.5	6.5	7.5
713	4	14.5	14.5	13.5	12.5	7.5	9.5	9.5	10.5	7.5	5.5
716	4	13.5	14.5	12.5	13.5	7.5	9.5	10.5	10.5	5.5	7.5
718	4	13.5	14.5	13.5	13.5	9.5	7.5	9.5	10.5	7.5	7.5
724	4	22.5	20.5	20.5	20.5	16.5	14.5	17.5	18.5	13.5	14.5
748	4	15.5	13.5	12.5	11.5	8.5	8.5	10.5	11.5	5.5	5.5
761	4	13.5	14.5	11.5	13.5	7.5	8.5	9.5	11.5	5.5	7.5
764	4	13.5	14.5	12.5	12.5	7.5	7.5	10.5	9.5	7.5	6.5
766	4	13.5	13.5	11.5	13.5	8.5	8.5	10.5	11.5	5.5	5.5
773	4	12.5	13.5	11.5	11.5	5.5	5.5	7.5	8.5	4.5	5.5
777	4	14.5	15.5	11.5	11.5	8.5	9.5	11.5	10.5	7.5	6.5
778	4	13.5	15.5	13.5	12.5	8.5	7.5	10.5	11.5	7.5	7.5
798	4	13.5	15.5	11.5	12.5	7.5	8.5	9.5	11.5	5.5	7.5
804	4	13.5	13.5	13.5	13.5	8.5	7.5	9.5	9.5	5.5	7.5
814	4	14.5	14.5	13.5	13.5	9.5	8.5	9.5	9.5	6.5	7.5
815	4	15.5	14.5	12.5	11.5	9.5	8.5	9.5	11.5	5.5	7.5
823	4	14.5	13.5	11.5	13.5	7.5	7.5	9.5	9.5	6.5	6.5
824	4	13.5	13.5	12.5	12.5	7.5	7.5	10.5	10.5	7.5	5.5
848	4	13.5	13.5	11.5	13.5	9.5	8.5	11.5	10.5	6.5	5.5
874	4	13.5	13.5	13.5	11.5	8.5	9.5	9.5	10.5	5.5	5.5
886	4	15.5	13.5	12.5	13.5	8.5	9.5	9.5	11.5	5.5	5.5
888	4	34.5	35.5	33.5	32.5	30.5	29.5	31.5	31.5	26.5	28.5
896	4	15.5	15.5	13.5	11.5	7.5	7.5	9.5	11.5	6.5	5.5
916	4	13.5	15.5	11.5	13.5	8.5	8.5	11.5	10.5	5.5	5.5
924	4	14.5	14.5	12.5	12.5	9.5	8.5	9.5	9.5	6.5	6.5
939	4	14.5	15.5	12.5	13.5	7.5	9.5	11.5	9.5	5.5	7.5
944	4	15.5	14.5	13.5	11.5	8.5	8.5	10.5	10.5	6.5	5.5
948	4	14.5	13.5	13.5	11.5	8.5	7.5	10.5	10.5	5.5	5.5
950	4	22.5	20.5	19.5	18.5	14.5	15.5	18.5	16.5	13.5	13.5
953	4	15.5	14.5	11.5	12.5	7.5	7.5	9.5	9.5	7.5	6.5
957	4	14.5	13.5	13.5	13.5	8.5	7.5	11.5	9.5	6.5	6.5
975	4	15.5	15.5	13.5	13.5	9.5	7.5	10.5	11.5	7.5	7.5
985	4	13.5	15.5	11.5	11.5	7.5	7.5	11.5	9.5	5.5	7.5
986	4	14.5	13.5	11.5	13.5	9.5	9.5	10.5	10.5	6.5	6.5
992	4	13.5	14.5	12.5	12.5	9.5	7.5	11.5	10.5	5.5	5.5
995	4	15.5	14.5	13.5	12.5	9.5	7.5	9.5	10.5	7.5	7.5
1004	4	14.5	13.5	13.5	13.5	9.5	9.5	11.5	10.5	5.5	6.5
1012	4	13.5	14.5	11.5	12.5	7.5	9.5	10.5	11.5	7.5	7.5
1037	4	15.5	14.5	11.5	12.5	7.5	9.5	10.5	11.5	7.5	6.5
1044	4	15.5	14.5	12.5	12.5	8.5	8.5	9.5	10.5	5.5	5.5
1051	4	29.5	28.5	27.5	27.5	21.5	22.5	23.5	25.5	20.5	21.5
1059	4	13.5	14.5	13.5	13.5	9.5	9.5	11.5	10.5	5.5	6.5
1061	4	13.5	13.5	13.5	13.5	8.5	8.5	9.5	11.5	7.5	7.5
1064	4	13.5	15.5	13.5	11.5	8.5	9.5	11.5	9.5	7.5	7.5
1067	4	15.5	14.5	13.5	11.5	7.5	7.5	10.5	10.5	6.5	6.5
1068	4	13.5	13.5	13.5	11.5	8.5	9.5	11.5	9.5	7.5	6.5
1078	4	14.5	13.5	11.5	11.5	9.5	9.5	11.5	11.5	6.5	6.5
1081	4	13.5	13.5	12.5	11.5	9.5	8.5	9.5	11.5	6.5	5.5
1089	4	13.5	15.5	12.5	12.5	8.5	9.5	10.5	9.5	6.5	5.5
1093	4	15.5	14.5	13.5	11.5	9.5	8.5	11.5	9.5	6.5	5.5
1097	4	14.5	14.5	13.5	12.5	9.5	9.5	9.5	11.5	5.5	7.5
1098	4	15.5	15.5	13.5	11.5	9.5	9.5	9.5	11.5	5.5	7.5
1104	4	14.5	13.5	11.5	12.5	7.5	8.5	9.5	10.5	5.5	7.5
1107	4	28.5	28.5	27.5	25.5	23.5	23.5	24.5	23.5	19.5	20.5
1116	4	15.5	13.5	13.5	11.5	7.5	8.5	11.5	11.5	7.5	7.5
1126	4	13.5	13.5	13.5	13.5	8.5	9.5	11.5	10.5	5.5	6.5
1128	4	13.5	13.5	11.5	11.5	8.5	8.5	9.5	11.5	5.5	6.5
1129	4	14.5	15.5	13.5	11.5	8.5	9.5	10.5	10.5	5.5	5.5
1136	4	14.5	15.5	11.5	13.5	8.5	9.5	10.5	10.5	7.5	5.5
1141	4	15.5	15.5	13.5	11.5	8.5	7.5	10.5	9.5	6.5	6.5
1147	4	15.5	15.5	12.5	11.5	9.5	8.5	10.5	9.5	5.5	6.5
1171	4	13.5	14.5	13.5	12.5	9.5	7.5	11.5	11.5	5.5	6.5
1177	4	15.5	15.5	11.5	11.5	7.5	8.5	9.5	11.5	5.5	7.5
1195	4	13.5	15.5	13.5	13.5	9.5	9.5	9.5	10.5	7.5	7.5
1219	4	13.5	15.5	12.5	11.5	8.5	8.5	10.5	11.5	6.5	7.5
1222	4	13.5	14.5	13.5	12.5	9.5	7.5	11.5	11.5	6.5	7.5
1226	4	15.5	14.5	13.5	13.5	7.5	9.5	10.5	11.5	7.5	6.5
1237	4	13.5	14.5	11.5	11.5	8.5	7.5	9.5	9.5	7.5	6.5
1239	4	15.5	13.5	11.5	13.5	8.5	7.5	10.5	11.5	6.5	6.5
1240	4	14.5	14.5	12.5	11.5	8.5	8.5	9.5	10.5	6.5	6.5
1245	4	22.5	22.5	19.5	19.5	15.5	15.5	17.5	16.5	14.5	14.5
1251	4	13.5	13.5	12.5	11.5	7.5	9.5	10.5	9.5	7.5	7.5
1255	4	13.5	13.5	13.5	11.5	8.5	8.5	10.5	9.5	7.5	7.5
1265	4	17.5	17.5	16.5	15.5	12.5	12.5	13.5	12.5	10.5	8.5
1273	4	14.5	13.5	12.5	13.5	8.5	8.5	10.5	10.5	7.5	7.5
1277	4	13.5	14.5	13.5	12.5	9.5	8.5	11.5	11.5	5.5	5.5
1293	4	13.5	14.5	13.5	11.5	8.5	9.5	10.5	10.5	6.5	7.5
1296	4	14.5	14.5	13.5	13.5	9.5	9.5	10.5	10.5	5.5	6.5
1297	4	14.5	15.5	11.5	12.5	8.5	7.5	11.5	10.5	7.5	6.5
1299	4	14.5	14.5	12.5	11.5	9.5	9.5	9.5	9.5	7.5	5.5
1314	4	14.5	15.5	12.5	12.5	7.5	9.5	11.5	9.5	7.5	7.5
1316	4	13.5	13.5	13.5	12.5	8.5	7.5	9.5	9.5	7.5	7.5
1322	4	14.5	13.5	12.5	11.5	9.5	8.5	9.5	11.5	7.5	6.5
1327	4	13.5	13.5	11.5	12.5	8.5	8.5	9.5	9.5	5.5	7.5
1331	4	21.5	21.5	19.5	18.5	16.5	14.5	18.5	16.5	14.5	12.5
1339	4	14.5	14.5	12.5	12.5	8.5	7.5	9.5	11.5	7.5	7.5
1360	4	14.5	13.5	11.5	12.5	7.5	8.5	10.5	11.5	6.5	7.5
1366	4	13.5	13.5	13.5	11.5	9.5	7.5	9.5	9.5	6.5	5.5
1369	4	13.5	14.5	11.5	11.5	7.5	8.5	9.5	10.5	5.5	7.5
1377	4	14.5	14.5	12.5	11.5	8.5	7.5	11.5	9.5	5.5	5.5
1379	4	15.5	13.5	11.5	13.5	8.5	8.5	10.5	9.5	7.5	5.5
1380	4	13.5	13.5	11.5	12.5	7.5	8.5	10.5	9.5	6.5	5.5
1384	4	14.5	13.5	13.5	13.5	8.5	7.5	10.5	10.5	6.5	6.5
1397	4	15.5	14.5	12.5	11.5	9.5	7.5	9.5	10.5	5.5	5.5
1403	4	14.5	13.5	11.5	12.5	7.5	8.5	10.5	11.5	5.5	7.5
1404	4	15.5	14.5	11.5	13.5	7.5	8.5	11.5	10.5	5.5	7.5
1411	4	13.5	13.5	13.5	12.5	9.5	7.5	10.5	9.5	6.5	5.5
1412	4	13.5	14.5	11.5	13.5	7.5	7.5	11.5	10.5	7.5	7.5
1413	4	15.5	14.5	12.5	12.5	8.5	9.5	9.5	11.5	6.5	7.5
1442	4	14.5	15.5	11.5	13.5	7.5	9.5	9.5	9.5	7.5	6.5
1444	4	14.5	15.5	11.5	13.5	7.5	8.5	10.5	10.5	7.5	5.5
1445	4	22.5	21.5	20.5	20.5	14.5	15.5	16.5	18.5	12.5	13.5
1446	4	14.5	14.5	13.5	12.5	9.5	9.5	11.5	10.5	7.5	7.5
1453	4	13.5	14.5	13.5	13.5	7.5	9.5	10.5	10.5	6.5	5.5
1475	4	15.5	14.5	11.5	11.5	8.5	8.5	9.5	10.5	7.5	6.5
1476	4	13.5	15.5	11.5	12.5	7.5	9.5	11.5	10.5	7.5	6.5
1488	4	14.5	15.5	11.5	13.5	9.5	8.5	11.5	11.5	6.5	6.5
1501	4	14.5	14.5	13.5	12.5	7.5	8.5	11.5	10.5	6.5	5.5
1512	4	14.5	14.5	12.5	13.5	9.5	8.5	9.5	9.5	6.5	7.5
1538	4	15.5	14.5	13.5	13.5	9.5	8.5	11.5	9.5	5.5	7.5
1564	4	13.5	15.5	12.5	12.5	7.5	8.5	10.5	9.5	7.5	7.5
1566	4	22.5	21.5	18.5	20.5	14.5	16.5	17.5	18.5	13.5	12.5
1568	4	14.5	15.5	12.5	11.5	9.5	8.5	10.5	10.5	6.5	7.5
1574	4	36.5	36.5	32.5	34.5	29.5	29.5	31.5	31.5	28.5	27.5
1576	4	13.5	13.5	12.5	13.5	7.5	9.5	9.5	11.5	5.5	7.5
1597	4	15.5	15.5	11.5	11.5	7.5	9.5	9.5	10.5	7.5	5.5
1598	4	15.5	13.5	11.5	12.5	9.5	7.5	9.5	9.5	7.5	5.5
1605	4	15.5	13.5	11.5	13.5	8.5	9.5	9.5	11.5	7.5	6.5
1608	4	15.5	13.5	12.5	13.5	9.5	8.5	9.5	11.5	6.5	6.5
1609	4	14.5	15.5	11.5	13.5	8.5	9.5	10.5	9.5	6.5	5.5
1614	4	13.5	15.5	13.5	11.5	9.5	9.5	11.5	9.5	5.5	5.5
1665	4	14.5	15.5	12.5	12.5	9.5	7.5	11.5	11.5	5.5	5.5
1666	4	14.5	14.5	13.5	13.5	9.5	8.5	11.5	10.5	6.5	5.5
1690	4	15.5	13.5	12.5	13.5	9.5	9.5	11.5	10.5	6.5	5.5
1691	4	15.5	14.5	12.5	12.5	8.5	8.5	11.5	11.5	5.5	7.5
1709	4	13.5	15.5	13.5	11.5	7.5	9.5	11.5	11.5	5.5	5.5
1724	4	14.5	15.5	13.5	13.5	7.5	9.5	11.5	10.5	6.5	7.5
1725	4	13.5	13.5	13.5	12.5	8.5	7.5	10.5	9.5	7.5	6.5
1727	4	14.5	15.5	13.5	13.5	9.5	9.5	10.5	11.5	7.5	5.5
1740	4	21.5	21.5	19.5	18.5	14.5	16.5	16.5	16.5	14.5	14.5
1741	4	14.5	14.5	12.5	13.5	9.5	9.5	11.5	10.5	6.5	7.5
1749	4	15.5	14.5	13.5	12.5	7.5	8.5	11.5	11.5	6.5	7.5
1752	4	15.5	15.5	11.5	13.5	8.5	7.5	10.5	11.5	6.5	5.5
1753	4	36.5	34.5	34.5	34.5	28.5	29.5	31.5	32.5	26.5	27.5
1754	4	15.5	15.5	11.5	12.5	8.5	7.5	10.5	10.5	5.5	6.5
1762	4	13.5	14.5	11.5	12.5	9.5	7.5	9.5	11.5	7.5	7.5
1767	4	29.5	28.5	27.5	26.5	23.5	21.5	23.5	23.5	21.5	19.5
1770	4	14.5	13.5	12.5	12.5	7.5	7.5	11.5	10.5	7.5	6.5
1773	4	14.5	15.5	13.5	11.5	7.5	9.5	10.5	9.5	5.5	6.5
1778	4	13.5	15.5	13.5	12.5	7.5	7.5	9.5	10.5	5.5	7.5
1793	4	15.5	13.5	11.5	12.5	8.5	7.5	9.5	9.5	7.5	6.5
1795	4	13.5	14.5	13.5	13.5	8.5	9.5	11.5	11.5	7.5	7.5
1798	4	15.5	14.5	12.5	12.5	7.5	9.5	10.5	10.5	7.5	5.5
1799	4	13.5	14.5	11.5	13.5	7.5	9.5	9.5	10.5	6.5	7.5
1813	4	14.5	15.5	12.5	12.5	7.5	7.5	9.5	9.5	6.5	6.5
1820	4	13.5	15.5	12.5	13.5	7.5	7.5	11.5	9.5	5.5	7.5
1821	4	14.5	15.5	12.5	11.5	8.5	8.5	11.5	9.5	5.5	5.5
1829	4	13.5	15.5	12.5	11.5	8.5	8.5	9.5	9.5	7.5	6.5
32	5	20	20	17	18	13	12	14	14	11	10
48	5	16	17	15	16	10	12	14	12	9	9
58	5	19	19	16	16	14	12	14	14	12	12
84	5	19	20	17	16	12	13	16	14	10	10
92	5	19	18	18	18	12	14	16	14	12	11
93	5	20	19	17	18	12	13	14	14	11	10
99	5	20	20	18	17	14	12	14	14	10	12
100	5	19	20	17	17	14	13	16	16	11	12
117	5	19	20	16	16	14	14	15	14	10	11
120	5	19	20	16	16	12	12	14	16	12	11
124	5	17	16	16	15	12	12	13	13	8	9
126	5	20	20	17	17	14	14	14	16	12	11
128	5	16	16	14	14	10	12	13	13	8	8
139	5	18	17	16	15	12	10	14	14	8	8
144	5	18	18	16	17	12	13	14	15	11	10
153	5	20	18	18	16	14	12	15	15	10	12
154	5	16	16	16	15	10	12	14	14	8	8
155	5	18	20	18	18	13	12	16	15	10	11
161	5	18	20	18	18	13	12	15	16	12	11
162	5	20	20	16	16	13	12	16	16	11	10
163	5	20	19	18	18	12	13	16	16	10	11
196	5	20	19	16	18	14	14	14	14	11	10
200	5	19	18	17	17	14	12	14	14	10	10
208	5	19	20	17	17	13	13	16	15	10	11
210	5	16	17	16	14	11	11	12	12	8	8
214	5	18	19	16	16	12	14	15	15	10	11
215	5	20	20	16	17	12	14	16	14	10	11
216	5	20	20	18	18	13	12	14	14	11	11
217	5	18	19	18	18	13	13	15	14	11	12
228	5	20	18	18	16	12	13	14	15	10	11
247	5	19	18	16	17	13	13	14	15	12	11
263	5	18	19	16	18	12	12	14	14	12	10
281	5	19	18	18	16	12	12	16	15	11	10
288	5	19	18	18	18	12	13	14	14	10	12
291	5	17	17	14	16	12	10	13	12	10	8
295	5	18	19	16	18	14	13	16	16	12	12
312	5	19	19	17	16	14	14	15	16	11	11
363	5	18	20	18	18	14	12	15	16	12	10
369	5	20	18	16	17	14	12	14	14	11	11
384	5	18	20	18	18	14	14	15	14	12	10
388	5	19	20	17	17	12	12	15	14	10	10
397	5	29	28	28	26	22	23	26	25	20	21
400	5	19	20	18	18	13	12	16	14	10	11
417	5	29	30	27	26	23	23	24	25	22	20
423	5	20	20	17	18	12	13	16	15	12	11
435	5	20	18	18	18	14	14	15	16	10	12
437	5	18	19	16	17	14	13	14	16	11	12
445	5	18	19	18	18	13	12	14	16	11	10
449	5	18	20	17	17	14	12	15	14	10	11
455	5	19	18	16	18	13	13	15	14	12	12
461	5	17	16	16	14	10	11	12	12	10	10
464	5	20	18	18	17	12	13	14	15	10	11
466	5	18	18	18	18	14	12	15	16	12	10
470	5	19	18	18	17	12	14	14	15	12	10
491	5	18	18	16	18	14	13	16	14	10	10
493	5	20	18	17	18	14	13	16	14	11	12
499	5	19	18	18	16	14	12	15	16	12	11
500	5	29	30	27	27	23	24	24	26	20	22
512	5	19	18	18	18	12	14	15	15	11	10
519	5	19	20	18	16	14	14	16	15	10	10
520	5	18	20	16	16	14	13	14	14	12	12
524	5	19	20	16	16	13	13	15	15	12	12
526	5	18	19	18	17	12	14	16	16	10	10
535	5	19	20	16	18	12	12	14	14	11	12
552	5	20	18	16	17	13	13	16	14	10	11
556	5	18	19	17	16	13	14	16	15	11	10
565	5	19	18	18	17	13	13	14	16	12	10
568	5	18	20	18	17	13	12	15	16	10	12
570	5	30	29	26	26	22	24	24	26	22	21
571	5	19	20	17	16	13	14	16	14	11	10
573	5	19	19	17	17	12	14	14	14	10	10
575	5	19	18	18	16	12	13	15	15	11	12
581	5	18	19	18	16	14	14	15	15	12	10
585	5	18	19	16	16	13	12	16	15	11	11
587	5	18	18	18	16	12	12	14	16	12	10
603	5	18	19	17	17	13	14	14	15	11	12
614	5	18	20	16	16	14	12	16	16	11	10
643	5	18	20	17	18	12	12	16	15	11	12
644	5	18	20	17	18	12	12	16	15	11	12
646	5	18	19	16	16	13	13	15	16	10	12
653	5	18	20	17	18	12	14	15	15	12	10
672	5	18	18	17	16	13	12	15	15	10	11
676	5	18	20	17	18	12	14	16	15	10	10
678	5	18	18	16	16	13	13	14	15	12	10
682	5	20	18	16	17	12	14	14	16	11	10
686	5	18	18	17	18	12	14	14	15	10	11
705	5	30	29	27	28	24	23	25	24	20	22
709	5	18	18	16	18	14	14	14	15	11	12
713	5	18	18	17	16	14	13	14	15	12	11
716	5	19	19	17	16	14	14	14	15	12	11
718	5	18	18	16	18	13	12	14	14	11	12
724	5	30	28	28	28	24	23	24	25	20	21
748	5	19	19	17	17	14	12	14	14	10	11
761	5	18	18	17	17	14	13	15	16	11	11
764	5	20	20	16	16	14	12	15	14	12	12
766	5	19	20	18	18	14	13	16	14	10	12
773	5	16	17	14	15	11	11	12	14	8	8
777	5	19	18	17	17	14	12	15	14	11	12
778	5	18	19	17	18	14	14	14	14	11	12
798	5	18	18	16	18	12	14	14	14	11	11
804	5	19	20	16	17	13	14	16	15	12	10
814	5	18	18	16	18	13	12	14	15	11	12
815	5	18	18	16	18	13	13	16	15	10	12
823	5	18	19	16	17	13	14	15	14	12	11
824	5	19	19	16	18	13	14	14	16	10	11
848	5	20	20	17	17	14	14	14	14	10	11
874	5	18	19	16	18	14	13	16	14	11	12
886	5	19	18	17	16	14	13	14	15	12	11
888	5	48	48	48	46	43	42	45	45	41	42
896	5	20	18	18	18	13	14	15	15	12	10
916	5	20	18	17	17	12	12	16	15	11	12
924	5	19	20	16	17	12	14	16	15	10	10
939	5	20	20	16	16	14	13	15	15	10	11
944	5	19	19	18	17	14	14	16	16	10	10
948	5	20	18	17	16	13	13	16	14	10	11
950	5	30	28	27	28	24	24	24	24	22	20
953	5	20	18	18	17	13	14	16	15	11	10
957	5	19	18	18	18	13	14	16	15	10	12
975	5	19	20	16	17	12	12	16	16	10	10
985	5	20	19	17	18	13	12	14	15	11	12
986	5	18	18	17	18	12	12	14	16	12	10
992	5	20	18	16	17	12	13	14	16	12	11
995	5	18	20	16	16	13	13	16	16	12	10
1004	5	20	18	17	17	12	14	16	14	11	12
1012	5	20	18	16	18	14	13	15	16	10	10
1037	5	18	18	16	18	12	14	14	15	11	12
1044	5	20	20	18	16	14	13	14	16	12	10
1051	5	38	40	38	36	32	32	34	35	30	30
1059	5	20	19	18	16	12	12	16	15	11	10
1061	5	19	20	17	16	13	14	15	14	11	12
1064	5	20	18	16	16	13	13	16	16	11	11
1067	5	18	20	16	16	12	14	14	15	11	10
1068	5	19	19	17	16	13	12	15	14	11	11
1078	5	19	18	17	17	14	12	16	15	12	11
1081	5	18	20	17	18	14	14	15	14	10	10
1089	5	19	19	18	18	13	12	14	14	10	12
1093	5	19	19	18	17	14	14	16	14	11	10
1097	5	20	20	17	18	13	12	14	14	11	10
1098	5	18	19	18	16	12	13	14	15	11	11
1104	5	19	18	16	16	14	13	16	16	11	10
1107	5	38	39	36	38	33	32	35	34	32	32
1116	5	19	20	17	17	12	12	14	16	12	11
1126	5	20	20	18	16	12	13	16	14	12	12
1128	5	19	18	17	17	14	12	16	14	11	11
1129	5	20	20	16	17	12	12	16	15	11	10
1136	5	18	19	17	17	13	12	14	16	12	10
1141	5	20	19	16	16	12	14	14	15	12	11
1147	5	20	18	18	17	12	13	15	14	11	10
1171	5	18	20	17	16	14	12	16	14	11	12
1177	5	19	18	18	16	14	12	16	16	12	11
1195	5	18	20	16	17	12	12	16	14	12	12
1219	5	18	18	16	18	13	12	14	14	10	10
1222	5	20	19	18	16	14	13	14	14	10	10
1226	5	18	18	16	17	13	14	15	14	11	11
1237	5	20	18	17	16	13	13	16	16	10	10
1239	5	20	20	16	17	12	14	14	15	11	11
1240	5	20	19	16	18	14	13	14	14	11	12
1245	5	29	29	26	26	22	22	24	25	21	21
1251	5	18	19	16	16	14	12	15	16	12	12
1255	5	19	19	17	18	14	14	15	15	12	12
1265	5	24	25	24	24	20	19	21	22	16	17
1273	5	18	20	17	16	12	12	14	14	12	12
1277	5	20	18	17	17	12	14	16	15	10	10
1293	5	18	18	16	18	12	12	16	15	10	12
1296	5	18	19	16	16	13	13	15	14	10	11
1297	5	19	19	16	18	13	13	15	16	10	10
1299	5	18	18	18	17	12	14	15	14	10	12
1314	5	18	20	16	18	12	14	15	14	10	11
1316	5	20	19	16	17	12	12	16	14	10	12
1322	5	20	20	18	18	14	13	14	15	12	10
1327	5	19	20	17	17	13	12	15	15	11	11
1331	5	28	30	26	26	22	22	24	25	22	20
1339	5	18	18	18	18	13	13	16	14	11	11
1360	5	18	18	18	18	12	14	16	16	12	10
1366	5	18	20	16	18	12	14	14	14	10	11
1369	5	18	20	16	18	12	14	15	16	10	10
1377	5	20	20	18	16	14	13	14	14	11	10
1379	5	18	18	18	16	13	14	16	14	12	12
1380	5	18	18	16	18	13	14	16	16	12	12
1384	5	20	20	17	16	14	14	15	14	11	11
1397	5	19	18	16	18	12	12	15	14	12	11
1403	5	18	19	17	16	13	14	14	16	11	10
1404	5	19	18	18	18	12	12	16	15	10	10
1411	5	18	19	17	17	12	14	15	15	11	11
1412	5	19	18	18	17	12	12	16	16	10	10
1413	5	20	18	17	17	13	14	16	14	10	11
1442	5	19	19	18	18	14	12	14	14	10	11
1444	5	18	18	17	16	12	14	14	15	11	11
1445	5	28	28	26	28	22	23	25	26	20	21
1446	5	20	19	17	17	13	14	14	14	10	12
1453	5	20	19	18	18	14	12	15	16	12	10
1475	5	19	18	17	18	12	14	14	15	10	11
1476	5	19	19	17	17	13	12	14	14	11	11
1488	5	18	19	16	17	12	12	16	14	11	11
1501	5	18	18	17	17	13	13	16	14	10	12
1512	5	20	18	18	16	14	14	14	15	12	11
1538	5	19	19	17	17	13	13	16	14	12	11
1564	5	18	20	17	18	12	12	14	15	12	11
1566	5	29	29	27	27	24	23	24	26	20	21
1568	5	18	18	16	17	14	14	14	14	10	11
1574	5	49	49	46	46	44	44	45	45	40	42
1576	5	19	18	17	17	13	12	15	16	10	10
1597	5	18	18	18	17	13	12	14	15	12	11
1598	5	18	19	16	17	12	12	14	16	10	12
1605	5	19	20	16	17	12	13	16	16	12	11
1608	5	20	19	17	18	14	14	14	16	12	10
1609	5	19	18	17	18	13	14	15	16	10	12
1614	5	19	19	16	18	14	14	15	15	12	11
1665	5	20	18	16	18	12	12	14	15	11	12
1666	5	20	19	17	16	12	12	14	15	11	10
1690	5	20	20	17	16	12	12	16	16	12	11
1691	5	18	20	16	18	14	13	14	15	11	12
1709	5	20	20	18	18	13	12	14	14	10	10
1724	5	19	20	16	17	13	14	15	14	12	12
1725	5	20	19	16	17	12	12	16	15	10	10
1727	5	20	18	17	16	12	14	16	16	12	12
1740	5	29	28	26	27	24	23	26	26	21	21
1741	5	20	18	17	17	14	13	16	14	11	12
1749	5	19	20	17	17	12	14	15	14	11	10
1752	5	20	19	17	17	12	14	16	14	10	10
1753	5	49	48	46	48	44	44	44	45	41	40
1754	5	18	19	18	18	12	14	14	14	10	11
1762	5	20	18	16	17	14	14	15	16	11	11
1767	5	40	40	37	37	32	34	34	34	31	32
1770	5	18	19	18	16	14	12	15	16	10	12
1773	5	20	20	17	17	12	14	15	16	10	11
1778	5	20	19	17	17	14	13	14	15	11	12
1793	5	18	19	18	18	12	13	15	14	11	12
1795	5	19	19	16	16	14	12	16	16	11	12
1798	5	20	18	17	18	14	13	16	14	12	10
1799	5	18	18	16	17	13	13	14	16	12	12
1813	5	19	20	18	18	14	13	15	14	10	12
1820	5	19	18	16	18	12	13	14	14	12	11
1821	5	20	19	18	17	13	14	14	14	10	11
1829	5	19	18	16	18	13	13	16	16	12	11
32	6	19.5	19.5	16.5	17.5	12.5	11.5	13.5	13.5	10.5	9.5
48	6	15.5	16.5	14.5	15.5	9.5	11.5	13.5	11.5	8.5	8.5
58	6	18.5	18.5	15.5	15.5	13.5	11.5	13.5	13.5	11.5	11.5
84	6	18.5	19.5	16.5	15.5	11.5	12.5	15.5	13.5	9.5	9.5
92	6	18.5	17.5	17.5	17.5	11.5	13.5	15.5	13.5	11.5	10.5
93	6	19.5	18.5	16.5	17.5	11.5	12.5	13.5	13.5	10.5	9.5
99	6	19.5	19.5	17.5	16.5	13.5	11.5	13.5	13.5	9.5	11.5
100	6	18.5	19.5	16.5	16.5	13.5	12.5	15.5	15.5	10.5	11.5
117	6	18.5	19.5	15.5	15.5	13.5	13.5	14.5	13.5	9.5	10.5
120	6	18.5	19.5	15.5	15.5	11.5	11.5	13.5	15.5	11.5	10.5
124	6	16.5	15.5	15.5	14.5	11.5	11.5	12.5	12.5	7.5	8.5
126	6	19.5	19.5	16.5	16.5	13.5	13.5	13.5	15.5	11.5	10.5
128	6	15.5	15.5	13.5	13.5	9.5	11.5	12.5	12.5	7.5	7.5
139	6	17.5	16.5	15.5	14.5	11.5	9.5	13.5	13.5	7.5	7.5
144	6	17.5	17.5	15.5	16.5	11.5	12.5	13.5	14.5	10.5	9.5
153	6	19.5	17.5	17.5	15.5	13.5	11.5	14.5	14.5	9.5	11.5
154	6	15.5	15.5	15.5	14.5	9.5	11.5	13.5	13.5	7.5	7.5
155	6	17.5	19.5	17.5	17.5	12.5	11.5	15.5	14.5	9.5	10.5
161	6	17.5	19.5	17.5	17.5	12.5	11.5	14.5	15.5	11.5	10.5
162	6	19.5	19.5	15.5	15.5	12.5	11.5	15.5	15.5	10.5	9.5
163	6	19.5	18.5	17.5	17.5	11.5	12.5	15.5	15.5	9.5	10.5
196	6	19.5	18.5	15.5	17.5	13.5	13.5	13.5	13.5	10.5	9.5
200	6	18.5	17.5	16.5	16.5	13.5	11.5	13.5	13.5	9.5	9.5
208	6	18.5	19.5	16.5	16.5	12.5	12.5	15.5	14.5	9.5	10.5
210	6	15.5	16.5	15.5	13.5	10.5	10.5	11.5	11.5	7.5	7.5
214	6	17.5	18.5	15.5	15.5	11.5	13.5	14.5	14.5	9.5	10.5
215	6	19.5	19.5	15.5	16.5	11.5	13.5	15.5	13.5	9.5	10.5
216	6	19.5	19.5	17.5	17.5	12.5	11.5	13.5	13.5	10.5	10.5
217	6	17.5	18.5	17.5	17.5	12.5	12.5	14.5	13.5	10.5	11.5
228	6	19.5	17.5	17.5	15.5	11.5	12.5	13.5	14.5	9.5	10.5
247	6	18.5	17.5	15.5	16.5	12.5	12.5	13.5	14.5	11.5	10.5
263	6	17.5	18.5	15.5	17.5	11.5	11.5	13.5	13.5	11.5	9.5
281	6	18.5	17.5	17.5	15.5	11.5	11.5	15.5	14.5	10.5	9.5
288	6	18.5	17.5	17.5	17.5	11.5	12.5	13.5	13.5	9.5	11.5
291	6	16.5	16.5	13.5	15.5	11.5	9.5	12.5	11.5	9.5	7.5
295	6	17.5	18.5	15.5	17.5	13.5	12.5	15.5	15.5	11.5	11.5
312	6	18.5	18.5	16.5	15.5	13.5	13.5	14.5	15.5	10.5	10.5
363	6	17.5	19.5	17.5	17.5	13.5	11.5	14.5	15.5	11.5	9.5
369	6	19.5	17.5	15.5	16.5	13.5	11.5	13.5	13.5	10.5	10.5
384	6	17.5	19.5	17.5	17.5	13.5	13.5	14.5	13.5	11.5	9.5
388	6	18.5	19.5	16.5	16.5	11.5	11.5	14.5	13.5	9.5	9.5
397	6	28.5	27.5	27.5	25.5	21.5	22.5	25.5	24.5	19.5	20.5
400	6	18.5	19.5	17.5	17.5	12.5	11.5	15.5	13.5	9.5	10.5
417	6	28.5	29.5	26.5	25.5	22.5	22.5	23.5	24.5	21.5	19.5
423	6	19.5	19.5	16.5	17.5	11.5	12.5	15.5	14.5	11.5	10.5
435	6	19.5	17.5	17.5	17.5	13.5	13.5	14.5	15.5	9.5	11.5
437	6	17.5	18.5	15.5	16.5	13.5	12.5	13.5	15.5	10.5	11.5
445	6	17.5	18.5	17.5	17.5	12.5	11.5	13.5	15.5	10.5	9.5
449	6	17.5	19.5	16.5	16.5	13.5	11.5	14.5	13.5	9.5	10.5
455	6	18.5	17.5	15.5	17.5	12.5	12.5	14.5	13.5	11.5	11.5
461	6	16.5	15.5	15.5	13.5	9.5	10.5	11.5	11.5	9.5	9.5
464	6	19.5	17.5	17.5	16.5	11.5	12.5	13.5	14.5	9.5	10.5
466	6	17.5	17.5	17.5	17.5	13.5	11.5	14.5	15.5	11.5	9.5
470	6	18.5	17.5	17.5	16.5	11.5	13.5	13.5	14.5	11.5	9.5
491	6	17.5	17.5	15.5	17.5	13.5	12.5	15.5	13.5	9.5	9.5
493	6	19.5	17.5	16.5	17.5	13.5	12.5	15.5	13.5	10.5	11.5
499	6	18.5	17.5	17.5	15.5	13.5	11.5	14.5	15.5	11.5	10.5
500	6	28.5	29.5	26.5	26.5	22.5	23.5	23.5	25.5	19.5	21.5
512	6	18.5	17.5	17.5	17.5	11.5	13.5	14.5	14.5	10.5	9.5
519	6	18.5	19.5	17.5	15.5	13.5	13.5	15.5	14.5	9.5	9.5
520	6	17.5	19.5	15.5	15.5	13.5	12.5	13.5	13.5	11.5	11.5
524	6	18.5	19.5	15.5	15.5	12.5	12.5	14.5	14.5	11.5	11.5
526	6	17.5	18.5	17.5	16.5	11.5	13.5	15.5	15.5	9.5	9.5
535	6	18.5	19.5	15.5	17.5	11.5	11.5	13.5	13.5	10.5	11.5
552	6	19.5	17.5	15.5	16.5	12.5	12.5	15.5	13.5	9.5	10.5
556	6	17.5	18.5	16.5	15.5	12.5	13.5	15.5	14.5	10.5	9.5
565	6	18.5	17.5	17.5	16.5	12.5	12.5	13.5	15.5	11.5	9.5
568	6	17.5	19.5	17.5	16.5	12.5	11.5	14.5	15.5	9.5	11.5
570	6	29.5	28.5	25.5	25.5	21.5	23.5	23.5	25.5	21.5	20.5
571	6	18.5	19.5	16.5	15.5	12.5	13.5	15.5	13.5	10.5	9.5
573	6	18.5	18.5	16.5	16.5	11.5	13.5	13.5	13.5	9.5	9.5
575	6	18.5	17.5	17.5	15.5	11.5	12.5	14.5	14.5	10.5	11.5
581	6	17.5	18.5	17.5	15.5	13.5	13.5	14.5	14.5	11.5	9.5
585	6	17.5	18.5	15.5	15.5	12.5	11.5	15.5	14.5	10.5	10.5
587	6	17.5	17.5	17.5	15.5	11.5	11.5	13.5	15.5	11.5	9.5
603	6	17.5	18.5	16.5	16.5	12.5	13.5	13.5	14.5	10.5	11.5
614	6	17.5	19.5	15.5	15.5	13.5	11.5	15.5	15.5	10.5	9.5
643	6	17.5	19.5	16.5	17.5	11.5	11.5	15.5	14.5	10.5	11.5
644	6	17.5	19.5	16.5	17.5	11.5	11.5	15.5	14.5	10.5	11.5
646	6	17.5	18.5	15.5	15.5	12.5	12.5	14.5	15.5	9.5	11.5
653	6	17.5	19.5	16.5	17.5	11.5	13.5	14.5	14.5	11.5	9.5
672	6	17.5	17.5	16.5	15.5	12.5	11.5	14.5	14.5	9.5	10.5
676	6	17.5	19.5	16.5	17.5	11.5	13.5	15.5	14.5	9.5	9.5
678	6	17.5	17.5	15.5	15.5	12.5	12.5	13.5	14.5	11.5	9.5
682	6	19.5	17.5	15.5	16.5	11.5	13.5	13.5	15.5	10.5	9.5
686	6	17.5	17.5	16.5	17.5	11.5	13.5	13.5	14.5	9.5	10.5
705	6	29.5	28.5	26.5	27.5	23.5	22.5	24.5	23.5	19.5	21.5
709	6	17.5	17.5	15.5	17.5	13.5	13.5	13.5	14.5	10.5	11.5
713	6	17.5	17.5	16.5	15.5	13.5	12.5	13.5	14.5	11.5	10.5
716	6	18.5	18.5	16.5	15.5	13.5	13.5	13.5	14.5	11.5	10.5
718	6	17.5	17.5	15.5	17.5	12.5	11.5	13.5	13.5	10.5	11.5
724	6	29.5	27.5	27.5	27.5	23.5	22.5	23.5	24.5	19.5	20.5
748	6	18.5	18.5	16.5	16.5	13.5	11.5	13.5	13.5	9.5	10.5
761	6	17.5	17.5	16.5	16.5	13.5	12.5	14.5	15.5	10.5	10.5
764	6	19.5	19.5	15.5	15.5	13.5	11.5	14.5	13.5	11.5	11.5
766	6	18.5	19.5	17.5	17.5	13.5	12.5	15.5	13.5	9.5	11.5
773	6	15.5	16.5	13.5	14.5	10.5	10.5	11.5	13.5	7.5	7.5
777	6	18.5	17.5	16.5	16.5	13.5	11.5	14.5	13.5	10.5	11.5
778	6	17.5	18.5	16.5	17.5	13.5	13.5	13.5	13.5	10.5	11.5
798	6	17.5	17.5	15.5	17.5	11.5	13.5	13.5	13.5	10.5	10.5
804	6	18.5	19.5	15.5	16.5	12.5	13.5	15.5	14.5	11.5	9.5
814	6	17.5	17.5	15.5	17.5	12.5	11.5	13.5	14.5	10.5	11.5
815	6	17.5	17.5	15.5	17.5	12.5	12.5	15.5	14.5	9.5	11.5
823	6	17.5	18.5	15.5	16.5	12.5	13.5	14.5	13.5	11.5	10.5
824	6	18.5	18.5	15.5	17.5	12.5	13.5	13.5	15.5	9.5	10.5
848	6	19.5	19.5	16.5	16.5	13.5	13.5	13.5	13.5	9.5	10.5
874	6	17.5	18.5	15.5	17.5	13.5	12.5	15.5	13.5	10.5	11.5
886	6	18.5	17.5	16.5	15.5	13.5	12.5	13.5	14.5	11.5	10.5
888	6	47.5	47.5	47.5	45.5	42.5	41.5	44.5	44.5	40.5	41.5
896	6	19.5	17.5	17.5	17.5	12.5	13.5	14.5	14.5	11.5	9.5
916	6	19.5	17.5	16.5	16.5	11.5	11.5	15.5	14.5	10.5	11.5
924	6	18.5	19.5	15.5	16.5	11.5	13.5	15.5	14.5	9.5	9.5
939	6	19.5	19.5	15.5	15.5	13.5	12.5	14.5	14.5	9.5	10.5
944	6	18.5	18.5	17.5	16.5	13.5	13.5	15.5	15.5	9.5	9.5
948	6	19.5	17.5	16.5	15.5	12.5	12.5	15.5	13.5	9.5	10.5
950	6	29.5	27.5	26.5	27.5	23.5	23.5	23.5	23.5	21.5	19.5
953	6	19.5	17.5	17.5	16.5	12.5	13.5	15.5	14.5	10.5	9.5
957	6	18.5	17.5	17.5	17.5	12.5	13.5	15.5	14.5	9.5	11.5
975	6	18.5	19.5	15.5	16.5	11.5	11.5	15.5	15.5	9.5	9.5
985	6	19.5	18.5	16.5	17.5	12.5	11.5	13.5	14.5	10.5	11.5
986	6	17.5	17.5	16.5	17.5	11.5	11.5	13.5	15.5	11.5	9.5
992	6	19.5	17.5	15.5	16.5	11.5	12.5	13.5	15.5	11.5	10.5
995	6	17.5	19.5	15.5	15.5	12.5	12.5	15.5	15.5	11.5	9.5
1004	6	19.5	17.5	16.5	16.5	11.5	13.5	15.5	13.5	10.5	11.5
1012	6	19.5	17.5	15.5	17.5	13.5	12.5	14.5	15.5	9.5	9.5
1037	6	17.5	17.5	15.5	17.5	11.5	13.5	13.5	14.5	10.5	11.5
1044	6	19.5	19.5	17.5	15.5	13.5	12.5	13.5	15.5	11.5	9.5
1051	6	37.5	39.5	37.5	35.5	31.5	31.5	33.5	34.5	29.5	29.5
1059	6	19.5	18.5	17.5	15.5	11.5	11.5	15.5	14.5	10.5	9.5
1061	6	18.5	19.5	16.5	15.5	12.5	13.5	14.5	13.5	10.5	11.5
1064	6	19.5	17.5	15.5	15.5	12.5	12.5	15.5	15.5	10.5	10.5
1067	6	17.5	19.5	15.5	15.5	11.5	13.5	13.5	14.5	10.5	9.5
1068	6	18.5	18.5	16.5	15.5	12.5	11.5	14.5	13.5	10.5	10.5
1078	6	18.5	17.5	16.5	16.5	13.5	11.5	15.5	14.5	11.5	10.5
1081	6	17.5	19.5	16.5	17.5	13.5	13.5	14.5	13.5	9.5	9.5
1089	6	18.5	18.5	17.5	17.5	12.5	11.5	13.5	13.5	9.5	11.5
1093	6	18.5	18.5	17.5	16.5	13.5	13.5	15.5	13.5	10.5	9.5
1097	6	19.5	19.5	16.5	17.5	12.5	11.5	13.5	13.5	10.5	9.5
1098	6	17.5	18.5	17.5	15.5	11.5	12.5	13.5	14.5	10.5	10.5
1104	6	18.5	17.5	15.5	15.5	13.5	12.5	15.5	15.5	10.5	9.5
1107	6	37.5	38.5	35.5	37.5	32.5	31.5	34.5	33.5	31.5	31.5
1116	6	18.5	19.5	16.5	16.5	11.5	11.5	13.5	15.5	11.5	10.5
1126	6	19.5	19.5	17.5	15.5	11.5	12.5	15.5	13.5	11.5	11.5
1128	6	18.5	17.5	16.5	16.5	13.5	11.5	15.5	13.5	10.5	10.5
1129	6	19.5	19.5	15.5	16.5	11.5	11.5	15.5	14.5	10.5	9.5
1136	6	17.5	18.5	16.5	16.5	12.5	11.5	13.5	15.5	11.5	9.5
1141	6	19.5	18.5	15.5	15.5	11.5	13.5	13.5	14.5	11.5	10.5
1147	6	19.5	17.5	17.5	16.5	11.5	12.5	14.5	13.5	10.5	9.5
1171	6	17.5	19.5	16.5	15.5	13.5	11.5	15.5	13.5	10.5	11.5
1177	6	18.5	17.5	17.5	15.5	13.5	11.5	15.5	15.5	11.5	10.5
1195	6	17.5	19.5	15.5	16.5	11.5	11.5	15.5	13.5	11.5	11.5
1219	6	17.5	17.5	15.5	17.5	12.5	11.5	13.5	13.5	9.5	9.5
1222	6	19.5	18.5	17.5	15.5	13.5	12.5	13.5	13.5	9.5	9.5
1226	6	17.5	17.5	15.5	16.5	12.5	13.5	14.5	13.5	10.5	10.5
1237	6	19.5	17.5	16.5	15.5	12.5	12.5	15.5	15.5	9.5	9.5
1239	6	19.5	19.5	15.5	16.5	11.5	13.5	13.5	14.5	10.5	10.5
1240	6	19.5	18.5	15.5	17.5	13.5	12.5	13.5	13.5	10.5	11.5
1245	6	28.5	28.5	25.5	25.5	21.5	21.5	23.5	24.5	20.5	20.5
1251	6	17.5	18.5	15.5	15.5	13.5	11.5	14.5	15.5	11.5	11.5
1255	6	18.5	18.5	16.5	17.5	13.5	13.5	14.5	14.5	11.5	11.5
1265	6	23.5	24.5	23.5	23.5	19.5	18.5	20.5	21.5	15.5	16.5
1273	6	17.5	19.5	16.5	15.5	11.5	11.5	13.5	13.5	11.5	11.5
1277	6	19.5	17.5	16.5	16.5	11.5	13.5	15.5	14.5	9.5	9.5
1293	6	17.5	17.5	15.5	17.5	11.5	11.5	15.5	14.5	9.5	11.5
1296	6	17.5	18.5	15.5	15.5	12.5	12.5	14.5	13.5	9.5	10.5
1297	6	18.5	18.5	15.5	17.5	12.5	12.5	14.5	15.5	9.5	9.5
1299	6	17.5	17.5	17.5	16.5	11.5	13.5	14.5	13.5	9.5	11.5
1314	6	17.5	19.5	15.5	17.5	11.5	13.5	14.5	13.5	9.5	10.5
1316	6	19.5	18.5	15.5	16.5	11.5	11.5	15.5	13.5	9.5	11.5
1322	6	19.5	19.5	17.5	17.5	13.5	12.5	13.5	14.5	11.5	9.5
1327	6	18.5	19.5	16.5	16.5	12.5	11.5	14.5	14.5	10.5	10.5
1331	6	27.5	29.5	25.5	25.5	21.5	21.5	23.5	24.5	21.5	19.5
1339	6	17.5	17.5	17.5	17.5	12.5	12.5	15.5	13.5	10.5	10.5
1360	6	17.5	17.5	17.5	17.5	11.5	13.5	15.5	15.5	11.5	9.5
1366	6	17.5	19.5	15.5	17.5	11.5	13.5	13.5	13.5	9.5	10.5
1369	6	17.5	19.5	15.5	17.5	11.5	13.5	14.5	15.5	9.5	9.5
1377	6	19.5	19.5	17.5	15.5	13.5	12.5	13.5	13.5	10.5	9.5
1379	6	17.5	17.5	17.5	15.5	12.5	13.5	15.5	13.5	11.5	11.5
1380	6	17.5	17.5	15.5	17.5	12.5	13.5	15.5	15.5	11.5	11.5
1384	6	19.5	19.5	16.5	15.5	13.5	13.5	14.5	13.5	10.5	10.5
1397	6	18.5	17.5	15.5	17.5	11.5	11.5	14.5	13.5	11.5	10.5
1403	6	17.5	18.5	16.5	15.5	12.5	13.5	13.5	15.5	10.5	9.5
1404	6	18.5	17.5	17.5	17.5	11.5	11.5	15.5	14.5	9.5	9.5
1411	6	17.5	18.5	16.5	16.5	11.5	13.5	14.5	14.5	10.5	10.5
1412	6	18.5	17.5	17.5	16.5	11.5	11.5	15.5	15.5	9.5	9.5
1413	6	19.5	17.5	16.5	16.5	12.5	13.5	15.5	13.5	9.5	10.5
1442	6	18.5	18.5	17.5	17.5	13.5	11.5	13.5	13.5	9.5	10.5
1444	6	17.5	17.5	16.5	15.5	11.5	13.5	13.5	14.5	10.5	10.5
1445	6	27.5	27.5	25.5	27.5	21.5	22.5	24.5	25.5	19.5	20.5
1446	6	19.5	18.5	16.5	16.5	12.5	13.5	13.5	13.5	9.5	11.5
1453	6	19.5	18.5	17.5	17.5	13.5	11.5	14.5	15.5	11.5	9.5
1475	6	18.5	17.5	16.5	17.5	11.5	13.5	13.5	14.5	9.5	10.5
1476	6	18.5	18.5	16.5	16.5	12.5	11.5	13.5	13.5	10.5	10.5
1488	6	17.5	18.5	15.5	16.5	11.5	11.5	15.5	13.5	10.5	10.5
1501	6	17.5	17.5	16.5	16.5	12.5	12.5	15.5	13.5	9.5	11.5
1512	6	19.5	17.5	17.5	15.5	13.5	13.5	13.5	14.5	11.5	10.5
1538	6	18.5	18.5	16.5	16.5	12.5	12.5	15.5	13.5	11.5	10.5
1564	6	17.5	19.5	16.5	17.5	11.5	11.5	13.5	14.5	11.5	10.5
1566	6	28.5	28.5	26.5	26.5	23.5	22.5	23.5	25.5	19.5	20.5
1568	6	17.5	17.5	15.5	16.5	13.5	13.5	13.5	13.5	9.5	10.5
1574	6	48.5	48.5	45.5	45.5	43.5	43.5	44.5	44.5	39.5	41.5
1576	6	18.5	17.5	16.5	16.5	12.5	11.5	14.5	15.5	9.5	9.5
1597	6	17.5	17.5	17.5	16.5	12.5	11.5	13.5	14.5	11.5	10.5
1598	6	17.5	18.5	15.5	16.5	11.5	11.5	13.5	15.5	9.5	11.5
1605	6	18.5	19.5	15.5	16.5	11.5	12.5	15.5	15.5	11.5	10.5
1608	6	19.5	18.5	16.5	17.5	13.5	13.5	13.5	15.5	11.5	9.5
1609	6	18.5	17.5	16.5	17.5	12.5	13.5	14.5	15.5	9.5	11.5
1614	6	18.5	18.5	15.5	17.5	13.5	13.5	14.5	14.5	11.5	10.5
1665	6	19.5	17.5	15.5	17.5	11.5	11.5	13.5	14.5	10.5	11.5
1666	6	19.5	18.5	16.5	15.5	11.5	11.5	13.5	14.5	10.5	9.5
1690	6	19.5	19.5	16.5	15.5	11.5	11.5	15.5	15.5	11.5	10.5
1691	6	17.5	19.5	15.5	17.5	13.5	12.5	13.5	14.5	10.5	11.5
1709	6	19.5	19.5	17.5	17.5	12.5	11.5	13.5	13.5	9.5	9.5
1724	6	18.5	19.5	15.5	16.5	12.5	13.5	14.5	13.5	11.5	11.5
1725	6	19.5	18.5	15.5	16.5	11.5	11.5	15.5	14.5	9.5	9.5
1727	6	19.5	17.5	16.5	15.5	11.5	13.5	15.5	15.5	11.5	11.5
1740	6	28.5	27.5	25.5	26.5	23.5	22.5	25.5	25.5	20.5	20.5
1741	6	19.5	17.5	16.5	16.5	13.5	12.5	15.5	13.5	10.5	11.5
1749	6	18.5	19.5	16.5	16.5	11.5	13.5	14.5	13.5	10.5	9.5
1752	6	19.5	18.5	16.5	16.5	11.5	13.5	15.5	13.5	9.5	9.5
1753	6	48.5	47.5	45.5	47.5	43.5	43.5	43.5	44.5	40.5	39.5
1754	6	17.5	18.5	17.5	17.5	11.5	13.5	13.5	13.5	9.5	10.5
1762	6	19.5	17.5	15.5	16.5	13.5	13.5	14.5	15.5	10.5	10.5
1767	6	39.5	39.5	36.5	36.5	31.5	33.5	33.5	33.5	30.5	31.5
1770	6	17.5	18.5	17.5	15.5	13.5	11.5	14.5	15.5	9.5	11.5
1773	6	19.5	19.5	16.5	16.5	11.5	13.5	14.5	15.5	9.5	10.5
1778	6	19.5	18.5	16.5	16.5	13.5	12.5	13.5	14.5	10.5	11.5
1793	6	17.5	18.5	17.5	17.5	11.5	12.5	14.5	13.5	10.5	11.5
1795	6	18.5	18.5	15.5	15.5	13.5	11.5	15.5	15.5	10.5	11.5
1798	6	19.5	17.5	16.5	17.5	13.5	12.5	15.5	13.5	11.5	9.5
1799	6	17.5	17.5	15.5	16.5	12.5	12.5	13.5	15.5	11.5	11.5
1813	6	18.5	19.5	17.5	17.5	13.5	12.5	14.5	13.5	9.5	11.5
1820	6	18.5	17.5	15.5	17.5	11.5	12.5	13.5	13.5	11.5	10.5
1821	6	19.5	18.5	17.5	16.5	12.5	13.5	13.5	13.5	9.5	10.5
1829	6	18.5	17.5	15.5	17.5	12.5	12.5	15.5	15.5	11.5	10.5
32	7	19	19	16	17	12	11	13	13	10	9
48	7	15	16	14	15	9	11	13	11	8	8
58	7	18	18	15	15	13	11	13	13	11	11
84	7	18	19	16	15	11	12	15	13	9	9
92	7	18	17	17	17	11	13	15	13	11	10
93	7	19	18	16	17	11	12	13	13	10	9
99	7	19	19	17	16	13	11	13	13	9	11
100	7	18	19	16	16	13	12	15	15	10	11
117	7	18	19	15	15	13	13	14	13	9	10
120	7	18	19	15	15	11	11	13	15	11	10
124	7	16	15	15	14	11	11	12	12	7	8
126	7	19	19	16	16	13	13	13	15	11	10
128	7	15	15	13	13	9	11	12	12	7	7
139	7	17	16	15	14	11	9	13	13	7	7
144	7	17	17	15	16	11	12	13	14	10	9
153	7	19	17	17	15	13	11	14	14	9	11
154	7	15	15	15	14	9	11	13	13	7	7
155	7	17	19	17	17	12	11	15	14	9	10
161	7	17	19	17	17	12	11	14	15	11	10
162	7	19	19	15	15	12	11	15	15	10	9
163	7	19	18	17	17	11	12	15	15	9	10
196	7	19	18	15	17	13	13	13	13	10	9
200	7	18	17	16	16	13	11	13	13	9	9
208	7	18	19	16	16	12	12	15	14	9	10
210	7	15	16	15	13	10	10	11	11	7	7
214	7	17	18	15	15	11	13	14	14	9	10
215	7	19	19	15	16	11	13	15	13	9	10
216	7	19	19	17	17	12	11	13	13	10	10
217	7	17	18	17	17	12	12	14	13	10	11
228	7	19	17	17	15	11	12	13	14	9	10
247	7	18	17	15	16	12	12	13	14	11	10
263	7	17	18	15	17	11	11	13	13	11	9
281	7	18	17	17	15	11	11	15	14	10	9
288	7	18	17	17	17	11	12	13	13	9	11
291	7	16	16	13	15	11	9	12	11	9	7
295	7	17	18	15	17	13	12	15	15	11	11
312	7	18	18	16	15	13	13	14	15	10	10
363	7	17	19	17	17	13	11	14	15	11	9
369	7	19	17	15	16	13	11	13	13	10	10
384	7	17	19	17	17	13	13	14	13	11	9
388	7	18	19	16	16	11	11	14	13	9	9
397	7	28	27	27	25	21	22	25	24	19	20
400	7	18	19	17	17	12	11	15	13	9	10
417	7	28	29	26	25	22	22	23	24	21	19
423	7	19	19	16	17	11	12	15	14	11	10
435	7	19	17	17	17	13	13	14	15	9	11
437	7	17	18	15	16	13	12	13	15	10	11
445	7	17	18	17	17	12	11	13	15	10	9
449	7	17	19	16	16	13	11	14	13	9	10
455	7	18	17	15	17	12	12	14	13	11	11
461	7	16	15	15	13	9	10	11	11	9	9
464	7	19	17	17	16	11	12	13	14	9	10
466	7	17	17	17	17	13	11	14	15	11	9
470	7	18	17	17	16	11	13	13	14	11	9
491	7	17	17	15	17	13	12	15	13	9	9
493	7	19	17	16	17	13	12	15	13	10	11
499	7	18	17	17	15	13	11	14	15	11	10
500	7	28	29	26	26	22	23	23	25	19	21
512	7	18	17	17	17	11	13	14	14	10	9
519	7	18	19	17	15	13	13	15	14	9	9
520	7	17	19	15	15	13	12	13	13	11	11
524	7	18	19	15	15	12	12	14	14	11	11
526	7	17	18	17	16	11	13	15	15	9	9
535	7	18	19	15	17	11	11	13	13	10	11
552	7	19	17	15	16	12	12	15	13	9	10
556	7	17	18	16	15	12	13	15	14	10	9
565	7	18	17	17	16	12	12	13	15	11	9
568	7	17	19	17	16	12	11	14	15	9	11
570	7	29	28	25	25	21	23	23	25	21	20
571	7	18	19	16	15	12	13	15	13	10	9
573	7	18	18	16	16	11	13	13	13	9	9
575	7	18	17	17	15	11	12	14	14	10	11
581	7	17	18	17	15	13	13	14	14	11	9
585	7	17	18	15	15	12	11	15	14	10	10
587	7	17	17	17	15	11	11	13	15	11	9
603	7	17	18	16	16	12	13	13	14	10	11
614	7	17	19	15	15	13	11	15	15	10	9
643	7	17	19	16	17	11	11	15	14	10	11
644	7	17	19	16	17	11	11	15	14	10	11
646	7	17	18	15	15	12	12	14	15	9	11
653	7	17	19	16	17	11	13	14	14	11	9
672	7	17	17	16	15	12	11	14	14	9	10
676	7	17	19	16	17	11	13	15	14	9	9
678	7	17	17	15	15	12	12	13	14	11	9
682	7	19	17	15	16	11	13	13	15	10	9
686	7	17	17	16	17	11	13	13	14	9	10
705	7	29	28	26	27	23	22	24	23	19	21
709	7	17	17	15	17	13	13	13	14	10	11
713	7	17	17	16	15	13	12	13	14	11	10
716	7	18	18	16	15	13	13	13	14	11	10
718	7	17	17	15	17	12	11	13	13	10	11
724	7	29	27	27	27	23	22	23	24	19	20
748	7	18	18	16	16	13	11	13	13	9	10
761	7	17	17	16	16	13	12	14	15	10	10
764	7	19	19	15	15	13	11	14	13	11	11
766	7	18	19	17	17	13	12	15	13	9	11
773	7	15	16	13	14	10	10	11	13	7	7
777	7	18	17	16	16	13	11	14	13	10	11
778	7	17	18	16	17	13	13	13	13	10	11
798	7	17	17	15	17	11	13	13	13	10	10
804	7	18	19	15	16	12	13	15	14	11	9
814	7	17	17	15	17	12	11	13	14	10	11
815	7	17	17	15	17	12	12	15	14	9	11
823	7	17	18	15	16	12	13	14	13	11	10
824	7	18	18	15	17	12	13	13	15	9	10
848	7	19	19	16	16	13	13	13	13	9	10
874	7	17	18	15	17	13	12	15	13	10	11
886	7	18	17	16	15	13	12	13	14	11	10
888	7	47	47	47	45	42	41	44	44	40	41
896	7	19	17	17	17	12	13	14	14	11	9
916	7	19	17	16	16	11	11	15	14	10	11
924	7	18	19	15	16	11	13	15	14	9	9
939	7	19	19	15	15	13	12	14	14	9	10
944	7	18	18	17	16	13	13	15	15	9	9
948	7	19	17	16	15	12	12	15	13	9	10
950	7	29	27	26	27	23	23	23	23	21	19
953	7	19	17	17	16	12	13	15	14	10	9
957	7	18	17	17	17	12	13	15	14	9	11
975	7	18	19	15	16	11	11	15	15	9	9
985	7	19	18	16	17	12	11	13	14	10	11
986	7	17	17	16	17	11	11	13	15	11	9
992	7	19	17	15	16	11	12	13	15	11	10
995	7	17	19	15	15	12	12	15	15	11	9
1004	7	19	17	16	16	11	13	15	13	10	11
1012	7	19	17	15	17	13	12	14	15	9	9
1037	7	17	17	15	17	11	13	13	14	10	11
1044	7	19	19	17	15	13	12	13	15	11	9
1051	7	37	39	37	35	31	31	33	34	29	29
1059	7	19	18	17	15	11	11	15	14	10	9
1061	7	18	19	16	15	12	13	14	13	10	11
1064	7	19	17	15	15	12	12	15	15	10	10
1067	7	17	19	15	15	11	13	13	14	10	9
1068	7	18	18	16	15	12	11	14	13	10	10
1078	7	18	17	16	16	13	11	15	14	11	10
1081	7	17	19	16	17	13	13	14	13	9	9
1089	7	18	18	17	17	12	11	13	13	9	11
1093	7	18	18	17	16	13	13	15	13	10	9
1097	7	19	19	16	17	12	11	13	13	10	9
1098	7	17	18	17	15	11	12	13	14	10	10
1104	7	18	17	15	15	13	12	15	15	10	9
1107	7	37	38	35	37	32	31	34	33	31	31
1116	7	18	19	16	16	11	11	13	15	11	10
1126	7	19	19	17	15	11	12	15	13	11	11
1128	7	18	17	16	16	13	11	15	13	10	10
1129	7	19	19	15	16	11	11	15	14	10	9
1136	7	17	18	16	16	12	11	13	15	11	9
1141	7	19	18	15	15	11	13	13	14	11	10
1147	7	19	17	17	16	11	12	14	13	10	9
1171	7	17	19	16	15	13	11	15	13	10	11
1177	7	18	17	17	15	13	11	15	15	11	10
1195	7	17	19	15	16	11	11	15	13	11	11
1219	7	17	17	15	17	12	11	13	13	9	9
1222	7	19	18	17	15	13	12	13	13	9	9
1226	7	17	17	15	16	12	13	14	13	10	10
1237	7	19	17	16	15	12	12	15	15	9	9
1239	7	19	19	15	16	11	13	13	14	10	10
1240	7	19	18	15	17	13	12	13	13	10	11
1245	7	28	28	25	25	21	21	23	24	20	20
1251	7	17	18	15	15	13	11	14	15	11	11
1255	7	18	18	16	17	13	13	14	14	11	11
1265	7	23	24	23	23	19	18	20	21	15	16
1273	7	17	19	16	15	11	11	13	13	11	11
1277	7	19	17	16	16	11	13	15	14	9	9
1293	7	17	17	15	17	11	11	15	14	9	11
1296	7	17	18	15	15	12	12	14	13	9	10
1297	7	18	18	15	17	12	12	14	15	9	9
1299	7	17	17	17	16	11	13	14	13	9	11
1314	7	17	19	15	17	11	13	14	13	9	10
1316	7	19	18	15	16	11	11	15	13	9	11
1322	7	19	19	17	17	13	12	13	14	11	9
1327	7	18	19	16	16	12	11	14	14	10	10
1331	7	27	29	25	25	21	21	23	24	21	19
1339	7	17	17	17	17	12	12	15	13	10	10
1360	7	17	17	17	17	11	13	15	15	11	9
1366	7	17	19	15	17	11	13	13	13	9	10
1369	7	17	19	15	17	11	13	14	15	9	9
1377	7	19	19	17	15	13	12	13	13	10	9
1379	7	17	17	17	15	12	13	15	13	11	11
1380	7	17	17	15	17	12	13	15	15	11	11
1384	7	19	19	16	15	13	13	14	13	10	10
1397	7	18	17	15	17	11	11	14	13	11	10
1403	7	17	18	16	15	12	13	13	15	10	9
1404	7	18	17	17	17	11	11	15	14	9	9
1411	7	17	18	16	16	11	13	14	14	10	10
1412	7	18	17	17	16	11	11	15	15	9	9
1413	7	19	17	16	16	12	13	15	13	9	10
1442	7	18	18	17	17	13	11	13	13	9	10
1444	7	17	17	16	15	11	13	13	14	10	10
1445	7	27	27	25	27	21	22	24	25	19	20
1446	7	19	18	16	16	12	13	13	13	9	11
1453	7	19	18	17	17	13	11	14	15	11	9
1475	7	18	17	16	17	11	13	13	14	9	10
1476	7	18	18	16	16	12	11	13	13	10	10
1488	7	17	18	15	16	11	11	15	13	10	10
1501	7	17	17	16	16	12	12	15	13	9	11
1512	7	19	17	17	15	13	13	13	14	11	10
1538	7	18	18	16	16	12	12	15	13	11	10
1564	7	17	19	16	17	11	11	13	14	11	10
1566	7	28	28	26	26	23	22	23	25	19	20
1568	7	17	17	15	16	13	13	13	13	9	10
1574	7	48	48	45	45	43	43	44	44	39	41
1576	7	18	17	16	16	12	11	14	15	9	9
1597	7	17	17	17	16	12	11	13	14	11	10
1598	7	17	18	15	16	11	11	13	15	9	11
1605	7	18	19	15	16	11	12	15	15	11	10
1608	7	19	18	16	17	13	13	13	15	11	9
1609	7	18	17	16	17	12	13	14	15	9	11
1614	7	18	18	15	17	13	13	14	14	11	10
1665	7	19	17	15	17	11	11	13	14	10	11
1666	7	19	18	16	15	11	11	13	14	10	9
1690	7	19	19	16	15	11	11	15	15	11	10
1691	7	17	19	15	17	13	12	13	14	10	11
1709	7	19	19	17	17	12	11	13	13	9	9
1724	7	18	19	15	16	12	13	14	13	11	11
1725	7	19	18	15	16	11	11	15	14	9	9
1727	7	19	17	16	15	11	13	15	15	11	11
1740	7	28	27	25	26	23	22	25	25	20	20
1741	7	19	17	16	16	13	12	15	13	10	11
1749	7	18	19	16	16	11	13	14	13	10	9
1752	7	19	18	16	16	11	13	15	13	9	9
1753	7	48	47	45	47	43	43	43	44	40	39
1754	7	17	18	17	17	11	13	13	13	9	10
1762	7	19	17	15	16	13	13	14	15	10	10
1767	7	39	39	36	36	31	33	33	33	30	31
1770	7	17	18	17	15	13	11	14	15	9	11
1773	7	19	19	16	16	11	13	14	15	9	10
1778	7	19	18	16	16	13	12	13	14	10	11
1793	7	17	18	17	17	11	12	14	13	10	11
1795	7	18	18	15	15	13	11	15	15	10	11
1798	7	19	17	16	17	13	12	15	13	11	9
1799	7	17	17	15	16	12	12	13	15	11	11
1813	7	18	19	17	17	13	12	14	13	9	11
1820	7	18	17	15	17	11	12	13	13	11	10
1821	7	19	18	17	16	12	13	13	13	9	10
1829	7	18	17	15	17	12	12	15	15	11	10
32	8	18.5	18.5	15.5	16.5	11.5	10.5	12.5	12.5	9.5	8.5
48	8	14.5	15.5	13.5	14.5	8.5	10.5	12.5	10.5	7.5	7.5
58	8	17.5	17.5	14.5	14.5	12.5	10.5	12.5	12.5	10.5	10.5
84	8	17.5	18.5	15.5	14.5	10.5	11.5	14.5	12.5	8.5	8.5
92	8	17.5	16.5	16.5	16.5	10.5	12.5	14.5	12.5	10.5	9.5
93	8	18.5	17.5	15.5	16.5	10.5	11.5	12.5	12.5	9.5	8.5
99	8	18.5	18.5	16.5	15.5	12.5	10.5	12.5	12.5	8.5	10.5
100	8	17.5	18.5	15.5	15.5	12.5	11.5	14.5	14.5	9.5	10.5
117	8	17.5	18.5	14.5	14.5	12.5	12.5	13.5	12.5	8.5	9.5
120	8	17.5	18.5	14.5	14.5	10.5	10.5	12.5	14.5	10.5	9.5
124	8	15.5	14.5	14.5	13.5	10.5	10.5	11.5	11.5	6.5	7.5
126	8	18.5	18.5	15.5	15.5	12.5	12.5	12.5	14.5	10.5	9.5
128	8	14.5	14.5	12.5	12.5	8.5	10.5	11.5	11.5	6.5	6.5
139	8	16.5	15.5	14.5	13.5	10.5	8.5	12.5	12.5	6.5	6.5
144	8	16.5	16.5	14.5	15.5	10.5	11.5	12.5	13.5	9.5	8.5
153	8	18.5	16.5	16.5	14.5	12.5	10.5	13.5	13.5	8.5	10.5
154	8	14.5	14.5	14.5	13.5	8.5	10.5	12.5	12.5	6.5	6.5
155	8	16.5	18.5	16.5	16.5	11.5	10.5	14.5	13.5	8.5	9.5
161	8	16.5	18.5	16.5	16.5	11.5	10.5	13.5	14.5	10.5	9.5
162	8	18.5	18.5	14.5	14.5	11.5	10.5	14.5	14.5	9.5	8.5
163	8	18.5	17.5	16.5	16.5	10.5	11.5	14.5	14.5	8.5	9.5
196	8	18.5	17.5	14.5	16.5	12.5	12.5	12.5	12.5	9.5	8.5
200	8	17.5	16.5	15.5	15.5	12.5	10.5	12.5	12.5	8.5	8.5
208	8	17.5	18.5	15.5	15.5	11.5	11.5	14.5	13.5	8.5	9.5
210	8	14.5	15.5	14.5	12.5	9.5	9.5	10.5	10.5	6.5	6.5
214	8	16.5	17.5	14.5	14.5	10.5	12.5	13.5	13.5	8.5	9.5
215	8	18.5	18.5	14.5	15.5	10.5	12.5	14.5	12.5	8.5	9.5
216	8	18.5	18.5	16.5	16.5	11.5	10.5	12.5	12.5	9.5	9.5
217	8	16.5	17.5	16.5	16.5	11.5	11.5	13.5	12.5	9.5	10.5
228	8	18.5	16.5	16.5	14.5	10.5	11.5	12.5	13.5	8.5	9.5
247	8	17.5	16.5	14.5	15.5	11.5	11.5	12.5	13.5	10.5	9.5
263	8	16.5	17.5	14.5	16.5	10.5	10.5	12.5	12.5	10.5	8.5
281	8	17.5	16.5	16.5	14.5	10.5	10.5	14.5	13.5	9.5	8.5
288	8	17.5	16.5	16.5	16.5	10.5	11.5	12.5	12.5	8.5	10.5
291	8	15.5	15.5	12.5	14.5	10.5	8.5	11.5	10.5	8.5	6.5
295	8	16.5	17.5	14.5	16.5	12.5	11.5	14.5	14.5	10.5	10.5
312	8	17.5	17.5	15.5	14.5	12.5	12.5	13.5	14.5	9.5	9.5
363	8	16.5	18.5	16.5	16.5	12.5	10.5	13.5	14.5	10.5	8.5
369	8	18.5	16.5	14.5	15.5	12.5	10.5	12.5	12.5	9.5	9.5
384	8	16.5	18.5	16.5	16.5	12.5	12.5	13.5	12.5	10.5	8.5
388	8	17.5	18.5	15.5	15.5	10.5	10.5	13.5	12.5	8.5	8.5
397	8	27.5	26.5	26.5	24.5	20.5	21.5	24.5	23.5	18.5	19.5
400	8	17.5	18.5	16.5	16.5	11.5	10.5	14.5	12.5	8.5	9.5
417	8	27.5	28.5	25.5	24.5	21.5	21.5	22.5	23.5	20.5	18.5
423	8	18.5	18.5	15.5	16.5	10.5	11.5	14.5	13.5	10.5	9.5
435	8	18.5	16.5	16.5	16.5	12.5	12.5	13.5	14.5	8.5	10.5
437	8	16.5	17.5	14.5	15.5	12.5	11.5	12.5	14.5	9.5	10.5
445	8	16.5	17.5	16.5	16.5	11.5	10.5	12.5	14.5	9.5	8.5
449	8	16.5	18.5	15.5	15.5	12.5	10.5	13.5	12.5	8.5	9.5
455	8	17.5	16.5	14.5	16.5	11.5	11.5	13.5	12.5	10.5	10.5
461	8	15.5	14.5	14.5	12.5	8.5	9.5	10.5	10.5	8.5	8.5
464	8	18.5	16.5	16.5	15.5	10.5	11.5	12.5	13.5	8.5	9.5
466	8	16.5	16.5	16.5	16.5	12.5	10.5	13.5	14.5	10.5	8.5
470	8	17.5	16.5	16.5	15.5	10.5	12.5	12.5	13.5	10.5	8.5
491	8	16.5	16.5	14.5	16.5	12.5	11.5	14.5	12.5	8.5	8.5
493	8	18.5	16.5	15.5	16.5	12.5	11.5	14.5	12.5	9.5	10.5
499	8	17.5	16.5	16.5	14.5	12.5	10.5	13.5	14.5	10.5	9.5
500	8	27.5	28.5	25.5	25.5	21.5	22.5	22.5	24.5	18.5	20.5
512	8	17.5	16.5	16.5	16.5	10.5	12.5	13.5	13.5	9.5	8.5
519	8	17.5	18.5	16.5	14.5	12.5	12.5	14.5	13.5	8.5	8.5
520	8	16.5	18.5	14.5	14.5	12.5	11.5	12.5	12.5	10.5	10.5
524	8	17.5	18.5	14.5	14.5	11.5	11.5	13.5	13.5	10.5	10.5
526	8	16.5	17.5	16.5	15.5	10.5	12.5	14.5	14.5	8.5	8.5
535	8	17.5	18.5	14.5	16.5	10.5	10.5	12.5	12.5	9.5	10.5
552	8	18.5	16.5	14.5	15.5	11.5	11.5	14.5	12.5	8.5	9.5
556	8	16.5	17.5	15.5	14.5	11.5	12.5	14.5	13.5	9.5	8.5
565	8	17.5	16.5	16.5	15.5	11.5	11.5	12.5	14.5	10.5	8.5
568	8	16.5	18.5	16.5	15.5	11.5	10.5	13.5	14.5	8.5	10.5
570	8	28.5	27.5	24.5	24.5	20.5	22.5	22.5	24.5	20.5	19.5
571	8	17.5	18.5	15.5	14.5	11.5	12.5	14.5	12.5	9.5	8.5
573	8	17.5	17.5	15.5	15.5	10.5	12.5	12.5	12.5	8.5	8.5
575	8	17.5	16.5	16.5	14.5	10.5	11.5	13.5	13.5	9.5	10.5
581	8	16.5	17.5	16.5	14.5	12.5	12.5	13.5	13.5	10.5	8.5
585	8	16.5	17.5	14.5	14.5	11.5	10.5	14.5	13.5	9.5	9.5
587	8	16.5	16.5	16.5	14.5	10.5	10.5	12.5	14.5	10.5	8.5
603	8	16.5	17.5	15.5	15.5	11.5	12.5	12.5	13.5	9.5	10.5
614	8	16.5	18.5	14.5	14.5	12.5	10.5	14.5	14.5	9.5	8.5
643	8	16.5	18.5	15.5	16.5	10.5	10.5	14.5	13.5	9.5	10.5
644	8	16.5	18.5	15.5	16.5	10.5	10.5	14.5	13.5	9.5	10.5
646	8	16.5	17.5	14.5	14.5	11.5	11.5	13.5	14.5	8.5	10.5
653	8	16.5	18.5	15.5	16.5	10.5	12.5	13.5	13.5	10.5	8.5
672	8	16.5	16.5	15.5	14.5	11.5	10.5	13.5	13.5	8.5	9.5
676	8	16.5	18.5	15.5	16.5	10.5	12.5	14.5	13.5	8.5	8.5
678	8	16.5	16.5	14.5	14.5	11.5	11.5	12.5	13.5	10.5	8.5
682	8	18.5	16.5	14.5	15.5	10.5	12.5	12.5	14.5	9.5	8.5
686	8	16.5	16.5	15.5	16.5	10.5	12.5	12.5	13.5	8.5	9.5
705	8	28.5	27.5	25.5	26.5	22.5	21.5	23.5	22.5	18.5	20.5
709	8	16.5	16.5	14.5	16.5	12.5	12.5	12.5	13.5	9.5	10.5
713	8	16.5	16.5	15.5	14.5	12.5	11.5	12.5	13.5	10.5	9.5
716	8	17.5	17.5	15.5	14.5	12.5	12.5	12.5	13.5	10.5	9.5
718	8	16.5	16.5	14.5	16.5	11.5	10.5	12.5	12.5	9.5	10.5
724	8	28.5	26.5	26.5	26.5	22.5	21.5	22.5	23.5	18.5	19.5
748	8	17.5	17.5	15.5	15.5	12.5	10.5	12.5	12.5	8.5	9.5
761	8	16.5	16.5	15.5	15.5	12.5	11.5	13.5	14.5	9.5	9.5
764	8	18.5	18.5	14.5	14.5	12.5	10.5	13.5	12.5	10.5	10.5
766	8	17.5	18.5	16.5	16.5	12.5	11.5	14.5	12.5	8.5	10.5
773	8	14.5	15.5	12.5	13.5	9.5	9.5	10.5	12.5	6.5	6.5
777	8	17.5	16.5	15.5	15.5	12.5	10.5	13.5	12.5	9.5	10.5
778	8	16.5	17.5	15.5	16.5	12.5	12.5	12.5	12.5	9.5	10.5
798	8	16.5	16.5	14.5	16.5	10.5	12.5	12.5	12.5	9.5	9.5
804	8	17.5	18.5	14.5	15.5	11.5	12.5	14.5	13.5	10.5	8.5
814	8	16.5	16.5	14.5	16.5	11.5	10.5	12.5	13.5	9.5	10.5
815	8	16.5	16.5	14.5	16.5	11.5	11.5	14.5	13.5	8.5	10.5
823	8	16.5	17.5	14.5	15.5	11.5	12.5	13.5	12.5	10.5	9.5
824	8	17.5	17.5	14.5	16.5	11.5	12.5	12.5	14.5	8.5	9.5
848	8	18.5	18.5	15.5	15.5	12.5	12.5	12.5	12.5	8.5	9.5
874	8	16.5	17.5	14.5	16.5	12.5	11.5	14.5	12.5	9.5	10.5
886	8	17.5	16.5	15.5	14.5	12.5	11.5	12.5	13.5	10.5	9.5
888	8	46.5	46.5	46.5	44.5	41.5	40.5	43.5	43.5	39.5	40.5
896	8	18.5	16.5	16.5	16.5	11.5	12.5	13.5	13.5	10.5	8.5
916	8	18.5	16.5	15.5	15.5	10.5	10.5	14.5	13.5	9.5	10.5
924	8	17.5	18.5	14.5	15.5	10.5	12.5	14.5	13.5	8.5	8.5
939	8	18.5	18.5	14.5	14.5	12.5	11.5	13.5	13.5	8.5	9.5
944	8	17.5	17.5	16.5	15.5	12.5	12.5	14.5	14.5	8.5	8.5
948	8	18.5	16.5	15.5	14.5	11.5	11.5	14.5	12.5	8.5	9.5
950	8	28.5	26.5	25.5	26.5	22.5	22.5	22.5	22.5	20.5	18.5
953	8	18.5	16.5	16.5	15.5	11.5	12.5	14.5	13.5	9.5	8.5
957	8	17.5	16.5	16.5	16.5	11.5	12.5	14.5	13.5	8.5	10.5
975	8	17.5	18.5	14.5	15.5	10.5	10.5	14.5	14.5	8.5	8.5
985	8	18.5	17.5	15.5	16.5	11.5	10.5	12.5	13.5	9.5	10.5
986	8	16.5	16.5	15.5	16.5	10.5	10.5	12.5	14.5	10.5	8.5
992	8	18.5	16.5	14.5	15.5	10.5	11.5	12.5	14.5	10.5	9.5
995	8	16.5	18.5	14.5	14.5	11.5	11.5	14.5	14.5	10.5	8.5
1004	8	18.5	16.5	15.5	15.5	10.5	12.5	14.5	12.5	9.5	10.5
1012	8	18.5	16.5	14.5	16.5	12.5	11.5	13.5	14.5	8.5	8.5
1037	8	16.5	16.5	14.5	16.5	10.5	12.5	12.5	13.5	9.5	10.5
1044	8	18.5	18.5	16.5	14.5	12.5	11.5	12.5	14.5	10.5	8.5
1051	8	36.5	38.5	36.5	34.5	30.5	30.5	32.5	33.5	28.5	28.5
1059	8	18.5	17.5	16.5	14.5	10.5	10.5	14.5	13.5	9.5	8.5
1061	8	17.5	18.5	15.5	14.5	11.5	12.5	13.5	12.5	9.5	10.5
1064	8	18.5	16.5	14.5	14.5	11.5	11.5	14.5	14.5	9.5	9.5
1067	8	16.5	18.5	14.5	14.5	10.5	12.5	12.5	13.5	9.5	8.5
1068	8	17.5	17.5	15.5	14.5	11.5	10.5	13.5	12.5	9.5	9.5
1078	8	17.5	16.5	15.5	15.5	12.5	10.5	14.5	13.5	10.5	9.5
1081	8	16.5	18.5	15.5	16.5	12.5	12.5	13.5	12.5	8.5	8.5
1089	8	17.5	17.5	16.5	16.5	11.5	10.5	12.5	12.5	8.5	10.5
1093	8	17.5	17.5	16.5	15.5	12.5	12.5	14.5	12.5	9.5	8.5
1097	8	18.5	18.5	15.5	16.5	11.5	10.5	12.5	12.5	9.5	8.5
1098	8	16.5	17.5	16.5	14.5	10.5	11.5	12.5	13.5	9.5	9.5
1104	8	17.5	16.5	14.5	14.5	12.5	11.5	14.5	14.5	9.5	8.5
1107	8	36.5	37.5	34.5	36.5	31.5	30.5	33.5	32.5	30.5	30.5
1116	8	17.5	18.5	15.5	15.5	10.5	10.5	12.5	14.5	10.5	9.5
1126	8	18.5	18.5	16.5	14.5	10.5	11.5	14.5	12.5	10.5	10.5
1128	8	17.5	16.5	15.5	15.5	12.5	10.5	14.5	12.5	9.5	9.5
1129	8	18.5	18.5	14.5	15.5	10.5	10.5	14.5	13.5	9.5	8.5
1136	8	16.5	17.5	15.5	15.5	11.5	10.5	12.5	14.5	10.5	8.5
1141	8	18.5	17.5	14.5	14.5	10.5	12.5	12.5	13.5	10.5	9.5
1147	8	18.5	16.5	16.5	15.5	10.5	11.5	13.5	12.5	9.5	8.5
1171	8	16.5	18.5	15.5	14.5	12.5	10.5	14.5	12.5	9.5	10.5
1177	8	17.5	16.5	16.5	14.5	12.5	10.5	14.5	14.5	10.5	9.5
1195	8	16.5	18.5	14.5	15.5	10.5	10.5	14.5	12.5	10.5	10.5
1219	8	16.5	16.5	14.5	16.5	11.5	10.5	12.5	12.5	8.5	8.5
1222	8	18.5	17.5	16.5	14.5	12.5	11.5	12.5	12.5	8.5	8.5
1226	8	16.5	16.5	14.5	15.5	11.5	12.5	13.5	12.5	9.5	9.5
1237	8	18.5	16.5	15.5	14.5	11.5	11.5	14.5	14.5	8.5	8.5
1239	8	18.5	18.5	14.5	15.5	10.5	12.5	12.5	13.5	9.5	9.5
1240	8	18.5	17.5	14.5	16.5	12.5	11.5	12.5	12.5	9.5	10.5
1245	8	27.5	27.5	24.5	24.5	20.5	20.5	22.5	23.5	19.5	19.5
1251	8	16.5	17.5	14.5	14.5	12.5	10.5	13.5	14.5	10.5	10.5
1255	8	17.5	17.5	15.5	16.5	12.5	12.5	13.5	13.5	10.5	10.5
1265	8	22.5	23.5	22.5	22.5	18.5	17.5	19.5	20.5	14.5	15.5
1273	8	16.5	18.5	15.5	14.5	10.5	10.5	12.5	12.5	10.5	10.5
1277	8	18.5	16.5	15.5	15.5	10.5	12.5	14.5	13.5	8.5	8.5
1293	8	16.5	16.5	14.5	16.5	10.5	10.5	14.5	13.5	8.5	10.5
1296	8	16.5	17.5	14.5	14.5	11.5	11.5	13.5	12.5	8.5	9.5
1297	8	17.5	17.5	14.5	16.5	11.5	11.5	13.5	14.5	8.5	8.5
1299	8	16.5	16.5	16.5	15.5	10.5	12.5	13.5	12.5	8.5	10.5
1314	8	16.5	18.5	14.5	16.5	10.5	12.5	13.5	12.5	8.5	9.5
1316	8	18.5	17.5	14.5	15.5	10.5	10.5	14.5	12.5	8.5	10.5
1322	8	18.5	18.5	16.5	16.5	12.5	11.5	12.5	13.5	10.5	8.5
1327	8	17.5	18.5	15.5	15.5	11.5	10.5	13.5	13.5	9.5	9.5
1331	8	26.5	28.5	24.5	24.5	20.5	20.5	22.5	23.5	20.5	18.5
1339	8	16.5	16.5	16.5	16.5	11.5	11.5	14.5	12.5	9.5	9.5
1360	8	16.5	16.5	16.5	16.5	10.5	12.5	14.5	14.5	10.5	8.5
1366	8	16.5	18.5	14.5	16.5	10.5	12.5	12.5	12.5	8.5	9.5
1369	8	16.5	18.5	14.5	16.5	10.5	12.5	13.5	14.5	8.5	8.5
1377	8	18.5	18.5	16.5	14.5	12.5	11.5	12.5	12.5	9.5	8.5
1379	8	16.5	16.5	16.5	14.5	11.5	12.5	14.5	12.5	10.5	10.5
1380	8	16.5	16.5	14.5	16.5	11.5	12.5	14.5	14.5	10.5	10.5
1384	8	18.5	18.5	15.5	14.5	12.5	12.5	13.5	12.5	9.5	9.5
1397	8	17.5	16.5	14.5	16.5	10.5	10.5	13.5	12.5	10.5	9.5
1403	8	16.5	17.5	15.5	14.5	11.5	12.5	12.5	14.5	9.5	8.5
1404	8	17.5	16.5	16.5	16.5	10.5	10.5	14.5	13.5	8.5	8.5
1411	8	16.5	17.5	15.5	15.5	10.5	12.5	13.5	13.5	9.5	9.5
1412	8	17.5	16.5	16.5	15.5	10.5	10.5	14.5	14.5	8.5	8.5
1413	8	18.5	16.5	15.5	15.5	11.5	12.5	14.5	12.5	8.5	9.5
1442	8	17.5	17.5	16.5	16.5	12.5	10.5	12.5	12.5	8.5	9.5
1444	8	16.5	16.5	15.5	14.5	10.5	12.5	12.5	13.5	9.5	9.5
1445	8	26.5	26.5	24.5	26.5	20.5	21.5	23.5	24.5	18.5	19.5
1446	8	18.5	17.5	15.5	15.5	11.5	12.5	12.5	12.5	8.5	10.5
1453	8	18.5	17.5	16.5	16.5	12.5	10.5	13.5	14.5	10.5	8.5
1475	8	17.5	16.5	15.5	16.5	10.5	12.5	12.5	13.5	8.5	9.5
1476	8	17.5	17.5	15.5	15.5	11.5	10.5	12.5	12.5	9.5	9.5
1488	8	16.5	17.5	14.5	15.5	10.5	10.5	14.5	12.5	9.5	9.5
1501	8	16.5	16.5	15.5	15.5	11.5	11.5	14.5	12.5	8.5	10.5
1512	8	18.5	16.5	16.5	14.5	12.5	12.5	12.5	13.5	10.5	9.5
1538	8	17.5	17.5	15.5	15.5	11.5	11.5	14.5	12.5	10.5	9.5
1564	8	16.5	18.5	15.5	16.5	10.5	10.5	12.5	13.5	10.5	9.5
1566	8	27.5	27.5	25.5	25.5	22.5	21.5	22.5	24.5	18.5	19.5
1568	8	16.5	16.5	14.5	15.5	12.5	12.5	12.5	12.5	8.5	9.5
1574	8	47.5	47.5	44.5	44.5	42.5	42.5	43.5	43.5	38.5	40.5
1576	8	17.5	16.5	15.5	15.5	11.5	10.5	13.5	14.5	8.5	8.5
1597	8	16.5	16.5	16.5	15.5	11.5	10.5	12.5	13.5	10.5	9.5
1598	8	16.5	17.5	14.5	15.5	10.5	10.5	12.5	14.5	8.5	10.5
1605	8	17.5	18.5	14.5	15.5	10.5	11.5	14.5	14.5	10.5	9.5
1608	8	18.5	17.5	15.5	16.5	12.5	12.5	12.5	14.5	10.5	8.5
1609	8	17.5	16.5	15.5	16.5	11.5	12.5	13.5	14.5	8.5	10.5
1614	8	17.5	17.5	14.5	16.5	12.5	12.5	13.5	13.5	10.5	9.5
1665	8	18.5	16.5	14.5	16.5	10.5	10.5	12.5	13.5	9.5	10.5
1666	8	18.5	17.5	15.5	14.5	10.5	10.5	12.5	13.5	9.5	8.5
1690	8	18.5	18.5	15.5	14.5	10.5	10.5	14.5	14.5	10.5	9.5
1691	8	16.5	18.5	14.5	16.5	12.5	11.5	12.5	13.5	9.5	10.5
1709	8	18.5	18.5	16.5	16.5	11.5	10.5	12.5	12.5	8.5	8.5
1724	8	17.5	18.5	14.5	15.5	11.5	12.5	13.5	12.5	10.5	10.5
1725	8	18.5	17.5	14.5	15.5	10.5	10.5	14.5	13.5	8.5	8.5
1727	8	18.5	16.5	15.5	14.5	10.5	12.5	14.5	14.5	10.5	10.5
1740	8	27.5	26.5	24.5	25.5	22.5	21.5	24.5	24.5	19.5	19.5
1741	8	18.5	16.5	15.5	15.5	12.5	11.5	14.5	12.5	9.5	10.5
1749	8	17.5	18.5	15.5	15.5	10.5	12.5	13.5	12.5	9.5	8.5
1752	8	18.5	17.5	15.5	15.5	10.5	12.5	14.5	12.5	8.5	8.5
1753	8	47.5	46.5	44.5	46.5	42.5	42.5	42.5	43.5	39.5	38.5
1754	8	16.5	17.5	16.5	16.5	10.5	12.5	12.5	12.5	8.5	9.5
1762	8	18.5	16.5	14.5	15.5	12.5	12.5	13.5	14.5	9.5	9.5
1767	8	38.5	38.5	35.5	35.5	30.5	32.5	32.5	32.5	29.5	30.5
1770	8	16.5	17.5	16.5	14.5	12.5	10.5	13.5	14.5	8.5	10.5
1773	8	18.5	18.5	15.5	15.5	10.5	12.5	13.5	14.5	8.5	9.5
1778	8	18.5	17.5	15.5	15.5	12.5	11.5	12.5	13.5	9.5	10.5
1793	8	16.5	17.5	16.5	16.5	10.5	11.5	13.5	12.5	9.5	10.5
1795	8	17.5	17.5	14.5	14.5	12.5	10.5	14.5	14.5	9.5	10.5
1798	8	18.5	16.5	15.5	16.5	12.5	11.5	14.5	12.5	10.5	8.5
1799	8	16.5	16.5	14.5	15.5	11.5	11.5	12.5	14.5	10.5	10.5
1813	8	17.5	18.5	16.5	16.5	12.5	11.5	13.5	12.5	8.5	10.5
1820	8	17.5	16.5	14.5	16.5	10.5	11.5	12.5	12.5	10.5	9.5
1821	8	18.5	17.5	16.5	15.5	11.5	12.5	12.5	12.5	8.5	9.5
1829	8	17.5	16.5	14.5	16.5	11.5	11.5	14.5	14.5	10.5	9.5
0	1	0	0	0	0	0	0	0	0	0	0
0	2	0	0	0	0	0	0	0	0	0	0
0	3	0	0	0	0	0	0	0	0	0	0
0	4	0	0	0	0	0	0	0	0	0	0
0	5	0	0	0	0	0	0	0	0	0	0
0	6	0	0	0	0	0	0	0	0	0	0
0	7	0	0	0	0	0	0	0	0	0	0
0	8	0	0	0	0	0	0	0	0	0	0
1838	1	0	0	0	0	0	0	0	0	0	0
1838	2	0	0	0	0	0	0	0	0	0	0
1838	3	0	0	0	0	0	0	0	0	0	0
1838	4	0	0	0	0	0	0	0	0	0	0
1838	5	0	0	0	0	0	0	0	0	0	0
1838	6	0	0	0	0	0	0	0	0	0	0
1838	7	0	0	0	0	0	0	0	0	0	0
1838	8	0	0	0	0	0	0	0	0	0	0
